codigo_depto;codigo_provincia;departamento;municipio;codigo;anno;pob_total;formal_rate;vacancy_rate;ruralidad;t_crea;altura;areakm2;gandina;gcaribe;gpacifica;gorinoquia;gamazonia;pruralpet;pmujerpet;pdependiente;salario_bas;pregimen_subsidiado;regimen_subsidiado;promleccri;prommatema;promglobal;vab;va_actividad_primaria;va_actividad_secundaria;va_actividad_terciaria;vabpc;pprimary;psecondary;pterciary;distancia_mercado;disbogota;dismdo;pgroup1;pgroup2;pgroup3;pgroup4;pgroup5;pgroup6;num_obser_freq;num_obser_freq_adj;informales_freq;informales_freq_adj;ocupados_freq;ocupados_freq_adj;informalidad;informalidad_adj;informalidad_adj_var;fharcsin_est;Low;Up;fh_benchmark;MERF_resultados;lisa_clusters;lisa_clusters_nombres
5;595;Antioquia;Medellín;5001;2011;2213549;37.41865439;;2.097943167;336;1475.0;387;1;0;0;0;0;2.907653553;53.56018866;58.56818667;534250.0;26.26506122;581390.0;47.75242422;46.39893031;223.5514565;34442.53336;33.93699903;10272.12463;24136.47173;1.55598694;0.098532238;29.82395204;70.07751572;0.0;264.3390198;0.0;19.29595148;42.15145252;15.24192614;17.28159279;44.1379363;18.66898564;28248.0;2438581.0;6136.0;528537.0;12867.0;1137215.0;47.68788373;46.47643585;0.002152819;46.47428691;45.87532232;47.077602;35.3178222;49.71089033;2.0;LL
5;595;Antioquia;Medellín;5001;2016;2351077;51.62266414;6.269892479;1.908912384;341;1475.0;387;1;0;0;0;0;2.692005369;53.26053223;55.18194968;688071.8333;23.87382463;561292.0;54.15738917;51.58176981;263.982067;49047.76144;141.8044222;12259.65275;36646.30426;2.086182691;0.289114973;24.99533596;74.71554907;0.0;264.3390198;0.0;19.04174981;42.95483853;16.9791907;16.77840715;43.65703564;21.52728399;27381.0;30900000.0;5302.0;497804.0;13420.0;1270162.0;39.5082;39.19217;0.00176725;39.18820895;38.61919998;39.7368142;30.3197533;43.15084066;2.0;LL
5;595;Antioquia;Medellín;5001;2021;2549008;53.81969182;10.11679838;1.661509105;346;1475.0;387;1;0;0;0;0;2.353253337;53.15467348;53.84156739;923531.6667;26.01623847;663156.0;53.83400345;49.80200577;250.3500519;66432.27775;118.6503732;13326.30262;52987.32475;2.606201226;0.1786035;20.05998149;79.76141501;0.0;264.3390198;0.0;17.15745573;44.50617839;19.08345497;15.06885169;43.76086234;24.60880732;25697.0;32600000.0;4833.0;5843226.0;11990.0;14460403.0;40.30859;40.40846;0.002201843;40.39747771;39.78624553;40.9682319;40.3358218;41.92754479;2.0;LL
5;562;Antioquia;Abejorral;5002;2011;21619;14.79447091;;65.86336093;197;2275.0;497;1;0;0;0;0;72.45326564;40.13847219;80.54766587;534116.6667;68.89772885;14895.0;47.66300613;46.37226994;224.3374233;127.1750111;26.65071054;13.29400275;87.23029779;0.588255752;20.95593334;10.45331362;68.59075305;16.08308411;209.0054474;58.20087433;16.31665449;37.22607743;19.27501826;15.67451017;38.72691478;19.12440236;349.0;62051.0;120.0;21684.0;129.0;23279.0;93.02325581;93.14833111;0.050100288;92.479869;89.80156609;94.8933159;70.2794553;87.05307688;4.0;HL
5;562;Antioquia;Abejorral;5002;2016;20534;11.18957177;0.16557904;63.29015292;202;2275.0;497;1;0;0;0;0;69.51432482;39.41095955;70.86107412;685696.2917;63.47521184;13034.0;53.29936306;49.96178344;258.8980892;202.3116906;68.42852934;17.59015458;116.2930067;0.985252219;33.82331942;8.694581382;57.48209919;16.08308411;209.0054474;58.20087433;16.66980245;38.23142051;22.57761054;15.26655897;38.5904685;23.22294023;284.0;730208.0;114.0;41478.0;122.0;44423.0;93.44262;93.37055;0.062200846;92.11615631;88.79242668;94.9873014;71.2698848;84.76996914;4.0;HL
5;562;Antioquia;Abejorral;5002;2021;20924;16.52886637;0.200726439;59.3815714;207;2275.0;497;1;0;0;0;0;66.04580574;39.46835909;69.12970894;905965.75;57.68495508;12070.0;51.7702713;48.83333206;241.2973022;314.197629;142.7544582;20.02273525;151.4204355;1.501613597;45.43460708;6.372656379;48.19273654;16.08308411;209.0054474;58.20087433;15.02524094;38.97200551;25.56218449;13.61052946;38.4784126;27.21108785;278.0;836007.0;85.0;233871.0;114.0;404607.0;74.5614;57.80201;0.322271488;59.07702986;53.57493483;64.4982071;58.9868646;62.13462941;2.0;LL
5;560;Antioquia;Abriaquí;5004;2011;2672;4.572105788;;72.64221557;99;1900.0;293;1;0;0;0;0;78.38936092;37.75397119;80.9299588;659513.4167;54.97754491;1469.0;42.25;39.66666667;201.1666667;17.54916768;4.412122743;2.217841332;10.9192036;0.656780227;25.14149288;12.63787191;62.22063521;49.62902832;326.9407959;63.85463333;17.60916249;37.58052971;17.68074445;16.0;38.90196078;16.78431373;;;;;;;;;;82.86349068;81.01731638;84.4481717;62.9715531;89.09102754;0.0;
5;560;Antioquia;Abriaquí;5004;2016;2629;9.10041841;0.190186383;70.21681248;104;1900.0;293;1;0;0;0;0;76.94556083;36.90171721;76.10099824;685780.4167;51.84480791;1363.0;51.42857143;48.0;245.3214286;20.17169688;4.228660775;1.815663081;14.12737303;0.767276412;20.96333689;9.001042853;70.03562025;49.62902832;326.9407959;63.85463333;18.3427762;36.40226629;20.4674221;15.61216105;40.50944947;19.55628595;;;;;;;;;;76.76272826;74.87152815;78.6130611;59.3910017;70.80487635;0.0;
5;560;Antioquia;Abriaquí;5004;2021;2777;18.38014644;0.720201656;67.44688513;109;1900.0;293;1;0;0;0;0;74.52667814;36.59208262;74.33333333;905965.75;49.6939143;1380.0;50.04761887;44.80952454;220.4285736;38.47549423;14.2521328;2.482270679;21.74109075;1.385505734;37.04210455;6.451562816;56.50633263;49.62902832;326.9407959;63.85463333;16.88829787;37.16755319;23.13829787;13.66849961;40.92694423;22.4666143;;;;;;;;;;70.44103856;68.22545335;72.5468224;70.3335292;70.1680749;0.0;
5;562;Antioquia;Alejandría;5021;2011;4678;3.945774548;;50.85506627;104;1750.0;151;1;0;0;0;0;56.97914279;43.54801742;84.25008541;535383.3333;59.89739205;2802.0;45.29844444;41.92355556;210.3555556;89.98267763;59.23039227;8.763835693;21.98844967;1.923528808;65.8242162;9.739469778;24.43631402;15.52927589;241.826004;61.11421585;18.36998706;35.4894351;17.20569211;16.99872827;37.85502331;18.18567189;;;;;;;;;;81.60732226;79.42109272;83.2099692;62.0169364;84.25565381;0.0;
5;562;Antioquia;Alejandría;5021;2016;4620;8.832972583;0.12987013;48.18181818;109;1750.0;151;1;0;0;0;0;55.1612155;42.89028068;82.47671611;685791.6667;63.48484848;2933.0;51.67857143;49.57142857;253.1785714;46.56046634;7.480471715;4.250006333;34.82998829;1.007802302;16.06614431;9.12792905;74.80592663;15.52927589;241.826004;61.11421585;16.37931034;36.20689655;20.04310345;14.60869565;38.13043478;21.43478261;;;;;;;;;;76.41406251;74.51063397;78.2704194;59.1212405;76.32214664;0.0;
5;562;Antioquia;Alejandría;5021;2021;4845;8.672170623;0.474716202;42.7244582;114;1750.0;151;1;0;0;0;0;49.92332968;43.83351588;78.98527005;905982.1667;60.24767802;2919.0;48.59459305;46.56756592;232.1081085;67.95433267;12.24806762;4.684220488;51.02204456;1.402566206;18.02396866;6.893188858;75.08284249;15.52927589;241.826004;61.11421585;14.44582814;37.52594438;23.45371523;12.93103448;38.34154351;25.61576355;;;;;;;;;;73.25284654;71.07108891;75.4134597;73.1410457;73.16433276;0.0;
5;585;Antioquia;Amagá;5030;2011;28354;9.588006395;;54.29216336;99;1400.0;85;1;0;0;0;0;62.75295035;42.05975121;70.82057239;533883.3333;37.77597517;10711.0;44.51162162;43.75273273;209.6066066;216.9485236;21.87170137;46.64699086;148.4298314;0.765142568;10.08151658;21.50140968;68.41707374;24.32169533;247.8562775;29.87885666;17.85255953;39.68344503;15.85626693;17.07844779;42.22501396;16.15019542;;;;;;;;;;70.86350699;68.83242582;72.8822429;53.8522461;68.5277373;2.0;LL
5;585;Antioquia;Amagá;5030;2016;29394;12.74721599;0.96958563;53.28978703;104;1400.0;85;1;0;0;0;0;62.1836326;41.96894593;59.91326804;685696.25;31.54385249;9272.0;51.81494662;47.48398577;248.8007117;358.0895408;56.14430079;95.59969887;206.3455412;1.218240256;15.67884408;26.69714917;57.62400675;24.32169533;247.8562775;29.87885666;17.87543253;41.01730104;19.03806228;16.56183084;43.02061028;19.92773019;;;;;;;;;;61.21884853;58.61530575;63.492442;47.364767;59.4359638;2.0;LL
5;585;Antioquia;Amagá;5030;2021;31548;19.40587887;2.944719158;49.89539749;109;1400.0;85;1;0;0;0;0;59.07124139;42.28167469;57.91021812;905965.75;29.2094586;9215.0;49.78189468;46.61317062;230.4567871;635.9258576;43.4813357;293.7820844;298.6624375;2.015740641;6.837485091;46.19753716;46.96497775;24.32169533;247.8562775;29.87885666;16.10382902;42.3581068;21.34047911;14.91189839;43.30365482;22.89396675;;;;;;;;;;51.18659972;48.85236875;53.4550128;51.1084771;55.44117699;2.0;LL
5;556;Antioquia;Amalfi;5031;2011;24156;5.137094994;;46.74615002;168;1500.0;1224;1;0;0;0;0;53.52673759;43.57688522;88.59923995;533883.3333;62.70077827;15146.0;43.24901186;41.40316206;207.7312253;444.9915244;33.18756371;38.79205959;373.0119011;1.842157329;7.458021532;8.717482798;83.82449567;39.87382889;299.7282104;105.130867;18.62817666;35.43876964;14.06365655;18.56297408;37.46770026;12.7531883;219.0;83298.0;80.0;30263.0;89.0;33615.0;89.88764045;90.02826119;0.108925684;89.30426291;84.80790515;93.0318611;67.8661747;87.27727832;0.0;
5;556;Antioquia;Amalfi;5031;2016;25194;7.657907968;0.107168373;44.82019528;173;1500.0;1224;1;0;0;0;0;52.17204854;43.58677473;76.21769535;685696.25;63.39207748;15971.0;48.97796143;46.74931129;236.8870523;663.8822804;83.86725289;52.77962654;527.2354009;2.635080894;12.63285004;7.950148407;79.41700156;39.87382889;299.7282104;105.130867;19.22316272;36.80879677;16.01930227;18.66486099;39.50450092;15.0322632;195.0;974709.0;56.0;29023.0;76.0;37820.0;73.68421;76.73982;0.253028516;76.52656667;70.6993917;81.5582968;59.2082845;76.47921209;0.0;
5;556;Antioquia;Amalfi;5031;2021;27155;9.872337814;0.799116185;41.25943657;178;1500.0;1224;1;0;0;0;0;48.67921544;43.94969946;73.11569045;905965.75;63.92561223;17359.0;50.31229401;47.8803978;235.4784088;973.8570673;78.93194092;58.6669966;836.2581298;3.586290065;8.105084778;6.024189645;85.87072558;39.87382889;299.7282104;105.130867;17.39386359;38.59171511;18.12964462;16.86080802;40.57800059;17.62017104;193.0;1041299.0;55.0;356277.0;74.0;495229.0;74.32433;71.94187;0.342208031;72.20954318;65.8638143;78.1155564;72.0993347;72.35107324;0.0;
5;585;Antioquia;Andes;5034;2011;42173;5.881922873;;55.45016954;158;1350.0;449;1;0;0;0;0;62.39238896;40.64273136;74.90524492;533883.3333;69.30737676;29229.0;46.42812741;45.37391892;216.1447876;349.4210986;77.76845069;45.64461254;226.0080353;0.828542192;22.25636947;13.062924;64.68070654;44.38963699;239.1982574;76.31037903;18.1121864;38.88455717;15.95193322;16.81885125;40.48109966;16.38193422;211.0;82134.0;95.0;37610.0;103.0;40410.0;92.23300971;93.07102202;0.058560149;92.28675285;88.60688328;95.1620778;70.1326979;88.23242839;0.0;
5;585;Antioquia;Andes;5034;2016;42683;7.090059274;0.705198791;53.81299346;163;1350.0;449;1;0;0;0;0;60.79666534;40.56623656;67.33999722;685696.25;68.03645479;29040.0;52.34518828;49.42887029;252.8033473;659.229583;144.017961;206.5512135;308.6604085;1.54447809;21.84640445;31.33221246;46.82138309;44.38963699;239.1982574;76.31037903;18.38235294;39.4426289;18.64560639;16.60452278;40.42903491;20.10072151;211.0;1061287.0;90.0;38895.0;110.0;46842.0;81.81818;83.03445;0.165250793;82.48641926;77.52721398;86.6673727;63.8193975;77.95713367;0.0;
5;585;Antioquia;Andes;5034;2021;44983;8.097318246;0.58688838;50.10559545;168;1350.0;449;1;0;0;0;0;57.40364664;40.62955278;64.73151394;905965.75;62.44803592;28091.0;51.97715759;48.86294556;244.0152283;710.8239677;173.8573749;146.1211407;390.8454521;1.580205784;24.45856961;20.55658606;54.98484433;44.38963699;239.1982574;76.31037903;16.81894222;40.74979625;21.06549994;14.96538994;40.78449469;23.32256576;162.0;845876.0;63.0;474712.0;75.0;552069.0;84.0;85.9878;0.179939088;84.60958711;79.69102371;89.0285036;84.4804533;82.06221439;0.0;
5;585;Antioquia;Angelópolis;5036;2011;5801;5.87255071;;65.48870884;115;1950.0;87;1;0;0;0;0;72.08750212;40.44429371;78.45823261;533883.3333;60.42061713;3505.0;45.14666667;39.92;206.6933333;45.36683012;6.308587306;5.277510274;33.78073255;0.78205189;13.90572647;11.63297118;74.46130235;19.25767708;257.5822449;19.25767708;16.65519615;36.1321404;20.02752925;16.13126079;39.5164076;18.58376511;;;;;;;;;;81.37258301;79.61504174;83.1869179;61.8385479;85.21705214;2.0;LL
5;585;Antioquia;Angelópolis;5036;2016;5781;8.519287321;0.328662861;63.55301851;120;1950.0;87;1;0;0;0;0;71.18588697;40.26461941;68.56403622;685696.25;46.7566165;2703.0;51.40909091;48.09090909;247.0757576;67.22802434;24.62292497;5.955113526;36.64998584;1.162913412;36.62598331;8.858082004;54.51593468;19.25767708;257.5822449;19.25767708;16.55720705;38.71413757;21.11994469;17.03601108;39.61218837;21.36426593;;;;;;;;;;72.55934205;70.69570044;74.5831406;56.1388594;66.58832591;2.0;LL
5;585;Antioquia;Angelópolis;5036;2021;5963;9.173234949;0.654033205;58.46050646;125;1950.0;87;1;0;0;0;0;66.76684593;40.57260361;66.59164791;905965.75;42.96495053;2562.0;40.72727203;43.0;203.2727203;72.231095;13.05712961;4.766419567;54.40754582;1.211321399;18.07688172;6.598847168;75.32427111;19.25767708;257.5822449;19.25767708;14.90496832;39.54651551;23.74124708;15.45209177;39.64237517;25.06747638;;;;;;;;;;68.63402739;66.56184623;70.799808;68.529276;65.45942597;2.0;LL
5;558;Antioquia;Angostura;5038;2011;11788;2.128577084;;78.60536138;190;1675.0;392;1;0;0;0;0;82.9170914;39.55997282;90.41265475;533883.3333;83.05904309;9791.0;41.65534653;41.21554455;202.980198;263.862945;116.8425422;76.32260034;70.69780248;2.238402995;44.28152737;28.92509228;26.79338036;19.58009148;301.7247314;72.68952942;19.28198213;34.23226024;13.9726951;18.12126388;37.14773698;14.2442357;;;;;;;;;;85.67417246;84.17271638;87.0519717;65.1075119;87.5091921;0.0;
5;558;Antioquia;Angostura;5038;2016;11486;3.440420222;0.034825004;77.27668466;195;1675.0;392;1;0;0;0;0;82.12476119;39.08131905;77.6956171;832028.2083;76.7891346;8820.0;46.91666667;44.12121212;223.6363636;123.1807671;32.75257351;17.92965591;72.49853766;1.072442688;26.58903195;14.55556443;58.85540363;19.58009148;301.7247314;72.68952942;18.76299376;36.98891199;16.18156618;17.93839692;38.1519076;17.51837592;;;;;;;;;;84.0300949;82.27538243;85.6897801;65.0137329;85.97231217;0.0;
5;558;Antioquia;Angostura;5038;2021;11783;4.197431328;0.110328439;74.93847068;200;1675.0;392;1;0;0;0;0;80.19215372;38.87910328;74.94459653;967291.4167;72.27361453;8516.0;44.82666779;42.79999924;210.9466705;144.7937596;26.27851831;21.34149355;97.17374771;1.228836116;18.14893017;14.73923574;67.1118341;19.58009148;301.7247314;72.68952942;16.93290735;38.50681016;18.71531865;16.27827279;38.48526388;20.63056888;;;;;;;;;;80.7050278;78.8995102;82.5584802;80.5818532;83.85754983;0.0;
5;556;Antioquia;Anorí;5040;2011;16908;2.777777778;;61.36740005;190;1550.0;1447;1;0;0;0;0;68.99178982;40.20361248;94.64025634;533883.3333;73.0896617;12358.0;42.71586538;41.02826923;202.3846154;82.35975755;19.51377617;6.281099098;56.56488228;0.487105261;23.69333854;7.626417664;68.6802438;41.32650375;329.5636597;117.6096878;19.58010041;35.32633501;11.37608398;20.0024558;35.37573674;10.60903733;;;;;;;;;;87.41106067;85.79071077;88.9057955;66.4274484;87.03954943;0.0;
5;556;Antioquia;Anorí;5040;2016;17723;3.716451316;0.09027817;59.19426734;195;1550.0;1447;1;0;0;0;0;66.20048056;40.06530713;85.45845272;784333.3333;76.30762286;13524.0;45.42222222;40.94444444;217.2833333;199.5680922;82.97903861;10.9924895;105.5965641;1.12604013;41.57931146;5.508139791;52.91254875;41.32650375;329.5636597;117.6096878;19.59334566;37.33826248;12.46058497;19.27046681;37.20384706;11.27140511;;;;;;;;;;84.65586082;83.11937549;86.191853;65.4978854;85.18258417;0.0;
5;556;Antioquia;Anorí;5040;2021;19192;5.356832708;0.349103793;54.86661109;200;1550.0;1447;1;0;0;0;0;62.29749632;39.91163476;81.79738562;973743.25;76.92788662;14764.0;44.16818237;40.22272873;202.4363708;226.2333889;64.03079837;11.1029308;151.0996598;1.178790063;28.30298334;4.907733051;66.78928361;41.32650375;329.5636597;117.6096878;17.75812382;39.45145583;14.04153831;17.73469164;38.71179757;13.09015226;;;;;;;;;;83.16940337;81.36836482;84.9722367;83.0424676;82.69481457;0.0;
5;560;Antioquia;Santafé de Antioquia;5042;2011;24522;11.85534078;;40.65736889;470;570.0;499;1;0;0;0;0;47.62787753;44.29921758;83.06519351;534478.4583;65.55745861;16076.0;42.25411192;40.65849148;204.2311436;179.7407986;16.64234585;21.25285977;141.845593;0.732977728;9.259080845;11.82417121;78.91674794;42.07378006;306.2447205;42.07378006;18.77600979;36.95634435;15.15299878;17.77940817;37.64571615;16.75226217;;;;;;;;;;79.18944548;77.30031316;81.0726083;60.1794872;79.35535663;0.0;
5;560;Antioquia;Santafé de Antioquia;5042;2016;25462;18.70859843;1.590605608;38.25701045;475;570.0;499;1;0;0;0;0;45.48234407;44.59012273;69.58717482;735921.0833;65.8353625;16763.0;50.09961686;47.16858238;240.7279693;268.0056896;24.71569403;22.60060917;220.6893864;1.052571242;9.22207811;8.432884095;82.34503779;42.07378006;306.2447205;42.07378006;18.15810277;39.70750988;16.87747036;17.22603809;41.08648142;18.20168592;;;;;;;;;;73.71415015;71.5707131;75.8469872;57.0323296;68.2639241;0.0;
5;560;Antioquia;Santafé de Antioquia;5042;2021;27327;27.50301899;2.931166978;33.977385;480;570.0;499;1;0;0;0;0;41.09525106;45.1285442;66.52542373;944805.2083;63.17195448;17263.0;48.72779465;46.57020187;227.7478485;380.3281583;48.28413981;22.58773985;309.4562786;1.391766964;12.69538917;5.939013286;81.36559755;42.07378006;306.2447205;42.07378006;16.31687851;41.51640556;19.11764706;15.549112;41.7687568;21.1090975;;;;;;;;;;65.21179915;62.7048919;67.69049;65.1122708;69.87465543;0.0;
5;560;Antioquia;Anzá;5044;2011;6855;2.528567955;;83.34062728;198;625.0;256;1;0;0;0;0;86.63487935;38.05808409;93.68065605;533916.6667;85.41210795;5855.0;43.75;41.5;205.4038462;62.87567526;23.67356615;9.161545898;30.04056321;0.917223563;37.6513907;14.57089067;47.77771863;29.09918404;285.7002563;29.09918404;17.53339017;35.72037511;15.28843421;17.11630695;36.48081535;15.3177458;;;;;;;;;;88.35347535;86.84251436;89.8880948;67.1436301;90.69252475;0.0;
5;560;Antioquia;Anzá;5044;2016;6961;5.128573481;0.114926016;82.54561126;203;625.0;256;1;0;0;0;0;86.22379526;37.78927307;80.39919264;693972.6667;76.46889815;5323.0;50.47222222;50.02777778;250.5833333;69.64103377;24.96614808;6.488758579;38.18612712;1.000445823;35.84976661;9.317435752;54.83279763;29.09918404;285.7002563;29.09918404;17.75727069;37.75167785;16.05145414;17.6366322;39.17282127;16.04135894;;;;;;;;;;84.19760794;82.26519104;85.7964976;65.143337;83.43472385;0.0;
5;560;Antioquia;Anzá;5044;2021;7281;6.009934533;0.67298448;79.27482489;208;625.0;256;1;0;0;0;0;83.61247101;37.61917032;77.30466255;907815.5;75.60774619;5505.0;49.88709641;46.91935349;230.6451569;132.2472984;66.12355634;8.791559167;57.33218293;1.816334273;49.99992977;6.647817589;43.35225264;29.09918404;285.7002563;29.09918404;16.01489758;39.26576217;18.48895983;15.9568427;40.09085747;18.71095968;;;;;;;;;;82.85491525;81.20357427;84.7591615;82.7284595;78.09479556;0.0;
5;592;Antioquia;Apartadó;5045;2011;104703;26.29166945;;20.30791859;44;28.0;607;1;0;0;0;0;26.58755954;47.85902542;83.93425476;533983.3333;50.51144666;52887.0;43.56459627;42.48084196;207.9496204;1401.442178;443.2898388;151.6238282;806.5285112;1.338492859;31.63097599;10.81912836;57.54989565;101.4817734;472.9508972;209.2243347;20.50338106;37.01536494;9.060084091;20.64529496;39.21494764;9.219844798;478.0;180735.0;104.0;38435.0;183.0;67831.0;56.83060109;56.66288275;0.147696165;57.33993282;53.27613781;61.6055528;43.5750968;62.57131678;0.0;
5;592;Antioquia;Apartadó;5045;2016;115555;31.42767513;1.553372853;19.06624551;49;28.0;607;1;0;0;0;0;24.30926568;48.43315525;73.76560414;685696.25;40.74683051;47085.0;51.25107604;47.7338594;245.5889527;1972.44665;554.2343003;221.8434386;1196.368911;1.706933192;28.09882338;11.24711985;60.65405677;101.4817734;472.9508972;209.2243347;20.35727512;38.77475444;10.32676742;19.72199565;41.89267265;10.73103589;500.0;2596383.0;110.0;43895.0;186.0;70842.0;59.13979;61.96183;0.143093476;61.45662354;57.08353381;65.4905498;47.5487325;62.88117651;0.0;
5;592;Antioquia;Apartadó;5045;2021;128054;32.84629922;2.812094897;15.58951692;54;28.0;607;1;0;0;0;0;20.27324194;49.10494549;69.37553267;905965.75;45.35430365;58078.0;49.49372482;45.33715057;227.1903992;2957.141158;929.4687787;254.6095233;1773.062856;2.309292297;31.43132942;8.609988829;59.95868175;101.4817734;472.9508972;209.2243347;18.46442128;41.15376608;11.80832493;17.98826488;43.5510173;12.51543092;361.0;1806281.0;88.0;513339.0;162.0;888184.0;54.32099;57.79647;0.186181709;57.43642314;52.74753524;62.6488752;57.3487619;59.88336951;0.0;
5;592;Antioquia;Arboletes;5051;2011;29059;2.154524703;;68.81172786;53;6.0;718;1;0;0;0;0;74.02715619;40.56739741;105.3848422;533883.3333;85.87356757;24954.0;41.65915493;41.55492958;202.9267606;187.0051413;14.58637532;18.25716941;154.1615966;0.643536052;7.799986257;9.76292378;82.43708996;51.00708389;526.1329346;269.6743774;18.7130575;32.11311123;12.56045137;18.49551902;35.08573848;11.74229059;;;;;;;;;;91.48785823;90.1043055;92.7915858;69.5255833;90.21937689;0.0;
5;592;Antioquia;Arboletes;5051;2016;28981;4.877908515;0.231185949;67.29236396;58;6.0;718;1;0;0;0;0;72.8007082;40.98705323;97.83939919;729633.0833;88.02663814;25511.0;45.9729207;43.30367505;223.3694391;258.22751;54.47919447;22.62632093;181.1219946;0.891023464;21.09736273;8.762165164;70.1404721;51.00708389;526.1329346;269.6743774;18.31693387;32.5810225;14.82144086;16.97812846;36.80094131;14.13344408;;;;;;;;;;85.01555864;83.40827316;86.6118393;65.7761821;83.81404154;1.0;HH
5;592;Antioquia;Arboletes;5051;2021;31156;4.776233577;0.346642701;64.01335216;63;6.0;718;1;0;0;0;0;70.05647807;41.1748791;92.78525268;905982.1667;82.96957247;25850.0;45.07868195;41.53299332;208.4517822;319.4114186;62.074364;20.35989819;236.9771564;1.025200342;19.433984;6.374192344;74.19182365;51.00708389;526.1329346;269.6743774;16.64416586;34.42622951;17.01060752;15.35798987;38.04243318;16.65918851;;;;;;;;;;83.50390482;81.58754988;85.3902578;83.3764585;84.68210075;0.0;
5;562;Antioquia;Argelia;5055;2011;8662;1.682636804;;63.13784345;51;1700.0;257;1;0;0;0;0;69.3836478;40.77987421;99.39747328;533883.3333;83.61810205;7243.0;43.3844;39.5111;204.78;46.17768293;8.205934809;4.698229909;33.27351821;0.533106476;17.77034768;10.17424351;72.05540881;3.25582552;173.7912445;92.31863403;17.68539326;32.42696629;15.97752809;17.331434;35.84995252;14.64862298;;;;;;;;;;89.2225842;87.88283231;90.6345138;67.8041035;87.88756318;0.0;
5;562;Antioquia;Argelia;5055;2016;7929;3.484045907;0.088283516;58.04010594;56;1700.0;257;1;0;0;0;0;64.62893753;41.17725574;88.95241985;990857.0833;82.73426662;6560.0;48.70930233;44.6627907;234.6046512;59.66208007;13.93979195;5.217316053;40.50497207;0.75245403;23.36457584;8.744777331;67.89064683;3.25582552;173.7912445;92.31863403;18.28403813;33.61036421;17.50183329;16.80562793;37.23293382;18.49921834;;;;;;;;;;85.22641553;83.59191375;86.8982448;65.9393212;85.9849431;0.0;
5;562;Antioquia;Argelia;5055;2021;7831;4.638615758;0.076618567;51.53875623;61;1700.0;257;1;0;0;0;0;58.40075512;41.90938511;85.29774127;1019171.5;83.0800664;6506.0;47.71621704;44.83783722;222.7026978;87.95646566;29.08925312;5.673668684;53.19354386;1.123183063;33.07233061;6.450541914;60.47712747;3.25582552;173.7912445;92.31863403;16.40198511;35.43424318;20.12406948;14.91712707;37.88476717;22.17837411;;;;;;;;;;83.72338694;81.73906275;85.5170054;83.5956057;83.49844008;0.0;
5;560;Antioquia;Armenia;5059;2011;5596;5.048248749;;68.99571122;117;1500.0;111;1;0;0;0;0;75.26162292;39.66375021;79.7740113;533883.3333;57.38027162;3211.0;40.71186441;43.15254237;202.7966102;59.04378273;26.86368141;4.375163074;27.80493824;1.055106911;45.49790032;7.410031797;47.09206789;21.41473579;266.160553;21.41473579;15.0410861;36.87031083;22.43658449;14.83732571;38.46978906;21.30854487;;;;;;;;;;82.56590838;80.93460967;84.2310878;62.7454075;74.14995237;0.0;
5;560;Antioquia;Armenia;5059;2016;5212;9.284663597;2.801227936;68.09286262;122;1500.0;111;1;0;0;0;0;74.68733486;39.08754624;73.23141487;687041.6667;56.17805065;2928.0;51.91304348;49.56521739;249.4782609;55.43384409;11.80915258;4.726856389;38.89783512;1.063581045;21.30314572;8.527022556;70.16983173;21.41473579;266.160553;21.41473579;13.25115562;37.21109399;29.12172573;13.0733945;36.9648318;28.63149847;;;;;;;;;;77.81261554;75.9502955;79.7270823;60.2032951;61.26557832;0.0;
5;560;Antioquia;Armenia;5059;2021;5271;8.205274142;9.903244166;63.40352874;127;1500.0;111;1;0;0;0;0;70.66898349;39.54821894;72.63503432;905982.1667;49.85771201;2628.0;54.77777863;51.9629631;253.2592621;61.96054244;14.66080781;3.862705763;43.43702886;1.175498813;23.6615227;6.234138068;70.10433923;21.41473579;266.160553;21.41473579;11.90385349;37.35215567;32.39221671;11.35849057;36.49056604;32.67924528;;;;;;;;;;72.42717412;70.34377915;74.5759285;72.3166335;61.68626721;0.0;
5;595;Antioquia;Barbosa;5079;2011;47107;5.844849668;;58.64308914;199;1305.0;208;1;0;0;0;0;66.85889801;41.74763367;69.41741438;533883.3333;39.25955803;18494.0;45.62765957;44.56065603;213.2429078;559.7836419;28.1699109;274.7745886;256.8391424;1.188323693;5.032285474;49.08585532;45.8818592;15.50142288;259.8769531;40.01732254;18.09614387;39.92737334;15.70983918;17.28884254;42.16058394;16.42961418;201.0;18984.0;56.0;5393.0;81.0;7736.0;69.13580247;69.71302999;0.267136144;69.51144447;63.26285276;75.5100663;52.8247553;73.02170659;2.0;LL
5;595;Antioquia;Barbosa;5079;2016;50281;7.633267702;1.030210219;57.6360852;204;1305.0;208;1;0;0;0;0;65.97686013;41.02342207;58.98048586;685991.6667;33.20339691;16695.0;51.43157895;47.99824561;245.8807018;830.522301;112.5291513;370.1417194;347.8514302;1.651761701;13.54920286;44.56734262;41.88345452;15.50142288;259.8769531;40.01732254;17.4227218;42.36451224;19.30148535;16.44397146;43.17133735;20.28694178;237.0;395390.0;63.0;12984.0;119.0;19866.0;52.94118;65.35789;0.260660052;64.93748405;59.23374781;70.2441457;50.2418597;66.69346017;2.0;LL
5;595;Antioquia;Barbosa;5079;2021;54639;10.0338891;1.740515017;54.48672194;209;1305.0;208;1;0;0;0;0;63.11411759;41.23625947;57.33183446;906184.3333;33.92814656;18538.0;50.93400955;47.33164215;235.1878204;1298.155819;178.9702492;547.2334431;571.9521267;2.375877705;13.78649978;42.1546809;44.05881932;15.50142288;259.8769531;40.01732254;15.67282517;43.61839437;21.65062507;14.87900589;43.40890924;23.28319163;161.0;227827.0;42.0;129307.0;73.0;190581.0;57.53425;67.84884;0.429652119;66.65591712;60.06714683;72.9132841;66.5541848;70.79989595;2.0;LL
5;558;Antioquia;Belmira;5086;2011;5896;3.834520579;;73.72795115;197;2550.0;279;1;0;0;0;0;79.6847939;38.74263942;89.6760022;533883.3333;61.29579376;3614.0;44.75573529;45.61102941;216.7794118;35.19368276;3.620491763;3.538569072;28.03462192;0.596907781;10.2873342;10.05455751;79.65810829;38.48391342;294.3045349;38.48391342;17.96900758;37.35575338;13.28717441;17.18477122;38.0020957;13.09814879;;;;;;;;;;83.23355293;81.25906457;84.8696085;63.2527795;87.48805648;2.0;LL
5;558;Antioquia;Belmira;5086;2016;5938;6.455596722;0.134725497;73.44223644;202;2550.0;279;1;0;0;0;0;79.1571754;39.06605923;75.7404069;711528.4167;50.15156618;2978.0;48.07070707;44.82828283;232.8383838;65.26368832;16.14673353;5.65969474;43.45726005;1.099085354;24.74076158;8.672042427;66.58719599;38.48391342;294.3045349;38.48391342;19.54636424;37.99199466;14.94329553;18.43537415;39.42176871;14.52380952;;;;;;;;;;74.23124689;72.17069256;76.1360079;57.4324052;73.55955226;2.0;LL
5;558;Antioquia;Belmira;5086;2021;6235;9.578989575;0.465116279;70.44105854;207;2550.0;279;1;0;0;0;0;76.66666667;39.12442396;72.82688093;917724.5833;43.67281476;2723.0;49.13793182;45.52586365;227.3879242;82.85707033;18.33200067;5.248283406;59.27678625;1.328902491;22.12484776;6.33414069;71.54101155;38.48391342;294.3045349;38.48391342;17.68815497;39.56811686;17.11654493;16.75307842;40.40829553;16.97990927;;;;;;;;;;69.45212136;67.39467738;71.6937007;69.3461214;68.38044325;2.0;LL
5;595;Antioquia;Bello;5088;2011;454478;5.218092698;;4.972077856;98;1447.0;151;1;0;0;0;0;6.450128283;51.8758431;61.71800996;533883.3333;21.08528906;95828.0;46.73005553;44.96551405;218.4430422;3174.436925;7.799841874;968.1549258;2198.482157;0.698479778;0.245707886;30.49847733;69.25581479;11.40789604;267.4157715;11.40789604;20.17565237;42.11472583;12.34394758;18.29470513;43.93446496;15.16225533;4776.0;395796.0;1011.0;84327.0;2168.0;182908.0;46.63284133;46.10350559;0.011826952;46.18283275;44.85998036;47.4357979;35.0963335;49.7110001;2.0;LL
5;595;Antioquia;Bello;5088;2016;499621;7.600327715;0.590247408;5.081651892;103;1447.0;151;1;0;0;0;0;6.59727433;51.5288512;55.18011557;685696.25;17.74905378;88678.0;53.59033253;50.57679122;258.8690435;4844.53817;29.11252139;1074.12698;3741.298668;0.969642623;0.600934916;22.17191696;77.22714812;11.40789604;267.4157715;11.40789604;19.20661542;44.16343789;14.33702198;17.69378485;44.39294501;18.09674011;4360.0;4786899.0;843.0;78287.0;2111.0;194362.0;39.93368;40.27896;0.010883681;40.37299883;38.98590606;41.8533823;31.2364203;44.09508008;2.0;LL
5;595;Antioquia;Bello;5088;2021;552073;9.345291897;0.96635771;2.772640575;108;1447.0;151;1;0;0;0;0;3.652620184;51.79782181;52.60109243;905965.75;17.91592778;98909.0;54.46734619;50.48431396;253.441803;6852.791994;39.86339564;1205.182186;5607.746412;1.24128367;0.581710282;17.58673235;81.83155737;11.40789604;267.4157715;11.40789604;17.32357774;46.2053563;16.17268308;15.96715902;45.0025515;20.89680049;4477.0;5593955.0;794.0;1177123.0;2048.0;3052832.0;38.76953;38.5584;0.012104615;38.62446479;37.16365882;39.9631868;38.5655149;41.95479145;2.0;LL
5;585;Antioquia;Betania;5091;2011;10902;2.169326729;;66.51073198;91;1500.0;170;1;0;0;0;0;72.73843248;38.27195467;79.99144324;533883.3333;70.62006971;7699.0;42.98128571;42.15142857;203.6;126.6120805;61.87152455;12.33776893;52.40278701;1.161365626;48.86699935;9.744543243;41.38845741;47.13600159;248.967926;72.28752899;16.72413793;38.56896552;16.84482759;17.64014112;38.31830655;14.71971776;;;;;;;;;;87.70736687;86.10898264;89.2335082;66.6526243;89.80053157;0.0;
5;585;Antioquia;Betania;5091;2016;10484;4.310536691;0.095383441;65.36627242;96;1500.0;170;1;0;0;0;0;71.78100389;39.15931303;76.24504187;685769.1667;63.47768027;6655.0;51.22666667;47.30666667;246.4;148.8349622;64.48619253;13.00511672;71.34365296;1.41963909;43.32731475;8.737944716;47.93474053;47.13600159;248.967926;72.28752899;17.64921947;36.89623508;19.54086318;18.0194483;37.6463584;17.54316333;;;;;;;;;;81.11787368;79.11066675;82.7954523;62.7605595;82.558029;0.0;
5;585;Antioquia;Betania;5091;2021;10608;5.570481398;0.047134238;62.36802413;101;1500.0;170;1;0;0;0;0;69.20581966;39.31053656;73.61874458;905982.1667;58.99321267;6258.0;48.2857132;44.02597427;222.7272797;232.5899467;125.5994077;14.91584923;92.07468982;2.192589996;54.00035963;6.412938065;39.58670231;47.13600159;248.967926;72.28752899;15.88138985;38.00254684;22.37584137;16.25904911;38.3682254;20.54392487;;;;;;;;;;77.12641852;74.9017734;79.0881515;77.0087057;79.72456637;0.0;
5;585;Antioquia;Betulia;5093;2011;15526;2.676692859;;73.79234832;127;1600.0;255;1;0;0;0;0;79.38212676;38.80933439;90.53785901;533883.3333;89.82352183;13946.0;41.043125;38.61293269;200.8269231;170.0806906;83.45772337;13.91361608;72.70935112;1.095457237;49.0694876;8.180597122;42.74991528;33.65726852;279.1228027;33.65726852;18.14531309;35.9643619;13.70309951;17.63927484;37.47518857;13.03427286;224.0;77904.0;84.0;29484.0;92.0;31706.0;91.30434783;92.99186274;0.065681559;92.70188417;89.27366834;95.8371076;70.4481742;89.82320215;0.0;
5;585;Antioquia;Betulia;5093;2016;15445;6.004100572;0.129491745;72.83910651;132;1600.0;255;1;0;0;0;0;78.15893701;39.10821515;79.44902473;685696.25;90.00971188;13902.0;47.53233831;42.68159204;225.9154229;194.5830569;83.15866155;16.74742561;94.67696974;1.259844978;42.73684609;8.606826247;48.65632766;33.65726852;279.1228027;33.65726852;18.43809524;37.3968254;15.55555556;18.15059445;38.30911493;15.68031704;198.0;940105.0;74.0;27477.0;83.0;30864.0;89.15662;89.02605;0.125530467;88.85696754;84.88663929;92.7854587;68.7482641;86.09429105;0.0;
5;585;Antioquia;Betulia;5093;2021;16178;4.867721597;0.179255779;69.65014217;137;1600.0;255;1;0;0;0;0;75.53127264;39.17531997;75.70750237;906767.5833;86.06131784;13923.0;46.52941132;42.77647018;215.5823517;292.6744102;142.8701532;18.2636367;131.5406203;1.809088949;48.81538948;6.240257455;44.94435307;33.65726852;279.1228027;33.65726852;16.69291339;39.10357359;17.74682011;16.4710337;39.27805124;18.40212041;165.0;801828.0;72.0;518938.0;83.0;625510.0;86.74699;82.96238;0.166038377;83.3461952;77.63099961;87.9163064;83.2189896;85.90731817;0.0;
5;585;Antioquia;Ciudad Bolívar;5101;2011;26554;6.827596596;;43.07072381;142;1180.0;285;1;0;0;0;0;50.24200164;43.90484003;77.92449538;533883.3333;73.39007306;19488.0;45.18178988;44.9759144;216.770428;261.0473084;81.00915918;29.47355169;150.5645975;0.983080923;31.03236715;11.29050205;57.6771308;44.84178543;256.4770508;61.59268188;17.15468574;38.59239744;15.80730147;16.85884392;39.72416912;16.51217123;;;;;;;;;;83.87041744;82.33722917;85.500823;63.7367604;84.00088397;0.0;
5;585;Antioquia;Ciudad Bolívar;5101;2016;25996;9.182822998;0.527004154;41.00630866;147;1180.0;285;1;0;0;0;0;48.24210058;44.0304244;72.37165244;685696.25;72.79966149;18925.0;54.52941176;51.26470588;262.3529412;314.7042884;91.48439051;26.89736158;196.3225363;1.210587353;29.06995357;8.546868467;62.38317796;44.84178543;256.4770508;61.59268188;17.28709056;37.61849711;19.97687861;16.2890715;39.58221335;21.06597036;;;;;;;;;;79.7142825;77.85737974;81.461793;61.6746069;76.35192723;0.0;
5;585;Antioquia;Ciudad Bolívar;5101;2021;26971;11.4490255;0.559860591;37.10281413;152;1180.0;285;1;0;0;0;0;44.32034128;44.32034128;70.4649197;905965.75;69.44866709;18731.0;52.11538315;49.3286705;243.5209808;417.9456113;121.9120179;25.69709251;270.3365009;1.549611106;29.16934993;6.148429799;64.68222027;44.84178543;256.4770508;61.59268188;15.3726247;38.8064133;22.99584323;14.48996222;39.7807245;24.63886214;;;;;;;;;;75.37841378;73.23092621;77.5099791;75.2633689;74.36025438;0.0;
5;558;Antioquia;Briceño;5107;2011;8212;1.752516642;;72.44276668;31;1200.0;406;1;0;0;0;0;77.81919851;38.19731061;98.4014569;533883.3333;82.85435947;6804.0;40.94594595;36.5;194.4189189;50.46503004;12.82028015;4.397822988;33.2469269;0.614527886;25.40428518;8.714595006;65.88111981;18.24935341;337.5122986;91.76888275;20.95890411;33.15068493;11.50684932;19.62421712;34.62943633;10.28183716;;;;;;;;;;89.93898964;88.45118357;91.1595816;68.348531;92.52658687;0.0;
5;558;Antioquia;Briceño;5107;2016;8075;4.562435501;0.222910217;69.67182663;36;1200.0;406;1;0;0;0;0;75.7206499;38.83647799;89.58083832;872951.7917;72.28482972;5837.0;46.14285714;44.94642857;230.5892857;59.09851565;10.85087508;5.044345184;43.20329538;0.731870163;18.36065587;8.535485415;73.10385871;18.24935341;337.5122986;91.76888275;18.63722697;35.44634378;13.96011396;18.2241781;37.30261455;12.47734921;;;;;;;;;;82.8928994;81.16298811;84.664865;64.1338895;82.61771952;0.0;
5;558;Antioquia;Briceño;5107;2021;8311;7.962339069;0.360967393;64.2040669;41;1200.0;406;1;0;0;0;0;70.96446701;39.16243655;84.98280474;1288423.25;69.67873902;5791.0;49.45946121;47.10810852;233.5135193;116.2580256;38.65225361;5.962870223;71.64290179;1.398845213;33.24695513;5.128996636;61.62404824;18.24935341;337.5122986;91.76888275;16.88162137;37.4251497;15.79917089;16.90602167;38.69992441;14.4116906;;;;;;;;;;79.90296795;78.00259794;81.821781;79.7810175;72.94173544;0.0;
5;560;Antioquia;Buriticá;5113;2011;8811;4.713804714;;77.2557031;199;1600.0;368;1;0;0;0;0;81.40350877;37.96491228;100.3098973;635584.375;61.52536602;5421.0;41.66744681;43.53297872;211.3617021;117.247383;79.8268578;7.723272441;29.69725275;1.330693258;68.08412756;6.587159767;25.32871267;54.14728928;328.0990906;64.95449066;17.4186551;34.68546638;16.63774403;17.09116877;32.8969293;16.99595334;;;;;;;;;;84.88846954;83.11758782;86.4744815;64.5104222;87.98903774;0.0;
5;560;Antioquia;Buriticá;5113;2016;9157;7.858286921;0.294856394;76.37872666;204;1600.0;368;1;0;0;0;0;81.64728893;37.37911551;84.58580916;685696.25;62.38942885;5713.0;47.03947368;41.73684211;223.4868421;96.85741122;43.87410112;5.373949705;47.6093604;1.057741741;45.29761901;5.548310282;49.15407071;54.14728928;328.0990906;64.95449066;18.7394958;37.89915966;15.73529412;18.46713668;35.45599272;14.98749147;;;;;;;;;;81.21744221;79.41677752;82.9635114;62.8375953;75.20039619;0.0;
5;560;Antioquia;Buriticá;5113;2021;9764;10.89888024;7.322818517;73.35108562;209;1600.0;368;1;0;0;0;0;79.10613398;37.40920097;81.00340964;1106666.667;61.54240066;6009.0;48.11249924;43.23749924;222.0749969;930.6458886;854.5551075;5.801135213;70.28964591;9.531399924;91.82387393;0.623345064;7.552781007;54.14728928;328.0990906;64.95449066;16.85349066;39.92133727;17.65978368;16.69160077;36.65313101;17.58922847;;;;;;;;;;77.56168659;75.58918303;79.4204423;77.4433095;74.11940931;0.0;
5;511;Antioquia;Cáceres;5120;2011;26678;1.414086513;;82.76857336;108;114.0;1996;1;0;0;0;0;86.57236737;37.57012342;105.4234246;533883.3333;106.0349352;28288.0;42.68211921;41.89403974;202.6490066;236.7780405;38.64890238;20.05233806;178.0768;0.887540447;16.32284071;8.468833518;75.20832577;71.28510284;372.0093689;153.9622192;20.90850745;31.94038366;10.92490908;19.18609245;34.08139075;9.996048992;;;;;;;;;;94.60603802;93.58626971;95.5185443;71.8952231;90.4310107;0.0;
5;511;Antioquia;Cáceres;5120;2016;28134;2.589097415;0.113741381;81.81559679;113;114.0;1996;1;0;0;0;0;85.55079768;38.21289174;107.4735937;990458.0833;87.47778489;24611.0;48.81057269;46.33920705;237.4008811;426.4438742;182.8321941;26.55444731;217.0572328;1.515759843;42.87368284;6.226950115;50.89936705;71.28510284;372.0093689;153.9622192;19.23367438;31.37403008;12.55235872;18.11951956;34.85373222;11.03087466;147.0;416040.0;53.0;25175.0;56.0;26681.0;94.64286;94.35554;0.119242317;93.02113215;88.95447092;96.3056777;71.9700608;90.49572636;0.0;
5;511;Antioquia;Cáceres;5120;2021;30370;2.491219405;0.174514323;78.8870596;118;114.0;1996;1;0;0;0;0;83.19869639;37.98495302;102.3856191;1091438.042;75.28152782;22863.0;46.4463501;43.49785233;216.2446289;422.8384907;80.4053783;24.66643886;317.7666736;1.392290058;19.01562418;5.833536776;75.15083904;71.28510284;372.0093689;153.9622192;17.63590392;33.1795196;14.45638432;16.51546392;36.39862543;13.01718213;167.0;501661.0;57.0;163463.0;66.0;190073.0;86.36364;86.00011;0.18564529;85.71785563;80.16730359;90.2883905;85.5870303;85.71815829;0.0;
5;585;Antioquia;Caicedo;5125;2011;7956;1.845567287;;81.23428859;103;800.0;224;1;0;0;0;0;85.37206932;38.60856269;92.78816519;533883.3333;85.231272;6781.0;43.10680556;38.01902778;201.2777778;48.85307693;10.5863506;4.316563319;33.95016301;0.614040685;21.66977244;8.835806443;69.49442111;37.79528427;298.1016541;37.79528427;18.79476414;35.68782415;12.32403062;18.42846174;36.6265677;12.5671871;;;;;;;;;;88.85724811;87.42043862;90.2751873;67.5264688;91.56386286;0.0;
5;585;Antioquia;Caicedo;5125;2016;8185;2.889431888;0.158827123;80.47648137;108;800.0;224;1;0;0;0;0;84.89964581;38.99645809;82.39815527;982904.2917;80.0855223;6555.0;47.14912281;43.16666667;226.622807;79.68771036;24.29959208;6.763743928;48.62437435;0.973582289;30.49352525;8.487813111;61.01866164;37.79528427;298.1016541;37.79528427;17.82057533;38.15212092;14.13944417;18.12392848;38.69703649;14.76855253;;;;;;;;;;84.80119646;83.05336038;86.486132;65.6103309;85.64425578;0.0;
5;585;Antioquia;Caicedo;5125;2021;8640;3.909143519;;77.2337963;113;800.0;224;1;0;0;0;0;82.27750138;39.18186844;78.22957899;1110121.792;79.47916667;6867.0;45.97959137;42.57143021;213.4449005;122.1648656;45.92181339;7.606848643;68.63620361;1.413945204;37.59003306;6.22670733;56.18325961;37.79528427;298.1016541;37.79528427;16.13351878;40.07881317;16.17987946;16.34304207;40.17568192;17.15210356;;;;;;;;;;83.64669881;81.68224381;85.3617326;83.5190346;;0.0;
5;595;Antioquia;Caldas;5129;2011;71475;8.40818468;;20.25463449;163;1751.0;152;1;0;0;0;0;25.80047753;48.57964981;55.97254273;533883.3333;24.41972718;17454.0;46.51294534;45.77251012;220.2095142;678.5301049;6.186268574;235.8255242;436.5183121;0.949325086;0.911716154;34.75535168;64.33293216;22.92427826;244.5276337;24.8189621;18.14586484;43.9484704;15.61009655;17.07606439;45.49572627;17.6018551;632.0;55727.0;109.0;9588.0;301.0;26804.0;36.21262458;35.77078048;0.07839349;36.78079778;33.21023962;40.4673051;27.9513202;67.45643242;2.0;LL
5;595;Antioquia;Caldas;5129;2016;76766;12.09802083;1.475913816;20.71099185;168;1751.0;152;1;0;0;0;0;26.65344282;48.47833324;51.38849024;685696.25;19.98801553;15344.0;53.41647597;50.84897025;259.3443936;968.8899316;57.17559358;293.099153;618.615185;1.262134189;5.901144363;30.25102681;63.84782882;22.92427826;244.5276337;24.8189621;17.50414436;44.18566731;19.11568878;16.18003953;44.89479346;21.87695464;649.0;730131.0;89.0;8859.0;315.0;30980.0;28.25397;28.59587;0.060530822;29.78075789;26.82678532;33.1588725;23.0412478;59.58521647;2.0;LL
5;595;Antioquia;Caldas;5129;2021;83850;15.11776983;3.413237925;18.69528921;173;1751.0;152;1;0;0;0;0;24.30632771;48.99550187;50.09530382;905965.75;20.00596303;16775.0;54.30562973;50.49597931;252.7694397;1396.657035;105.2532987;383.6783201;907.7254161;1.665661342;7.53608768;27.47119089;64.99272143;22.92427826;244.5276337;24.8189621;15.66222845;45.40244269;21.49364301;14.47350435;44.90363148;25.08543309;472.0;579758.0;73.0;141618.0;232.0;497480.0;31.46552;28.46707;0.100454874;29.43305746;25.57832565;33.4715086;29.3881358;49.36401142;2.0;LL
5;558;Antioquia;Campamento;5134;2011;9437;1.546218784;;75.75500689;176;1725.0;202;1;0;0;0;0;79.77515458;40.08993817;106.1561011;533883.3333;70.04344601;6610.0;43.64384615;40.81769231;205.1923077;40.34988764;3.278007047;8.050177492;29.0217031;0.427571131;8.123955824;19.95092914;71.92511503;17.06253433;319.7554016;94.00106049;17.82881002;30.89770355;15.51148225;16.95717667;34.71056596;14.46094254;;;;;;;;;;84.56361342;82.896577;86.0841271;64.26355;88.55809147;0.0;
5;558;Antioquia;Campamento;5134;2016;9250;3.376576577;0.075675676;73.77297297;181;1725.0;202;1;0;0;0;0;78.71499176;39.2092257;88.10518983;868417.5;65.83783784;6090.0;52.53658537;45.82926829;243.804878;59.73989273;4.995192852;5.662051094;49.08264878;0.645836678;8.361569838;9.477839407;82.16059076;17.06253433;319.7554016;94.00106049;19.20168067;34.26470588;15.92436975;18.26280624;36.72605791;15.03340757;;;;;;;;;;80.6548233;78.66917759;82.4130669;62.4022994;80.87791362;0.0;
5;558;Antioquia;Campamento;5134;2021;9494;3.329295696;0.052664841;69.43332631;186;1725.0;202;1;0;0;0;0;74.96016148;39.42420057;84.6322168;1242479.125;66.48409522;6312.0;46.86999893;42.31000137;213.0099945;83.6166558;8.658603482;6.129010683;68.82904163;0.880731576;10.35511813;7.329892142;82.31498973;17.06253433;319.7554016;94.00106049;17.17440196;35.90267839;18.52381926;16.6847708;37.34520965;18.20551814;;;;;;;;;;79.92834104;77.93733491;81.8567705;79.8063519;84.72686014;0.0;
5;560;Antioquia;Cañasgordas;5138;2011;16364;1.784404791;;69.5306771;156;1298.0;396;1;0;0;0;0;76.51837279;39.63952529;99.70866715;533883.3333;78.4160352;12832.0;41.17548246;42.57061404;201.8684211;244.781178;169.9953546;8.95375259;65.83207084;1.495851736;69.44788646;3.657859915;26.89425362;38.02292252;341.1102295;76.85686493;17.81002639;32.77764452;17.61813385;17.80463494;33.30426115;16.58360329;;;;;;;;;;89.34093524;87.77649832;90.6478393;67.8940436;88.29609306;0.0;
5;560;Antioquia;Cañasgordas;5138;2016;15670;3.618379068;0.159540523;67.70261646;161;1298.0;396;1;0;0;0;0;74.6521929;39.69679955;80.94756023;941631.3333;73.79706445;11564.0;48.23;45.28666667;232.4766667;144.8431958;38.55350645;11.24109711;95.04859222;0.92433437;26.61740943;7.760873438;65.62171714;38.02292252;341.1102295;76.85686493;17.08306912;35.967026;20.88776157;17.52087347;36.39049454;19.64033398;;;;;;;;;;84.1805553;82.51130418;85.865363;65.1301435;84.22561153;0.0;
5;560;Antioquia;Cañasgordas;5138;2021;15959;5.42901602;1.622908704;64.36493515;166;1298.0;396;1;0;0;0;0;71.86512758;39.81166464;78.7187624;921626.8333;67.86139482;10830.0;48.79166794;44.953125;225.53125;212.9182181;59.36344019;15.27358912;138.2811888;1.334157642;27.88086464;7.173453382;64.94568198;38.02292252;341.1102295;76.85686493;15.36834246;36.99601792;23.63115978;15.82733813;36.76637637;22.87012495;;;;;;;;;;79.42619049;77.64082793;81.5532344;79.3049677;79.25350046;0.0;
5;546;Antioquia;Caracolí;5142;2011;4935;5.832489024;;43.12056738;48;650.0;263;1;0;0;0;0;50.76789963;43.52152282;81.28015439;533883.3333;64.62006079;3189.0;44.54358209;39.3858209;203.7164179;35.7958325;2.93696831;4.575138245;28.28372594;0.72534615;8.204777219;12.78120364;79.01401914;35.43021393;224.6621704;99.32292175;16.88154714;35.01208703;21.67606769;15.32816959;38.4427232;21.03546678;42.0;17852.0;22.0;9264.0;23.0;9626.0;95.65217391;96.23935176;0.143785449;92.26041193;85.74168806;97.558058;70.1126803;91.38822889;0.0;
5;546;Antioquia;Caracolí;5142;2016;4736;5.065807995;0.190033784;41.32179054;53;650.0;263;1;0;0;0;0;48.84864744;43.14777554;75.16425756;689455.0;61.16976351;2897.0;50.36206897;45.32758621;239.7931034;53.99071012;14.34204701;4.262609213;35.3860539;1.140006548;26.56391623;7.895078993;65.54100477;35.43021393;224.6621704;99.32292175;15.41353383;37.55221387;23.60066834;14.43210931;37.66011956;24.67976089;38.0;117526.0;13.0;6149.0;13.0;6149.0;100.0;100.0;;78.3565546;76.5149974;80.1887122;60.6241385;75.78649836;0.0;
5;546;Antioquia;Caracolí;5142;2021;4715;6.330858961;0.254506893;37.37009544;58;650.0;263;1;0;0;0;0;44.81836416;43.7931803;75.14180848;908529.0833;63.54188759;2996.0;49.79310226;47.37931061;230.7586212;62.24073579;10.7993988;4.122977351;47.31835964;1.320058023;17.35101404;6.624242625;76.02474334;35.43021393;224.6621704;99.32292175;13.84550443;37.82186577;27.0156184;12.65984655;36.91389599;29.41176471;40.0;153028.0;16.0;364525.0;19.0;426529.0;84.21053;85.46312;0.603237282;81.88939678;72.6799692;90.2920967;81.7644146;82.417017;0.0;
5;585;Antioquia;Caramanta;5145;2011;5410;4.470117067;;56.30314233;169;2117.0;87;1;0;0;0;0;63.19212189;41.69453735;72.19266312;533883.3333;69.16820702;3742.0;44.0;42.56666667;210.1666667;77.45367689;38.0552884;8.303016545;31.09537194;1.431676098;49.13296557;10.71997725;40.14705717;33.45054245;203.3884735;81.27326202;16.08058608;37.72893773;20.80586081;15.37313433;41.30597015;20.07462687;;;;;;;;;;85.19707478;83.44951821;86.7511349;64.7449447;83.92795598;4.0;HL
5;585;Antioquia;Caramanta;5145;2016;4952;5.593699515;0.161550889;54.24071082;174;2117.0;87;1;0;0;0;0;61.03434662;41.96604816;65.51724138;698466.6667;73.20274637;3625.0;48.42307692;44.28846154;234.6730769;61.21708233;18.75753316;5.54375961;36.91578956;1.236209255;30.64101137;9.055903025;60.3030856;33.45054245;203.3884735;81.27326202;14.98989899;39.11111111;24.48484848;14.17036738;40.81550262;24.62656439;;;;;;;;;;82.01229461;80.16003685;83.7682474;63.4525692;81.77996174;0.0;
5;585;Antioquia;Caramanta;5145;2021;4804;6.197960033;0.12489592;51.14487927;179;2117.0;87;1;0;0;0;0;58.20383451;42.58324924;64.68759714;951421.0;72.5020816;3483.0;48.74626923;46.52238846;229.7612;77.82507165;26.25429792;5.345984101;46.22478963;1.620005655;33.73501285;6.869231197;59.39575595;33.45054245;203.3884735;81.27326202;13.26059589;39.78178766;27.61225346;12.55679471;40.47914085;28.74845105;;;;;;;;;;79.14110766;76.9954301;81.0744178;79.02032;77.62924668;0.0;
5;592;Antioquia;Carepa;5147;2011;40473;5.373129411;;34.13386702;28;34.0;384;1;0;0;0;0;41.02029091;44.66721098;90.57442082;533883.3333;58.72309935;23767.0;44.27508475;44.01823729;210.6779661;738.1873156;441.0038335;60.58251022;236.600972;1.823900664;59.74145371;8.206929181;32.05161711;94.29507446;468.3027344;204.0991821;22.00262863;35.19933797;8.192571679;21.16407426;36.92925238;7.50125439;;;;;;;;;;82.72619948;81.03619099;84.2712738;62.8672196;80.38206483;2.0;LL
5;592;Antioquia;Carepa;5147;2016;45489;8.916441337;0.323155048;31.82967311;33;34.0;384;1;0;0;0;0;38.61388709;45.8247891;81.08649861;685696.25;50.99254765;23196.0;51.95991561;49.7742616;249.9662447;1149.389129;705.290508;98.63447569;345.4641452;2.526740814;61.36220452;8.581469341;30.05632614;94.29507446;468.3027344;204.0991821;21.96983063;36.07092449;9.677134792;20.17355481;39.87377832;9.435946882;;;;;;;;;;68.01780471;65.76146993;70.3279957;52.625091;68.15166474;0.0;
5;592;Antioquia;Carepa;5147;2021;50885;9.949395696;0.601355999;26.64832465;38;34.0;384;1;0;0;0;0;32.96818066;46.54071994;75.88498212;905965.75;54.69195244;27830.0;50.17034149;47.06011963;231.9278564;1395.179106;809.2115076;87.50734353;498.4602552;2.74182786;58.00054659;6.272122564;35.72733084;94.29507446;468.3027344;204.0991821;19.91059419;38.71746182;11.12429781;18.40121842;41.91822549;11.02432928;;;;;;;;;;69.30293074;67.0190617;71.4236587;69.1971584;73.18755926;0.0;
5;562;Antioquia;El Carmen de Viboral;5148;2011;53063;7.729962497;;44.48862673;197;2150.0;453;1;0;0;0;0;52.71745699;43.81773498;72.85256501;533883.3333;27.43154364;14556.0;48.07715221;46.70535188;223.8625205;296.2866706;46.92462264;34.17031093;215.191737;0.558367734;15.83757465;11.5328546;72.62957074;0.0;216.3161621;49.75696564;19.01244019;39.70143541;13.09090909;18.31984557;41.17603386;13.67956047;;;;;;;;;;69.91142677;67.69987686;71.9914408;53.1287192;68.01559562;2.0;LL
5;562;Antioquia;El Carmen de Viboral;5148;2016;57208;13.05076796;0.318137323;43.00272689;202;2150.0;453;1;0;0;0;0;50.7820092;43.74484314;66.06493573;685696.25;22.68039435;12975.0;56.09816972;54.31447587;272.4276206;560.4816036;115.6769122;50.38372159;394.4209697;0.979725919;20.63884194;8.989362232;70.37179583;0.0;216.3161621;49.75696564;18.1390079;41.48638601;15.03381369;17.67650613;42.34420853;16.03659589;;;;;;;;;;57.83378036;55.3494351;60.182922;44.7457539;57.82963068;2.0;LL
5;562;Antioquia;El Carmen de Viboral;5148;2021;62600;16.63684771;1.54313099;39.47444089;207;2150.0;453;1;0;0;0;0;47.32440357;44.09069705;62.89424861;905965.75;25.32587859;15854.0;54.68924713;52.97496414;260.3696594;788.3027922;122.1558909;55.54043514;610.6064661;1.259269636;15.49606219;7.045571282;77.45836653;0.0;216.3161621;49.75696564;16.38319241;43.35050377;17.02465416;16.02747928;43.21053793;18.64305297;;;;;;;;;;55.83887669;53.24209364;58.3401869;55.7536536;54.45055206;2.0;LL
5;558;Antioquia;Carolina;5150;2011;3905;8.469910371;;26.24839949;197;1800.0;168;1;0;0;0;0;33.16624896;47.11779449;69.86512524;533883.3333;52.98335467;2069.0;46.47057692;43.76923077;214.3076923;27.12957955;3.299489269;2.564597029;21.26549325;0.694739553;12.16196242;9.453139606;78.38489797;31.12601662;289.9200439;65.42459869;16.12903226;40.1144641;19.40686785;15.22945033;41.25063036;22.69288956;;;;;;;;;;77.5736555;75.71840913;79.3983787;58.9515784;75.74348555;0.0;
5;558;Antioquia;Carolina;5150;2016;3900;10.48076923;0.051282051;25.79487179;202;1800.0;168;1;0;0;0;0;33.12202853;46.14368727;57.0223689;686167.0833;40.46153846;1578.0;50.859375;45.984375;243.953125;37.7195295;4.982818829;3.269963583;29.46674708;0.967167423;13.21018288;8.669152629;78.12066449;31.12601662;289.9200439;65.42459869;15.98551474;41.38644594;24.4180031;14.43823081;41.17946111;28.36807321;;;;;;;;;;67.43721649;65.15735552;69.8132732;52.1758923;64.36880971;0.0;
5;558;Antioquia;Carolina;5150;2021;4108;15.32375852;0.511197663;23.34469328;207;1800.0;168;1;0;0;0;0;30.32581454;46.76691729;57.64622974;942782.1667;37.75559883;1551.0;47.77419281;43.61290359;222.6290283;64.76393637;16.26516392;4.084981391;44.41379106;1.576532044;25.11453879;6.307493986;68.57796723;31.12601662;289.9200439;65.42459869;14.15841584;41.93069307;27.17821782;12.78735632;40.27777778;32.23180077;;;;;;;;;;60.11560901;57.53862497;62.3455743;60.0238587;64.51004377;0.0;
5;511;Antioquia;Caucasia;5154;2011;79274;8.971100235;;17.56313545;69;51.0;1058;1;0;0;0;0;21.81861766;49.10906912;89.29165483;533883.3333;78.55917451;62277.0;42.79738014;43.26183219;209.8065068;665.4207749;113.8260471;64.66911567;486.9256122;0.839393464;17.10587516;9.718529704;73.17559513;101.8910522;386.8963013;183.3147736;20.14699413;34.87487384;10.95209751;20.12403711;37.4621613;10.70066202;199.0;63094.0;73.0;23915.0;88.0;28523.0;82.95454545;83.84461663;0.170136965;83.82306981;78.59676046;87.9002069;63.7007789;81.24687774;0.0;
5;511;Antioquia;Caucasia;5154;2016;86492;11.79193837;0.911066919;15.55866439;74;51.0;1058;1;0;0;0;0;18.99016719;49.88329005;85.89062988;685696.25;77.89969014;67377.0;51.7039778;49.40333025;249.5661425;876.2257664;86.23021433;74.42253984;715.5730123;1.013071459;9.841095484;8.493534736;81.66536978;101.8910522;386.8963013;183.3147736;19.13010283;35.3350989;12.58320807;18.81379125;38.40148949;12.73020929;219.0;1263543.0;67.0;31999.0;91.0;43947.0;73.62637;72.81271;0.246986374;73.2968175;67.86273339;78.3642915;56.7094411;72.30798837;0.0;
5;511;Antioquia;Caucasia;5154;2021;95274;11.19901547;1.791674539;10.97991057;79;51.0;1058;1;0;0;0;0;13.71339712;50.32550539;80.7104022;905965.75;78.72347125;75003.0;51.44425964;48.87175369;238.3470306;2277.144673;1174.895717;74.62443494;1027.624521;2.390100838;51.59512835;3.277105571;45.12776608;101.8910522;386.8963013;183.3147736;17.42473327;37.64200251;14.27584122;17.17307849;39.96773667;14.89218329;180.0;1106510.0;64.0;863296.0;75.0;973587.0;85.33334;88.67168;0.14341533;87.2344273;82.51663392;91.5015825;87.1012874;83.7671359;0.0;
5;592;Antioquia;Chigorodó;5172;2011;49975;6.071369018;;19.67783892;96;31.0;615;1;0;0;0;0;23.85718708;48.88814364;95.41546338;533883.3333;77.04252126;38502.0;42.99312417;40.89377837;202.5166889;525.3088301;158.0397941;53.50944534;313.7595906;1.051143232;30.08512042;10.18628325;59.72859634;77.93408203;453.4729309;189.1349335;20.80254725;33.53880067;8.984773646;21.08093257;36.54132977;8.897872674;289.0;116243.0;54.0;20903.0;93.0;33411.0;58.06451613;62.56322768;0.277871708;64.57786506;59.15906725;69.3807692;49.0755148;67.9299915;0.0;
5;592;Antioquia;Chigorodó;5172;2016;54908;8.194161142;0.273184235;18.46179063;101;31.0;615;1;0;0;0;0;22.37384024;49.66734555;84.49341729;685696.25;61.61397246;33831.0;49.46921182;47.05172414;239.067734;815.3138905;338.9116373;72.10413639;404.2981168;1.484872679;41.56824032;8.843727211;49.58803247;77.93408203;453.4729309;189.1349335;20.92813358;34.83885525;10.57876725;20.15043967;39.09665572;11.03224212;244.0;676761.0;55.0;27239.0;85.0;44851.0;64.70588;60.7322;0.313182734;62.01280167;56.26051556;68.3933195;47.9790452;66.13071303;0.0;
5;592;Antioquia;Chigorodó;5172;2021;60646;10.10179292;0.580417505;15.05787686;106;31.0;615;1;0;0;0;0;18.5216082;50.30316595;79.44915794;905965.75;62.65046334;37995.0;48.63670731;45.93671036;225.1658173;1118.207818;421.1430077;70.97141738;626.0933929;1.843827817;37.66232009;6.34688975;55.99079016;77.93408203;453.4729309;189.1349335;19.14456097;37.22667763;12.17012818;18.42824457;40.74933266;12.94330749;237.0;777015.0;57.0;279249.0;89.0;460361.0;64.04494;60.6587;0.32573347;61.56484862;54.84536286;67.4100887;61.4708864;65.51386439;0.0;
5;556;Antioquia;Cisneros;5190;2011;9637;4.830341393;;15.30559303;88;1044.0;47;1;0;0;0;0;20.64352856;49.46975175;76.60705655;533883.3333;68.00871641;6554.0;41.63384181;41.51576271;200.7062147;90.97213062;9.036425589;18.02230244;63.9134026;0.943988073;9.933180115;19.81079514;70.25602474;25.25173187;258.0741882;70.43186951;17.77730009;36.30696475;19.38950989;16.32898696;39.73921765;20.32096289;;;;;;;;;;80.12305481;78.48782296;81.8656036;60.8889773;79.99395551;0.0;
5;556;Antioquia;Cisneros;5190;2016;9617;7.390558386;0.405531871;14.2768015;93;1044.0;47;1;0;0;0;0;20.04941758;49.67643252;69.69744721;689458.75;67.65103463;6506.0;49.59090909;46.48181818;239.2545455;97.66382861;4.159840443;9.638444631;83.86554353;1.015533208;4.259346068;9.869001419;85.87165251;25.25173187;258.0741882;70.43186951;16.30080417;37.92653771;22.45164095;15.45055821;39.63317384;24.0430622;;;;;;;;;;75.02266237;73.09497779;77.0029504;58.04472;71.65989433;0.0;
5;556;Antioquia;Cisneros;5190;2021;10147;15.50129759;2.315955455;11.50093624;98;1044.0;47;1;0;0;0;0;16.40346975;50.36699288;68.29669508;974834.2083;62.91514733;6384.0;50.44202805;49.02898407;235.2463837;135.4271651;6.548850328;10.53174814;118.3465667;1.334652263;4.83569919;7.776688028;87.38761278;25.25173187;258.0741882;70.43186951;14.41292193;39.138538;25.05694761;13.59533659;39.75178639;27.41632193;;;;;;;;;;67.00169153;64.57746681;69.2992339;66.8994314;67.76993468;0.0;
5;562;Antioquia;Cocorná;5197;2011;17280;3.263888889;;66.59722222;147;1300.0;221;1;0;0;0;0;73.08007492;41.48911262;91.03250478;533949.8333;60.69444444;10488.0;44.69992481;43.71210526;214.9699248;148.9944558;28.80583042;48.92666429;71.26196106;0.862236434;19.33349149;32.83790933;47.82859918;10.41981316;209.7834625;61.40337753;15.92274173;33.38829349;20.91626428;16.17931505;37.00079645;18.67106611;;;;;;;;;;78.85785578;76.86227565;80.6076516;59.9274978;83.25039322;0.0;
5;562;Antioquia;Cocorná;5197;2016;15873;6.008106008;0.207900208;61.38096138;152;1300.0;221;1;0;0;0;0;68.8113761;41.56995281;83.92911392;696951.25;67.70616771;10747.0;52.8137931;51.05517241;257.4758621;140.7707952;16.92460519;16.58404339;107.2621466;0.886856896;12.02280997;11.78088351;76.19630653;10.41981316;209.7834625;61.40337753;15.91753105;34.71635293;21.80817006;15.95982143;37.5;20.13888889;;;;;;;;;;78.70964066;76.72841213;80.4425249;60.8973197;79.41523054;0.0;
5;562;Antioquia;Cocorná;5197;2021;16062;6.736396464;0.311293737;53.38687586;157;1300.0;221;1;0;0;0;0;61.43238434;42.55846467;82.01280512;905965.75;69.66753829;11190.0;52.1686058;48.139534;241.0639496;178.1472854;23.3211554;18.2644633;136.5616667;1.109122683;13.09094065;10.25245109;76.65660826;10.41981316;209.7834625;61.40337753;14.34903749;35.54964539;24.67071935;14.49914279;37.71736468;23.54886113;;;;;;;;;;77.3352055;75.142458;79.1606336;77.2171741;74.64117307;0.0;
5;562;Antioquia;Concepción;5206;2011;5122;3.566315241;;65.77508786;238;1900.0;169;1;0;0;0;0;71.84355421;40.57338143;78.75267502;533883.3333;63.33463491;3244.0;44.72355932;38.61542373;199.779661;46.91757932;13.29014905;10.02049855;23.60693171;0.916001158;28.32658727;21.35766316;50.31574957;15.82444;248.6115417;49.68102264;17.20804331;36.89095128;19.72157773;16.0488959;39.11671924;21.05678233;;;;;;;;;;82.03059406;80.2472806;83.6955757;62.338599;87.48407437;0.0;
5;562;Antioquia;Concepción;5206;2016;4850;4.134020619;0.041237113;62.35051546;243;1900.0;169;1;0;0;0;0;70.15968064;39.66067864;75.07163324;689455.0;60.04123711;2912.0;52.73913043;50.0;250.5217391;54.8783617;15.22583874;5.342700204;34.30982275;1.131512612;27.74470351;9.735531526;62.51976496;15.82444;248.6115417;49.68102264;15.4491018;36.52694611;23.55289421;14.75479744;39.445629;24.2217484;;;;;;;;;;78.90832554;77.01491177;80.7550512;61.0510414;83.34881865;0.0;
5;562;Antioquia;Concepción;5206;2021;4927;5.490156282;0.020296326;55.61193424;248;1900.0;169;1;0;0;0;0;63.8563777;40.48799841;74.62168979;908526.0;55.24660037;2722.0;48.98360825;47.45901489;232.9180298;66.00976041;21.27743246;5.487240853;39.2450871;1.339755641;32.23376714;8.312771959;59.4534609;15.82444;248.6115417;49.68102264;13.78091873;37.29878288;26.10914802;13.23529412;38.94957983;28.19327731;;;;;;;;;;74.88191099;72.86673609;76.8412579;74.7676239;80.63809599;0.0;
5;585;Antioquia;Concordia;5209;2011;21315;4.575416373;;66.19282196;163;1950.0;234;1;0;0;0;0;72.14360838;40.32890334;82.13706706;533883.3333;68.79193057;14663.0;44.93862069;41.70612069;208.8534483;254.5299347;127.7862583;26.85991571;99.88376065;1.194135279;50.20480537;10.55275316;39.24244148;37.55239105;264.4465027;37.55239105;17.31337768;37.53695492;15.68736142;17.2147555;38.5854542;15.6610428;;;;;;;;;;84.20200154;82.3491321;85.6093078;63.9887455;91.2844795;0.0;
5;585;Antioquia;Concordia;5209;2016;21153;6.081485684;0.05200208;65.7211743;168;1950.0;234;1;0;0;0;0;72.30887821;40.44164324;72.04478576;685696.25;64.08074505;13555.0;49.84615385;46.239819;236.9773756;224.5246904;97.77871238;20.13155399;106.614424;1.061431903;43.54920263;8.966298519;47.48449885;37.55239105;264.4465027;37.55239105;17.49976377;37.64528017;20.06992346;17.18070009;39.38505203;20.05676443;;;;;;;;;;79.15603938;77.2999632;80.9843069;61.2426965;85.75242105;0.0;
5;585;Antioquia;Concordia;5209;2021;22137;6.892683441;0.117450422;62.98504766;173;1950.0;234;1;0;0;0;0;69.96869506;40.64925597;69.88157985;905965.75;60.63603921;13423.0;47.17368317;43.70526505;218.0736847;348.8318438;140.5143546;23.13300672;185.1844825;1.575786438;40.28140122;6.631563926;53.08703485;37.55239105;264.4465027;37.55239105;15.69835947;38.82896764;22.79525061;15.53494236;39.67939481;23.34293948;;;;;;;;;;75.78118276;73.6729145;77.9952734;75.6655231;76.37251094;0.0;
5;595;Antioquia;Copacabana;5212;2011;69716;8.906731119;;21.71524471;199;1400.0;71;1;0;0;0;0;27.9956289;48.26898103;60.44102291;570520.8333;23.64450055;16484.0;48.13817568;47.59496139;225.6930502;755.2107806;7.659405085;359.3176154;388.2337601;1.083267515;1.014207594;47.57845421;51.4073382;18.33585548;263.1553955;18.33585548;18.43563766;42.58045292;15.06555423;17.13961721;44.57904635;16.92111959;721.0;60977.0;149.0;12616.0;314.0;26674.0;47.4522293;47.29699333;0.081805169;47.69208806;44.00818721;51.6949381;36.243282;47.90643066;2.0;LL
5;595;Antioquia;Copacabana;5212;2016;74957;11.44722975;0.903184492;20.35967288;204;1400.0;71;1;0;0;0;0;26.5331415;47.95509908;51.74334185;693787.1667;20.40636632;15296.0;54.77302326;52.78325581;268.3925581;1141.393576;8.745885014;537.9864717;594.6612192;1.522731134;0.76624621;47.1341773;52.09957649;18.33585548;263.1553955;18.33585548;17.92307268;43.71245936;18.96732242;16.55070739;44.85942632;21.13390063;803.0;871675.0;130.0;13934.0;401.0;39027.0;32.41895;35.70349;0.05710001;36.35885374;33.09433823;39.4585865;28.130693;38.63444575;2.0;LL
5;595;Antioquia;Copacabana;5212;2021;82038;12.66069789;2.454959897;17.65645189;209;1400.0;71;1;0;0;0;0;23.29443564;48.27559321;50.29019055;905982.1667;21.10241595;17312.0;55.35446167;51.50821686;258.6162109;1649.697641;11.06075802;737.5212909;901.1155917;2.010894513;0.670471834;44.70645243;54.62307574;18.33585548;263.1553955;18.33585548;16.13875562;45.02022054;21.18007586;14.95251853;44.9428091;24.16226585;656.0;821575.0;109.0;189309.0;300.0;479202.0;36.33333;39.50505;0.08349531;39.82390051;36.27641273;43.6174909;39.76312;40.86130425;2.0;LL
5;560;Antioquia;Dabeiba;5234;2011;22494;1.418896891;;61.84315818;124;412.0;1905;1;0;0;0;0;66.08087092;42.75790565;117.589472;533883.3333;78.46981417;17651.0;44.4972;43.764;210.93;134.5515475;19.97872104;14.26303842;100.3097881;0.598166389;14.848377;10.60042689;74.55119611;0.0;376.3009949;112.3125076;18.14627211;29.55656269;13.48973607;18.52148385;32.16795659;12.38323993;;;;;;;;;;86.88215443;85.31572407;88.3353454;66.0255097;87.42957474;0.0;
5;560;Antioquia;Dabeiba;5234;2016;22673;3.191020156;0.255810876;61.15203105;129;412.0;1905;1;0;0;0;0;64.43224202;42.41607957;114.1387973;948719.625;84.28968376;19111.0;46.61616162;43.85353535;227.5353535;225.0760115;72.22215623;19.632917;133.2209383;0.99270503;32.08789588;8.722794076;59.18931005;0.0;376.3009949;112.3125076;17.79387381;31.19818483;12.86325159;18.22721598;32.8874621;12.42197253;;;;;;;;;;83.26029262;81.3526599;85.1994137;64.4181401;81.21196811;0.0;
5;560;Antioquia;Dabeiba;5234;2021;23950;14.63395964;2.17954071;58.48016701;134;412.0;1905;1;0;0;0;0;62.16398173;42.28901178;107.6171733;1465029.167;83.28601253;19947.0;44.93859482;40.28070068;206.1315765;332.920368;126.971939;18.94159121;187.0068378;1.390064167;38.13883174;5.689526093;56.17164217;0.0;376.3009949;112.3125076;16.20305407;33.37185307;14.80808915;16.66244191;34.43177017;14.67680608;;;;;;;;;;79.43688557;77.43749157;81.2183888;79.3156465;75.30047478;0.0;
5;558;Antioquia;Donmatías;5237;2011;17292;20.70707071;;38.56696738;197;2200.0;183;1;0;0;0;0;46.36549782;46.87739954;75.72550057;533883.3333;38.27203331;6618.0;45.40088983;44.35745763;217.5;224.3514119;66.58664716;41.68322593;116.0815388;1.297428937;29.67962029;18.57943553;51.74094418;24.42317772;269.4215088;41.30860138;19.54051082;37.7245509;12.75815716;18.9482929;40.80579647;13.48117247;;;;;;;;;;62.50773417;60.78338437;64.9293321;47.5023327;69.2754797;2.0;LL
5;558;Antioquia;Donmatías;5237;2016;18332;24.88590079;0.414575605;36.91359372;202;2200.0;183;1;0;0;0;0;44.78737599;47.55467889;68.83758607;685696.25;32.03142047;5872.0;54.95154185;53.2246696;268.0704846;357.7370947;141.3910171;43.23154291;173.1145347;1.951435167;39.52372264;12.08472466;48.3915527;24.42317772;269.4215088;41.30860138;18.28771112;38.80023296;15.73675015;18.22099107;41.24345953;18.03631887;;;;;;;;;;52.18464631;49.71940634;54.5854542;40.3750425;63.56406694;2.0;LL
5;558;Antioquia;Donmatías;5237;2021;19839;29.07110573;0.882100912;33.17707546;207;2200.0;183;1;0;0;0;0;40.96057271;48.16219682;65.77853644;905965.75;33.14179142;6575.0;53.47481918;51.24460602;253.8704987;540.0429295;244.9928454;46.31541271;248.7346714;2.722127776;45.36543893;8.576246477;46.05831459;24.42317772;269.4215088;41.30860138;16.71354392;40.48031155;17.62224145;16.47947145;41.9726286;20.88721095;;;;;;;;;;48.61697499;46.01304355;50.7900228;48.5427742;62.76639153;2.0;LL
5;560;Antioquia;Ebéjico;5240;2011;12845;2.323212664;;83.15297781;178;1250.0;238;1;0;0;0;0;87.55014427;37.49736083;78.22423058;533883.3333;67.46594005;8666.0;45.76105769;43.66865385;216.2788462;99.45777397;26.86027037;17.37798107;55.21952254;0.77429174;27.00670777;17.47272272;55.52056952;14.74542618;277.0432129;14.74542618;15.54189085;36.97156034;22.35203689;14.54258675;39.54258675;21.51419558;;;;;;;;;;84.91650104;83.48995843;86.5348961;64.5317246;86.29095842;2.0;LL
5;560;Antioquia;Ebéjico;5240;2016;12227;3.798287942;0.008178621;82.37507156;183;1250.0;238;1;0;0;0;0;86.92652393;36.81627427;70.5505279;746251.2083;59.17232355;7235.0;50.36;46.56666667;239.6666667;154.2224811;62.51379474;14.30389582;77.40479051;1.261327235;40.53481328;9.274844833;50.19034188;14.74542618;277.0432129;14.74542618;14.98870603;36.44724105;28.31558567;13.11992038;38.92851219;27.0857522;;;;;;;;;;80.92991162;79.00447624;82.762346;62.6151341;82.20797514;0.0;
5;560;Antioquia;Ebéjico;5240;2021;12486;3.82161354;0.0800897;78.80826526;188;1250.0;238;1;0;0;0;0;84.17520066;36.85995018;69.91698674;908526.0;54.00448502;6743.0;49.07500076;46.98333359;228.75;196.919009;81.24066248;14.00154495;101.6768015;1.577118444;41.25587616;7.110306425;51.63381741;14.74542618;277.0432129;14.74542618;13.4152102;36.70288144;31.7745237;11.42624287;38.48410758;31.01874491;;;;;;;;;;77.26528523;75.07150075;79.0483718;77.1473605;79.56358962;2.0;LL
5;511;Antioquia;El Bagre;5250;2011;44881;5.228084639;;36.84409884;32;50.0;1951;1;0;0;0;0;43.06356778;44.85522521;102.7480801;729683.7083;87.99269178;39492.0;40.79837067;41.0101833;199.1283096;522.319756;277.7493274;25.79623055;218.774198;1.163788142;53.17610989;4.938781323;41.88510879;105.1003952;360.1697693;179.3821716;20.00528658;32.80761267;9.925547381;19.78180507;35.01487693;9.106482734;;;;;;;;;;89.42213783;87.97103402;90.8936717;67.955753;85.65490468;0.0;
5;511;Antioquia;El Bagre;5250;2016;49488;4.674197112;0.127303589;36.70990947;37;50.0;1951;1;0;0;0;0;43.10899817;45.39939583;99.38816212;1000250.458;91.49894924;45281.0;47.24094203;43.69021739;223.2844203;1072.309493;708.7498112;33.96778451;329.5918975;2.166807091;66.09563897;3.167722074;30.73663896;105.1003952;360.1697693;179.3821716;19.55497807;32.51989605;11.55189216;19.26790024;35.69991955;10.34593725;;;;;;;;;;84.59482414;82.90518052;86.2169128;65.4506615;79.4799518;0.0;
5;511;Antioquia;El Bagre;5250;2021;54863;4.45351755;0.874906585;34.08854784;42;50.0;1951;1;0;0;0;0;40.50420539;45.86635467;93.79438468;918272.25;85.37630097;46840.0;45.78491592;41.95391083;210.2430115;1186.949817;691.6604548;32.66942292;462.6199391;2.163479607;58.2720891;2.752384512;38.97552639;105.1003952;360.1697693;179.3821716;17.77506835;34.68927806;13.30082022;17.52707127;37.38532935;12.23513329;;;;;;;;;;82.76497733;80.9540326;84.5659453;82.6386588;81.13309436;0.0;
5;558;Antioquia;Entrerríos;5264;2011;9892;18.68429034;;51.31419329;176;2292.0;222;1;0;0;0;0;58.30795998;41.64854284;74.33506573;533883.3333;23.31176708;2306.0;49.87171429;48.16952381;234.9809524;92.11222002;8.158645972;22.53957211;61.41400194;0.931178933;8.857289478;24.4696872;66.67302332;35.80974197;285.9477234;35.80974197;17.92789223;42.09587956;11.82646593;17.42361685;41.08175062;12.46903386;;;;;;;;;;62.15542058;59.76363858;64.4740642;47.2345944;65.10160546;2.0;LL
5;558;Antioquia;Entrerríos;5264;2016;10830;20.97568483;0.572483841;50.1754386;181;2292.0;222;1;0;0;0;0;57.39599384;42.08397535;67.5078434;685696.25;22.64081256;2452.0;54.34693878;53.92857143;269.5714286;312.0342059;46.40486159;171.6559575;93.97338677;2.88120227;14.87172263;55.01190391;30.11637346;35.80974197;285.9477234;35.80974197;18.37977487;42.1295442;14.57833549;17.70467566;40.93513214;14.63685086;;;;;;;;;;50.62009745;48.49827443;52.9379579;39.1645576;54.92818612;2.0;LL
5;558;Antioquia;Entrerríos;5264;2021;11767;29.25554517;1.784651993;46.32446673;186;2292.0;222;1;0;0;0;0;53.72950097;42.585082;64.13124534;905982.1667;20.17506586;2374.0;52.9743576;51.26153946;254.5589752;481.6905226;92.41240259;246.7854088;142.4927112;4.093571195;19.18501574;51.23318755;29.58179671;35.80974197;285.9477234;35.80974197;16.66382107;43.879119;16.54430596;16.04060914;41.94585448;17.14043993;;;;;;;;;;41.98827747;39.49645085;44.5617076;41.9241936;54.98469366;2.0;LL
5;595;Antioquia;Envigado;5266;2011;198772;15.7953585;;5.825770229;197;1566.0;51;1;0;0;0;0;8.062721352;53.53739614;50.17044163;539841.6667;9.179864367;18247.0;52.23862481;51.82429892;245.009245;4120.272443;23.28384851;1503.293536;2593.695059;2.072863604;0.565104586;36.48529452;62.94960089;15.92576885;248.753891;15.92576885;17.2546743;44.9226152;18.32480804;15.05559432;47.25843219;21.81437544;1974.0;167329.0;368.0;30831.0;1024.0;87535.0;35.9375;35.22134004;0.022701005;35.39991986;33.29782797;37.5651171;26.9019313;41.23491547;2.0;LL
5;595;Antioquia;Envigado;5266;2016;218805;20.35872885;1.872900528;5.728388291;202;1566.0;51;1;0;0;0;0;8.083183915;53.19973004;48.43543632;714483.0;7.252576495;15869.0;58.2411513;57.32516531;289.3134967;8624.089518;16.3621717;2962.138448;5645.588899;3.941449929;0.189726367;34.34725998;65.46301365;15.92576885;248.753891;15.92576885;15.5315376;45.01451314;22.5810606;13.2994519;45.73399399;27.41850639;1978.0;2171237.0;298.0;28582.0;995.0;93908.0;29.94975;30.43617;0.018759772;30.5453397;28.60539536;32.46731;23.6328015;31.86753853;2.0;LL
5;595;Antioquia;Envigado;5266;2021;241984;22.92066142;2.894819492;3.234511373;207;1566.0;51;1;0;0;0;0;4.631231899;53.87666442;48.17986054;964863.3333;7.995569955;19348.0;59.60409546;56.97739029;285.3562317;10247.13132;29.02048174;2565.166969;7652.943867;4.23463176;0.283205912;25.03302524;74.68376885;15.92576885;248.753891;15.92576885;13.81251236;45.8549875;25.12812674;11.75152563;44.95511066;31.08376795;1917.0;2286978.0;239.0;349670.0;936.0;1389998.0;25.53419;25.15615;0.021119509;25.29394265;23.37720417;27.1699922;25.2553382;29.59977727;2.0;LL
5;585;Antioquia;Fredonia;5282;2011;24189;6.565656566;;66.65839845;181;1820.0;250;1;0;0;0;0;73.24715248;39.97950577;70.79563183;533883.3333;38.67873827;9356.0;43.55140078;42.30276265;207.2178988;218.9046417;72.26451215;22.1694243;124.4707053;0.904975988;33.01186836;10.12743454;56.8606971;10.77248383;233.4161377;44.23552322;15.90890337;39.7227494;19.8613747;15.22783761;41.32560066;19.89229495;163.0;62119.0;56.0;21495.0;76.0;27617.0;73.68421053;77.83249448;0.233461615;77.65116106;70.63106723;83.3383601;59.0104783;73.57135022;2.0;LL
5;585;Antioquia;Fredonia;5282;2016;24143;8.122437145;0.161537506;66.92623121;186;1820.0;250;1;0;0;0;0;73.66270712;39.29787395;63.96805897;685696.25;32.72998385;7902.0;51.11016949;47.86440678;244.9110169;279.157131;104.4144256;24.45674444;150.2859609;1.156265298;37.40345993;8.760924127;53.83561594;10.77248383;233.4161377;44.23552322;15.64693254;39.29485592;25.51399554;14.42819149;39.73570479;25.65658245;130.0;482783.0;48.0;19369.0;63.0;26211.0;76.19048;73.89645;0.355094066;72.74462793;66.07905613;79.4094613;56.2822143;70.53491712;2.0;LL
5;585;Antioquia;Fredonia;5282;2021;25299;9.360712545;0.418988893;64.81679118;191;1820.0;250;1;0;0;0;0;71.93540319;39.32259102;63.10708189;905965.75;30.19882209;7640.0;49.25853729;44.43414688;228.0731659;409.2032811;153.5873231;28.07900062;227.5369573;1.617468205;37.53325798;6.86187084;55.60487118;10.77248383;233.4161377;44.23552322;13.86045046;39.83304457;28.65805639;12.72914848;39.51273708;29.38655662;109.0;470790.0;32.0;179592.0;45.0;253227.0;71.11111;70.92135;0.669417204;69.69513066;62.65862961;77.0048409;69.5887598;68.70037642;2.0;LL
5;560;Antioquia;Frontino;5284;2011;21756;2.807654593;;62.1253907;152;1500.0;1278;1;0;0;0;0;66.82981544;42.0515958;102.184124;533883.3333;84.92369921;18476.0;42.95145455;42.24995455;207.3272727;133.5228849;6.996147437;36.62737968;89.89935782;0.613729017;5.239661681;27.43153707;67.32880125;40.00450134;345.8328857;86.9165802;18.1685383;32.34730211;14.39788186;17.74507081;34.86068685;14.31083958;;;;;;;;;;85.82343616;84.14057873;87.3642127;65.2209438;85.39110466;0.0;
5;560;Antioquia;Frontino;5284;2016;20813;3.826134307;0.067265651;59.51088262;157;1500.0;1278;1;0;0;0;0;63.52319879;42.34520666;101.2194124;741994.6667;89.81886321;18694.0;52.33663366;49.58910891;251.0742574;175.0854473;37.07212676;16.63153344;121.3817871;0.841231189;21.17373392;9.499095264;69.32717081;40.00450134;345.8328857;86.9165802;17.87115918;32.24849239;15.61213746;16.82423307;34.76750916;15.82095312;;;;;;;;;;85.78234309;84.19234817;87.3724448;66.36944;84.06063148;0.0;
5;560;Antioquia;Frontino;5284;2021;21345;4.770828453;0.126493324;54.88404779;162;1500.0;1278;1;0;0;0;0;59.32159503;42.84308648;94.84568385;943279.5417;86.11384399;18381.0;51.02347565;47.73709106;237.3802795;270.4438904;71.90072023;20.20183722;178.3413329;1.267012838;26.58618767;7.46988116;65.94393117;40.00450134;345.8328857;86.9165802;16.22053161;34.25378041;18.02385649;15.19910264;36.03477285;18.76986353;;;;;;;;;;83.6465213;82.00167267;85.5670333;83.5188573;83.9959187;0.0;
5;560;Antioquia;Giraldo;5306;2011;5219;2.546784186;;65.37650891;146;1950.0;97;1;0;0;0;0;72.79454722;39.37682571;88.24992229;533883.3333;60.68212301;3167.0;43.44444444;42.42592593;211.1481481;26.1834918;4.568833984;1.721709886;19.89294793;0.50169557;17.44929217;6.575554931;75.9751529;52.12543488;316.3242798;52.12543488;16.8161435;36.58445441;17.18983558;16.83051514;36.68895006;17.26307511;;;;;;;;;;84.94485823;83.20825914;86.3502779;64.5532744;87.22683518;0.0;
5;560;Antioquia;Giraldo;5306;2016;5396;4.609896219;0.129725723;63.73239437;151;1950.0;97;1;0;0;0;0;71.59283695;39.83034873;85.36585366;911522.3333;64.65900667;3489.0;49.03370787;45.15730337;238.8089888;41.93453309;7.738979469;3.536290572;30.65926305;0.777141088;18.45490792;8.432884095;73.11220798;52.12543488;316.3242798;52.12543488;16.44234267;37.75918516;17.24263368;17.37816396;37.13638081;16.73592747;;;;;;;;;;80.18490651;78.37299039;82.2790892;62.0387267;83.01900129;0.0;
5;560;Antioquia;Giraldo;5306;2021;5796;5.965320911;0.327812284;59.83436853;156;1950.0;97;1;0;0;0;0;68.23406479;39.91640543;82.07029105;944575.1667;63.59558316;3686.0;49.08641815;46.37036896;230.4814758;67.39482932;15.59469543;4.088228916;47.71190498;1.162781734;23.13930547;6.066086905;70.79460762;52.12543488;316.3242798;52.12543488;14.7386172;39.52782462;19.25801012;15.75415048;38.25503356;19.28647121;;;;;;;;;;78.07976557;76.05726932;80.146515;77.9605978;79.57340966;0.0;
5;595;Antioquia;Girardota;5308;2011;45715;11.13474789;;45.5102264;178;1400.0;79;1;0;0;0;0;53.87538665;43.88864339;62.53348883;674081.875;27.3148857;12487.0;47.39714808;46.74107861;220.8829982;695.3584634;8.920151668;317.4905802;368.9477316;1.521072872;1.282813417;45.65854834;53.05863824;17.80411148;262.203125;23.12257767;18.20961288;42.12940066;15.2016546;17.06994973;43.91241373;16.93788873;367.0;31926.0;86.0;7638.0;171.0;15011.0;50.29239766;50.88268603;0.152309227;51.57491853;46.82943194;56.482341;39.1940129;52.12934864;2.0;LL
5;595;Antioquia;Girardota;5308;2016;49613;16.58285127;1.503638159;44.76246145;183;1400.0;79;1;0;0;0;0;53.70194402;43.48101516;55.87370682;842670.625;23.98564892;11900.0;55.6836518;54.03184713;273.7791932;1872.548212;39.64225857;1275.751124;557.1548297;3.77430958;2.117022052;68.12914699;29.75383096;17.80411148;262.203125;23.12257767;17.56272401;43.17966465;18.03238166;16.50749803;44.51065509;20.18942384;370.0;393583.0;68.0;10723.0;170.0;21643.0;40.0;49.54489;0.148462213;49.47025426;44.84414967;54.7723603;38.2749288;45.76815771;2.0;LL
5;595;Antioquia;Girardota;5308;2021;54489;21.57056164;6.021398814;41.97911505;188;1400.0;79;1;0;0;0;0;50.94034596;43.69420345;54.08173743;1087145.792;25.44366753;13864.0;54.1771431;51.13904572;253.3600006;3003.698597;275.626875;1790.504958;937.5667644;5.512486184;9.176249416;59.61000746;31.21374313;17.80411148;262.203125;23.12257767;15.72814806;44.67048818;20.21280581;14.8320023;44.81257644;23.11317361;346.0;408308.0;58.0;81190.0;149.0;183391.0;38.92617;44.27153;0.176551915;44.37165913;39.53509819;49.3796008;44.3039377;44.9503414;2.0;LL
5;558;Antioquia;Gómez Plata;5310;2011;9616;5.735232945;;51.32071547;108;1750.0;364;1;0;0;0;0;56.4314882;42.96733212;89.69634937;533883.3333;55.18926789;5307.0;48.90070423;46.96521127;224.6197183;197.7243598;6.87360207;22.66415079;168.186607;2.056201745;3.476355709;11.462498;85.06114629;37.32157135;279.2712097;68.82402802;15.55647497;35.62267273;19.50765412;15.202844;37.62024258;18.92513593;;;;;;;;;;80.3832324;78.63866034;82.2048545;61.0866975;84.30010288;0.0;
5;558;Antioquia;Gómez Plata;5310;2016;9662;7.17587801;0.113848065;49.53425792;113;1750.0;364;1;0;0;0;0;57.27386411;42.24676949;70.87148721;698363.75;48.6648727;4702.0;53.525;52.7875;260.875;272.4418285;17.29656735;24.20756149;230.9376997;2.81972499;6.348719446;8.885405598;84.76587496;37.32157135;279.2712097;68.82402802;15.79055865;37.66233766;24.0981241;13.90563292;40.40739971;23.88276866;;;;;;;;;;70.97922853;68.75057893;73.0120818;54.9163322;73.81671605;0.0;
5;558;Antioquia;Gómez Plata;5310;2021;10117;10.18747323;0.286646239;45.04299694;118;1750.0;364;1;0;0;0;0;52.97560008;43.20571315;68.88654513;913144.5;46.2291193;4677.0;51.76829147;48.60975647;239.2926788;437.562012;43.8758342;28.01118615;365.6749917;4.325017416;10.02734081;6.401649454;83.57100974;37.32157135;279.2712097;68.82402802;13.97249352;38.82798485;26.78891768;12.33333333;40.41176471;27.41176471;;;;;;;;;;67.80850073;65.66869391;70.1908004;67.7050093;68.57431922;0.0;
5;562;Antioquia;Granada;5313;2011;12065;2.458903163;;54.82801492;194;2075.0;185;1;0;0;0;0;61.55935887;43.92828036;97.70082714;533883.3333;56.13758806;6773.0;45.54392857;47.17547619;219.3333333;52.02328824;6.442929016;4.664991435;40.91536779;0.43119178;12.38470161;8.967121444;78.64817695;0.0;216.7701721;60.45016479;15.81007488;32.93056501;18.6691627;16.20617224;35.7893036;17.91888835;;;;;;;;;;80.83387531;78.75077112;82.6405059;61.4291606;83.99773108;0.0;
5;562;Antioquia;Granada;5313;2016;10654;4.85733058;0.084475314;48.31049371;199;2075.0;185;1;0;0;0;0;56.69633616;43.4589112;92.43645381;690477.5;61.03810775;6503.0;53.8125;53.94642857;263.25;70.98281837;7.979949815;6.136244319;56.86662423;0.6662551;11.24208646;8.644689602;80.11322393;0.0;216.7701721;60.45016479;16.38852428;33.11456966;19.1824489;16.42548393;36.12102988;19.56399173;;;;;;;;;;75.65644963;73.69056612;77.6870523;58.5350786;75.24181572;0.0;
5;562;Antioquia;Granada;5313;2021;10497;6.427233178;0.104791845;43.50766886;204;2075.0;185;1;0;0;0;0;52.01380898;44.28287478;89.8103151;905965.75;64.5517767;6776.0;50.84693909;50.32653046;244.1428528;106.8814305;21.98623079;6.716672523;78.1785272;1.018209303;20.57067414;6.284227757;73.1450981;0.0;216.7701721;60.45016479;14.81410502;34.28516673;21.55998467;14.81341163;36.5978405;22.90206478;;;;;;;;;;75.25062253;73.26366348;77.445704;75.1357727;78.51363015;0.0;
5;558;Antioquia;Guadalupe;5315;2011;6523;3.640962747;;67.94419746;47;1725.0;88;1;0;0;0;0;74.33080613;39.53272474;81.39813263;534966.6667;65.07741837;4245.0;46.53358491;45.36358491;215.4339623;56.74270097;17.45952273;9.176625825;30.10655241;0.86988657;30.76963633;16.17234581;53.05801785;29.47464752;296.5169678;79.99882507;18.70137642;36.95391981;14.75164572;18.13895002;39.23294561;14.20936812;;;;;;;;;;83.66802571;82.16545247;85.2766763;63.5829541;88.74561692;0.0;
5;558;Antioquia;Guadalupe;5315;2016;6464;4.737778465;0.077351485;66.84715347;52;1725.0;88;1;0;0;0;0;73.9916343;39.66238422;73.17702227;762684.5833;57.61138614;3724.0;54.09803922;49.84313725;251.3333333;52.25114864;6.819564108;5.06895569;40.36262884;0.80834079;13.05151042;9.701137338;77.24735224;29.47464752;296.5169678;79.99882507;17.36216875;38.89734998;17.51446847;18.20182333;39.35869224;18.0132034;;;;;;;;;;77.9020494;75.8549174;79.8439065;60.2724897;83.49855383;0.0;
5;558;Antioquia;Guadalupe;5315;2021;6797;5.886175273;0.323672208;62.83654553;57;1725.0;88;1;0;0;0;0;70.50502193;39.87834206;70.45908184;1045978.958;57.96675004;3940.0;48.71250153;46.03749847;227.2624969;76.26799947;11.99924756;5.670793965;58.59795794;1.122083264;15.7330042;7.43535166;76.83164414;29.47464752;296.5169678;79.99882507;15.58516802;40.61413673;19.69872538;16.32286996;40.0;20.95665172;;;;;;;;;;75.87197689;73.845151;77.7038986;75.7561787;81.09115079;0.0;
5;562;Antioquia;Guarne;5318;2011;48524;9.223442695;;67.69021515;194;2138.0;153;1;0;0;0;0;74.78676686;40.2537328;67.70849168;542812.5;23.0813618;11200.0;46.37238532;46.2940367;220.5908257;540.9139696;15.8890393;219.0371791;305.9877512;1.114734914;2.937442957;40.49390317;56.56865387;12.5693121;249.8323975;23.40586281;17.42729958;40.87032492;15.84640346;16.69865643;43.16167762;17.10703639;270.0;76240.0;75.0;21440.0;128.0;35272.0;58.59375;60.78475845;0.199669111;61.00012276;55.85167679;66.4934086;46.3566336;58.36531989;2.0;LL
5;562;Antioquia;Guarne;5318;2016;52793;12.46708844;1.600590987;66.96910575;199;2138.0;153;1;0;0;0;0;74.41635083;39.84389872;60.80557073;725796.5;20.43263311;10787.0;54.77479339;53.8822314;270.1053719;1210.612914;62.14996943;742.7931408;405.6698043;2.293131503;5.13376065;61.35678316;33.5094562;12.5693121;249.8323975;23.40586281;17.28380909;41.75169093;19.11804043;15.84660457;43.49083534;21.51817909;283.0;1052059.0;48.0;15462.0;139.0;45584.0;34.53238;33.9198;0.179147196;36.05601237;31.00282942;41.4794609;27.8963859;41.27244465;2.0;LL
5;562;Antioquia;Guarne;5318;2021;58183;18.44940389;6.818142756;64.2902566;204;2138.0;153;1;0;0;0;0;72.19433097;40.01372042;59.16012578;944157.25;20.65723665;12019.0;55.27950287;52.62939835;260.7494812;1486.111946;77.99960106;790.5645535;617.547792;2.554203026;5.248568336;53.19683725;41.55459442;12.5693121;249.8323975;23.40586281;15.55046349;43.07884595;21.42485158;14.2205582;43.63852961;24.59496256;236.0;887952.0;54.0;101603.0;119.0;265990.0;45.37815;38.19805;0.257392833;39.21785129;33.4163372;44.8637018;39.1579958;40.47249019;2.0;LL
5;562;Antioquia;Guatapé;5321;2011;7433;8.85129378;;35.62491592;193;1891.0;70;1;0;0;0;0;44.49898932;44.73000289;69.57485392;533883.3333;31.33324364;2329.0;47.86367347;46.12795918;222.7653061;176.4250126;7.303004818;14.67818524;154.4438226;2.3735371;4.139438455;8.319786985;87.54077456;0.0;232.2279358;53.64774323;19.77124183;38.15359477;17.21132898;16.67109811;41.2124435;17.73464504;;;;;;;;;;72.00361178;69.96257201;74.0359098;54.7186611;68.20870113;0.0;
5;562;Antioquia;Guatapé;5321;2016;8068;10.94447199;0.545364403;35.4858701;198;1891.0;70;1;0;0;0;0;44.9742268;44.71649485;64.80058544;685696.25;34.92811106;2818.0;54.32631579;51.95789474;262.7789474;295.8926859;4.619808025;25.302005;265.9708729;3.667484952;1.561312004;8.551074833;89.88761316;0.0;232.2279358;53.64774323;17.02558905;39.87838865;20.85127945;15.67580684;41.93157001;21.25697646;;;;;;;;;;61.67721646;59.24224006;63.8028863;47.7194043;61.75792359;0.0;
5;562;Antioquia;Guatapé;5321;2021;8791;15.96803549;1.217153907;32.7494028;203;1891.0;70;1;0;0;0;0;41.97312588;45.17916077;63.61190516;905965.75;36.2188602;3184.0;55.9397583;51.91566086;261.9397583;444.948746;4.268250672;27.60769519;413.0728002;5.061412195;0.95926794;6.204691088;92.83604097;0.0;232.2279358;53.64774323;15.2087707;40.96104502;23.3030091;14.09857904;42.11811723;24.24511545;;;;;;;;;;59.94684538;57.5957954;61.9797727;59.8553526;59.20379885;0.0;
5;560;Antioquia;Heliconia;5347;2011;5991;1.994658655;;61.77599733;180;1450.0;118;1;0;0;0;0;69.4205298;39.55298013;76.13519092;534350.0;75.39642798;4517.0;44.08264151;42.87679245;209.490566;40.06422743;8.17607196;3.536781218;28.35137425;0.668740234;20.40741201;8.827778406;70.76480958;14.90402603;266.3273926;14.90402603;16.43481074;39.08120349;19.18472986;15.75862069;38.24137931;20.62068966;;;;;;;;;;88.11574501;86.73601755;89.5124579;66.9629685;87.93721249;4.0;HL
5;560;Antioquia;Heliconia;5347;2016;5562;5.137540453;0.071916577;59.13340525;185;1450.0;118;1;0;0;0;0;67.15961244;38.90872004;64.51612903;767124.3333;65.08450198;3620.0;47.47457627;44.55932203;231.8983051;51.91784866;13.00618033;4.479276146;34.43239218;0.933438487;25.05146239;8.627622796;66.32091481;14.90402603;266.3273926;14.90402603;15.46427339;38.90231274;25.99240594;14.44652908;39.54971857;25.96622889;;;;;;;;;;83.10926522;81.04077401;84.952038;64.3012908;81.07411232;4.0;HL
5;560;Antioquia;Heliconia;5347;2021;5575;5.905829596;0.251121076;53.77578475;190;1450.0;118;1;0;0;0;0;62.31096007;39.33729822;63.57085669;1000559.083;58.47533632;3260.0;47.52830124;45.71697998;225.1886749;145.7273105;24.88270964;9.021910662;111.8226902;2.61394279;17.07484311;6.190953933;76.73420296;14.90402603;266.3273926;14.90402603;13.80968739;39.53967709;28.7873583;12.95045045;38.96396396;29.84234234;;;;;;;;;;77.31573718;75.22095693;79.3129894;77.1977355;74.48733736;2.0;LL
5;585;Antioquia;Hispania;5353;2011;5336;4.007371314;;41.77286357;28;960.0;59;1;0;0;0;0;48.79493464;43.1372549;79.75875257;533883.3333;54.92878561;2931.0;48.2;47.9;223.55;39.05283494;5.802340446;6.216727651;27.03376684;0.731874718;14.85766771;15.91876149;69.2235708;36.28567886;246.891571;60.23926926;16.85103245;37.16814159;19.24778761;16.61585366;38.56707317;18.25457317;;;;;;;;;;80.58806754;78.85592876;82.1930447;61.2423606;85.30489123;0.0;
5;585;Antioquia;Hispania;5353;2016;5418;6.879844961;0.276854928;39.20265781;33;960.0;59;1;0;0;0;0;45.69903105;44.03796717;72.51627512;685700.0;52.62089332;2851.0;54.98113208;53.16981132;265.6981132;60.44747328;17.63173625;5.544053899;37.27168314;1.115678724;29.16869025;9.171688406;61.65962134;36.28567886;246.891571;60.23926926;17.1460177;37.83185841;21.71828909;15.33628973;39.32002956;21.24907613;;;;;;;;;;73.2583004;71.34826243;75.2803289;56.6796405;68.54160869;0.0;
5;585;Antioquia;Hispania;5353;2021;5693;6.452368406;0.298612331;33.98910943;38;960.0;59;1;0;0;0;0;40.38641906;44.77583943;70.69290914;905965.75;46.77674337;2663.0;53.35848999;51.73584747;253.92453;82.52679153;24.4379558;5.685684685;52.40315104;1.449618681;29.61214818;6.889501676;63.49835014;36.28567886;246.891571;60.23926926;15.4090268;38.64598025;24.92947814;13.44067203;39.86699335;24.88624431;;;;;;;;;;69.06582376;66.91515885;71.3676501;68.9604133;70.01490474;0.0;
5;595;Antioquia;Itagüí;5360;2011;246219;14.78693764;;9.388796153;179;1578.0;17;1;0;0;0;0;12.00753173;51.48449486;55.15624647;534183.3333;20.69620947;50958.0;48.08424896;46.71338866;224.619917;4749.03742;5.353538937;2185.309945;2558.373936;1.928785926;0.112728927;46.0158502;53.87142088;11.87640095;253.3139648;11.87640095;19.15983958;44.13841566;14.11836287;17.2906035;45.8437237;17.43651903;2566.0;217927.0;544.0;46247.0;1267.0;109276.0;42.93606946;42.32127823;0.019748663;42.42288656;40.49945663;44.3654001;32.2389877;44.27654529;2.0;LL
5;595;Antioquia;Itagüí;5360;2016;266257;18.6778501;2.206139181;10.13081346;184;1578.0;17;1;0;0;0;0;13.04634344;50.9630923;51.33596552;696844.6667;15.22889539;40548.0;54.69842683;51.44167409;264.2270703;7140.322132;0.51185496;3088.972158;4050.838119;2.681740624;0.007168514;43.26096359;56.7318679;11.87640095;253.3139648;11.87640095;17.8467775;45.00220827;17.36805577;16.04462896;45.38975054;21.57377331;2685.0;2955221.0;506.0;50927.0;1411.0;140388.0;35.86109;36.27589;0.015044722;36.36378532;34.64064161;38.1587154;28.1345086;34.57956492;2.0;LL
5;595;Antioquia;Itagüí;5360;2021;291662;21.33394134;3.620286496;8.208817055;189;1578.0;17;1;0;0;0;0;10.70184057;51.29845648;49.74708144;913005.1667;15.75968073;45965.0;54.60611343;50.8468399;256.0285034;9124.903154;1.022816305;3454.504253;5669.376084;3.128588281;0.011209065;37.85798265;62.13080828;11.87640095;253.3139648;11.87640095;15.96152737;46.51107458;19.62854012;14.31036962;45.43231829;24.83231568;2582.0;3171202.0;442.0;686948.0;1327.0;1930194.0;33.30821;35.58958;0.017648851;35.63522431;33.89934444;37.4898766;35.5808367;35.85181275;2.0;LL
5;558;Antioquia;Ituango;5361;2011;26337;1.9383377;;75.37304932;154;1750.0;2375;1;0;0;0;0;79.37584803;36.62267177;96.38774866;533883.3333;81.47473137;21458.0;41.68883721;39.1655814;197.879845;139.5515322;27.91217913;13.17908627;98.46026676;0.529868748;20.00134194;9.443885042;70.55477302;42.88922501;356.9532166;102.1004562;17.77146027;37.13077243;13.92317293;18.08644566;33.55434326;12.49685271;290.0;55863.0;87.0;16503.0;97.0;19060.0;89.69072165;86.58447009;0.169465004;86.99283131;82.95183796;90.1788803;66.1096178;90.5381963;0.0;
5;558;Antioquia;Ituango;5361;2016;26625;5.151173709;1.39342723;74.24600939;159;1750.0;2375;1;0;0;0;0;78.84822804;31.60246533;62.27522343;1051098.5;70.4713615;18763.0;46.16165414;41.85338346;219.3082707;209.4840278;43.91202754;19.57068325;146.0013171;0.786794471;20.96199313;9.34232717;69.6956797;42.88922501;356.9532166;102.1004562;17.4374807;48.81753628;13.35597407;18.82070949;37.29626079;13.56663471;48.0;149756.0;9.0;4309.0;14.0;5484.0;64.28571;78.57404;1.550702378;85.04269549;76.71944032;91.9111972;65.7971777;77.03193917;1.0;HH
5;558;Antioquia;Ituango;5361;2021;28142;4.853066591;1.378722195;71.22805771;164;1750.0;2375;1;0;0;0;0;76.18909723;31.80699341;59.64211697;1243372.333;62.36941227;17552.0;44.52985001;40.3134346;205.5895538;280.6787097;60.31893402;17.85019453;202.5095812;0.997365893;21.49038453;6.359653906;72.14996156;42.88922501;356.9532166;102.1004562;15.69601028;50.34756703;15.04176646;17.13689558;38.52853125;16.0664066;74.0;365998.0;25.0;74820.0;34.0;99402.0;73.52941;75.27012;0.60123303;77.87489468;69.1431154;85.686007;77.7560396;76.77326451;0.0;
5;585;Antioquia;Jardín;5364;2011;14055;5.1345903;;48.49519744;129;1750.0;227;1;0;0;0;0;55.11519372;43.69212534;76.56645744;533883.3333;72.24475276;10154.0;46.59232558;45.82217054;217.8294574;144.9021903;47.14334635;20.14153908;77.61730487;1.030965424;32.53459886;13.90009291;53.56530823;39.9383049;224.1030579;80.22525024;17.31595531;37.76854769;18.361501;15.42485508;39.47405627;21.235685;;;;;;;;;;84.43876735;82.75548247;86.1700775;64.1686741;86.40224212;0.0;
5;585;Antioquia;Jardín;5364;2016;14357;7.760442061;0.167165842;47.71888277;134;1750.0;227;1;0;0;0;0;54.75352113;43.02816901;69.88714271;685696.25;67.34693878;9669.0;54.23809524;52.49206349;267.7380952;175.2812106;49.30028971;15.7683024;110.2126185;1.220876302;28.12639731;8.996002678;62.87760001;39.9383049;224.1030579;80.22525024;17.37128506;37.89591182;21.86409934;14.95132128;39.42976356;24.40890125;;;;;;;;;;78.95142715;77.13603269;80.9418682;61.0843889;78.48413301;0.0;
5;585;Antioquia;Jardín;5364;2021;15115;11.84695115;0.568971221;44.46576249;139;1750.0;227;1;0;0;0;0;51.54920213;43.59042553;68.63691194;905965.75;62.11710222;9389.0;54.23225784;49.6258049;251.4387054;276.4684417;99.14642545;18.8651433;158.4568729;1.829099846;35.86175147;6.823615451;57.31463308;39.9383049;224.1030579;80.22525024;15.65831557;38.87260128;24.66684435;13.09946131;39.37721719;28.31428196;;;;;;;;;;72.65098766;70.60867813;74.676413;72.5401054;72.16216578;0.0;
5;585;Antioquia;Jericó;5368;2011;13976;8.131797367;;47.08070979;159;1975.0;195;1;0;0;0;0;55.66578483;43.66549089;74.08221587;533883.3333;44.46193475;6214.0;46.49068323;46.65838509;224.4409938;130.2100397;42.76601267;15.99993041;71.4440966;0.931668859;32.84386732;12.28778553;54.86834716;20.84322357;231.0132599;58.18902206;15.42857143;38.81318681;20.26373626;14.92099007;40.2880716;21.25576842;;;;;;;;;;76.034392;74.08064328;77.9253003;57.7818255;77.88398456;0.0;
5;585;Antioquia;Jericó;5368;2016;13697;9.961427076;0.30663649;45.19237789;164;1975.0;195;1;0;0;0;0;53.34687069;42.99804192;67.40374037;686406.5;47.38263853;6490.0;55.9202454;53.34355828;271.3190184;167.5268932;51.26844243;14.9925051;101.2659457;1.223091868;30.60311181;8.949312445;60.44757575;20.84322357;231.0132599;58.18902206;15.06024096;39.30355569;24.86041728;14.84545059;38.87679582;26.58540125;;;;;;;;;;71.53372145;69.41867557;73.4939952;55.345341;77.44105403;0.0;
5;585;Antioquia;Jericó;5368;2021;14106;14.50269389;1.552530838;40.96129307;169;1975.0;195;1;0;0;0;0;49.18216918;43.53106353;66.41278696;905965.75;45.11555367;6364.0;49.1243515;47.25906754;233.1865234;555.3393549;353.2996791;35.1357653;166.9039105;3.936901708;63.61870016;6.326899938;30.0543999;20.84322357;231.0132599;58.18902206;13.2914106;40.06002573;27.88337859;13.11014207;38.43015895;30.77788719;;;;;;;;;;65.32880863;63.42797412;67.3626727;65.2291017;69.73995611;0.0;
5;562;Antioquia;La Ceja;5376;2011;56960;14.4243036;;17.34726124;97;2143.0;133;1;0;0;0;0;22.98427635;48.51208429;64.29591472;533883.3333;18.57268258;10579.0;50.161;49.91280952;235.3174603;383.6059734;12.61581725;72.83469207;298.1554641;0.673465543;3.288743692;18.98685034;77.72440597;0.0;224.3377533;40.11593628;18.60448353;41.85828588;14.46695019;17.62511125;43.26008078;16.08475389;;;;;;;;;;60.35780747;58.01578614;62.2586165;45.8685104;59.40264949;2.0;LL
5;562;Antioquia;La Ceja;5376;2016;62185;21.94218863;1.175524644;15.9540082;102;2143.0;133;1;0;0;0;0;21.13611544;48.72442129;57.92069036;685696.25;15.44102275;9602.0;54.92403315;53.94337017;271.0469613;616.4438923;37.71001306;89.46483242;489.2690468;0.991306412;6.11734718;14.51305359;79.36959923;0.0;224.3377533;40.11593628;18.30076184;42.14971845;18.04239815;16.6713549;43.04735115;20.47819972;;;;;;;;;;48.73157489;46.68458407;51.3209859;37.7034156;53.54830418;2.0;LL
5;562;Antioquia;La Ceja;5376;2021;68554;24.55655396;2.023222569;12.382939;107;2143.0;133;1;0;0;0;0;16.73079733;49.4780251;56.02098567;905965.75;18.36800187;12592.0;55.35245895;53.74590302;264.057373;1012.799239;64.26031063;104.6885187;843.8504095;1.477374389;6.344822168;10.33655188;83.31862595;0.0;224.3377533;40.11593628;16.49615211;43.63060208;20.23540063;15.05689037;43.27903103;23.50715718;;;;;;;;;;45.20992629;42.60421972;47.4197273;45.1409255;50.6117527;2.0;LL
5;595;Antioquia;La Estrella;5380;2011;62544;11.36093523;;18.2255692;178;1764.0;35;1;0;0;0;0;24.11599427;48.98655216;56.3263847;565609.6667;18.12643899;11337.0;47.8364759;47.57893072;226.1430723;991.0828418;5.550278246;579.5636738;405.9688897;1.584616976;0.560021626;58.47782339;40.96215499;14.80121994;252.6575012;14.80121994;18.73604957;44.13165873;14.15531199;16.69997233;46.49983091;16.82294709;478.0;40273.0;104.0;9118.0;216.0;18601.0;48.14814815;49.01886995;0.120279065;49.20105497;44.76929714;53.3126599;37.3900112;45.95959161;2.0;LL
5;595;Antioquia;La Estrella;5380;2016;68483;17.53865923;3.982010134;15.63161661;183;1764.0;35;1;0;0;0;0;21.365141;48.84779426;51.89741116;722912.75;12.59728692;8627.0;55.91532847;52.87737226;270.6029197;1477.644428;6.045907999;755.9811842;715.6173354;2.157680633;0.409158515;51.16123813;48.42960336;14.80121994;252.6575012;14.80121994;17.70449187;45.15144187;17.18154888;15.96000113;46.47043869;20.0728793;459.0;540591.0;63.0;7068.0;230.0;26277.0;27.3913;26.89805;0.098019477;28.02722432;24.17493558;32.2783736;21.6845462;31.18522491;2.0;LL
5;595;Antioquia;La Estrella;5380;2021;75609;23.67740613;7.052070521;12.80403127;188;1764.0;35;1;0;0;0;0;17.78696554;49.19615074;50.42267348;941592.25;13.27355209;10036.0;56.69752121;52.99338913;265.3338928;2304.780701;8.004142738;1185.345815;1111.430743;3.048288829;0.347284353;51.42987419;48.22284146;14.80121994;252.6575012;14.80121994;15.90933916;46.63025669;19.229929;14.34763651;46.67726795;22.93723871;595.0;730080.0;102.0;206522.0;286.0;553404.0;35.66434;37.31849;0.085123687;37.33644413;33.67999687;40.9343426;37.2794601;37.57876613;2.0;LL
5;585;Antioquia;La Pintada;5390;2011;9059;6.511020348;;26.85726901;15;592.0;55;1;0;0;0;0;34.17288951;45.46259967;74.99582986;534116.6667;53.27298819;4826.0;41.19811321;40.23584906;197.009434;108.5110113;10.74334697;40.20650189;57.56116241;1.197825491;9.900697494;37.0529234;53.04637911;12.58330631;216.4174042;60.46619034;18.72675563;39.09429009;12.88558302;18.71657754;41.93404635;12.32174688;;;;;;;;;;73.39059209;71.52399193;75.3557974;55.7726875;71.85401893;0.0;
5;585;Antioquia;La Pintada;5390;2016;8343;13.01989692;0.803068441;17.46374206;20;592.0;55;1;0;0;0;0;23.16990357;47.05962244;61.2698956;686292.0833;48.2919813;4029.0;46.22680412;43.82474227;225.2371134;145.4930219;4.736418612;46.64512827;94.11147499;1.743893346;3.255426653;32.06004499;64.68452836;12.58330631;216.4174042;60.46619034;19.82283936;41.0342351;15.10653579;18.77100336;43.59097456;14.9543927;;;;;;;;;;64.89231086;62.79087272;67.1932718;50.2069094;61.05065644;0.0;
5;585;Antioquia;La Pintada;5390;2021;8373;18.84032008;3.594888332;9.745610892;25;592.0;55;1;0;0;0;0;13.31589094;48.11346736;59.03001526;906416.6667;51.70189896;4329.0;50.53164673;45.36708832;231.3038025;197.1835812;10.746977;63.72640488;122.7101993;2.354993207;5.450239281;32.31831195;62.23144877;12.58330631;216.4174042;60.46619034;18.14946619;42.84697509;16.72597865;17.0995671;44.37229437;17.62866763;;;;;;;;;;60.13786029;57.89957756;62.6298326;60.046076;60.35831776;0.0;
5;562;Antioquia;La Unión;5400;2011;19810;9.457765438;;44.74003029;100;2472.0;200;1;0;0;0;0;52.80729195;43.60606224;75.04799939;533883.3333;41.37809187;8197.0;46.35137795;47.07267717;223.9566929;155.1892689;19.94021072;26.80699686;108.4420613;0.783388535;12.84896235;17.2737439;69.87729375;0.0;214.9680023;49.46942902;18.52342159;39.04276986;13.95112016;17.30730731;41.18118118;15.11511512;;;;;;;;;;72.62644498;70.43690377;74.5349615;55.191979;81.93500856;0.0;
5;562;Antioquia;La Unión;5400;2016;20784;11.88935399;0.279060816;42.01308699;105;2472.0;200;1;0;0;0;0;49.83729662;43.88986233;65.47501759;685696.25;41.30581216;8585.0;52.50714286;50.89285714;257.3035714;200.7222743;22.47575272;25.60657586;152.6399457;0.965753822;11.19743825;12.75721688;76.04534486;0.0;214.9680023;49.46942902;18.98512686;39.85612909;16.39933897;17.89082595;41.32609317;17.87177289;;;;;;;;;;66.39322515;64.12650812;68.4532251;51.3681605;78.48349792;0.0;
5;562;Antioquia;La Unión;5400;2021;22474;14.80191925;0.694135445;37.04280502;110;2472.0;200;1;0;0;0;0;44.76331772;44.67986462;62.5605581;905965.75;39.88164101;8963.0;50.98147964;50.0370369;242.6740723;340.7343377;59.67036592;42.36974984;238.6942219;1.516126803;17.5122843;12.43483417;70.05288154;0.0;214.9680023;49.46942902;17.18933574;41.48215093;18.5630366;16.29415374;41.86168814;20.72924884;;;;;;;;;;61.37305341;58.79192338;63.7158833;61.2793839;81.16763059;2.0;LL
5;560;Antioquia;Liborina;5411;2011;10226;2.427635439;;78.09505183;178;750.0;220;1;0;0;0;0;82.88689068;38.16374823;86.16015132;533883.3333;76.45218072;7818.0;42.17229358;41.79706422;204.6972477;72.23477892;18.45239492;7.238660621;46.54372338;0.706383522;25.54502858;10.02101859;64.43395284;48.61481094;316.3016052;54.48921204;16.30373035;37.01950388;18.34879758;15.44994944;38.17997978;19.47421638;215.0;56287.0;89.0;22018.0;93.0;23129.0;95.69892473;95.19650655;0.064222945;94.5666665;90.95670877;97.1680832;71.865303;93.6473029;0.0;
5;560;Antioquia;Liborina;5411;2016;10094;4.207119741;0.019813751;77.24390727;183;750.0;220;1;0;0;0;0;82.50739645;38.10096154;78.54923889;811058.0;71.13136517;7180.0;48.18881119;44.28671329;228.3286713;85.3355718;20.15437838;7.451572553;57.72962087;0.845408875;23.61779262;8.732082525;67.65012485;48.61481094;316.3016052;54.48921204;15.93502224;37.45890543;21.15644943;15.05179768;38.35059923;22.48628885;171.0;733736.0;63.0;29574.0;75.0;34903.0;84.0;84.73197;0.220790925;84.5095111;79.62140114;89.1072178;65.3846552;85.37481551;0.0;
5;560;Antioquia;Liborina;5411;2021;10361;4.52980729;0.125470514;74.66460766;188;750.0;220;1;0;0;0;0;80.37225042;38.13340458;76.73327278;1115839.833;71.15143326;7372.0;48.84732819;44.38167953;223.4122162;139.4258474;37.24356264;8.926974098;93.25531063;1.345679446;26.71209345;6.402667989;66.88523856;48.61481094;316.3016052;54.48921204;14.16729465;38.56443105;23.96382818;13.51672274;38.25450228;26.08351474;223.0;639763.0;78.0;480826.0;101.0;656989.0;77.22772;73.18631;0.194562552;74.15388625;68.60563463;79.2711693;74.0407103;76.78778197;0.0;
5;546;Antioquia;Maceo;5425;2011;8411;5.421471882;;64.23730829;53;1100.0;436;1;0;0;0;0;70.63414634;40.80487805;87.5;533883.3333;76.34050648;6421.0;41.91509434;41.19811321;202.3113208;75.61884423;24.53161653;9.278519214;41.80870848;0.899047013;32.44114187;12.27011509;55.28874305;20.40006065;243.9597473;106.9815369;16.92271331;35.07445048;18.26991255;16.10047847;38.42105263;16.98564593;118.0;53490.0;51.0;20744.0;53.0;21575.0;96.22641509;96.14831981;0.073697133;94.78645794;90.25876318;97.9851876;72.032332;92.62212594;0.0;
5;546;Antioquia;Maceo;5425;2016;8277;14.68728605;1.063187145;62.89718497;58;1100.0;436;1;0;0;0;0;69.53789279;40.96118299;84.50349108;812815.9167;66.69083001;5520.0;51.84415584;49.14285714;249.7402597;91.93347698;26.57510456;7.645202079;57.71317035;1.110710124;28.9068851;8.316015373;62.77709953;20.40006065;243.9597473;106.9815369;16.14545455;35.61212121;20.0;15.55876686;38.3911368;18.47302505;95.0;272227.0;27.0;13315.0;50.0;26490.0;54.0;50.26425;0.566575304;57.96218605;49.20220421;66.2277708;44.8451009;59.67683005;0.0;
5;546;Antioquia;Maceo;5425;2021;8495;9.30351187;3.260741613;59.50559152;63;1100.0;436;1;0;0;0;0;66.52039848;41.29506641;81.71374765;905965.75;67.26309594;5714.0;50.14545441;48.20909119;234.154541;133.1306472;43.49495714;8.078317517;81.55737254;1.56716477;32.67088237;6.067962326;61.2611553;20.40006065;243.9597473;106.9815369;14.38746439;36.96581197;22.7682811;13.63530236;38.96801307;21.94723325;121.0;423053.0;40.0;327188.0;57.0;474047.0;70.17544;69.02016;0.37749086;70.45658982;62.65642796;77.4691101;70.3490568;70.54583476;0.0;
5;562;Antioquia;Marinilla;5440;2011;57642;11.13395325;;35.38912598;224;2088.0;116;1;0;0;0;0;42.92540995;45.5806694;74.45077299;535343.4167;27.15381146;15652.0;48.16562162;47.53031081;227.3175676;653.7670105;142.637642;192.7022902;318.4270783;1.134185161;21.81780966;29.4756828;48.70650754;0.0;234.1060944;38.15295792;18.90143123;38.9844217;13.05341632;18.34959767;41.01010101;14.62420818;317.0;58584.0;86.0;16490.0;134.0;24414.0;64.17910448;67.54321291;0.181947765;67.23589103;62.04177606;72.1147461;51.0954638;63.723153;2.0;LL
5;562;Antioquia;Marinilla;5440;2016;62194;16.44732611;0.633501624;32.56905811;229;2088.0;116;1;0;0;0;0;40.28440143;45.59299614;65.65552216;685711.25;23.80615493;14806.0;55.33532934;54.01497006;270.8083832;886.252996;151.4514563;275.2347568;459.5667828;1.424981503;17.0889641;31.05600298;51.85503292;0.0;234.1060944;38.15295792;18.47921617;40.65948374;15.34780769;17.69453182;42.49038859;17.2624154;208.0;964974.0;58.0;23776.0;93.0;38410.0;62.36559;61.90055;0.277464325;60.57299961;54.52237112;66.2762401;46.8650764;58.5204546;2.0;LL
5;562;Antioquia;Marinilla;5440;2021;68112;16.80100423;1.935048156;28.14335213;234;2088.0;116;1;0;0;0;0;35.44786798;46.48160514;62.56326288;905965.75;27.31236786;18603.0;54.58034515;51.64542007;255.6600342;1544.743843;231.9285522;599.2761482;713.5391429;2.267946681;15.01404607;38.79453223;46.1914217;0.0;234.1060944;38.15295792;16.7774982;42.47244189;17.28073329;16.09940106;43.16689703;19.93492283;236.0;715407.0;62.0;346365.0;104.0;547897.0;59.61538;63.21717;0.304355589;61.93460316;56.60222172;67.6707117;61.8400766;60.53127005;2.0;LL
5;585;Antioquia;Montebello;5467;2011;7246;3.950455424;;75.48992548;98;2200.0;84;1;0;0;0;0;81.29467832;38.35054276;82.22904783;533883.3333;65.59481093;4753.0;44.0635443;41.96962025;210.0632911;90.17639063;13.9699751;39.8345489;36.37186662;1.244498905;15.49183218;44.17403339;40.33413443;10.1656723;224.4004974;42.7192955;16.07335491;36.05717368;20.98166127;14.89542114;38.27020916;20.49180328;73.0;27484.0;28.0;9740.0;32.0;11005.0;87.5;88.5052249;0.320560113;86.44208075;78.42904595;92.4615455;65.6910786;86.23060683;4.0;HL
5;585;Antioquia;Montebello;5467;2016;6786;5.655025052;0.412614206;73.2979664;103;2200.0;84;1;0;0;0;0;79.1587517;38.10040706;73.37602928;686167.0833;64.02888299;4345.0;52.86538462;50.07692308;256.0384615;116.910291;17.24105523;55.44058167;44.22865405;1.722815959;14.74725201;47.42147267;37.83127532;10.1656723;224.4004974;42.7192955;15.24195885;36.74297305;26.5140539;13.76311844;38.3808096;25.06746627;48.0;196000.0;17.0;8189.0;21.0;9822.0;80.95238;83.37406;0.766409235;80.93778352;72.67144448;88.3918347;62.6212245;80.16258123;4.0;HL
5;585;Antioquia;Montebello;5467;2021;6840;10.15107212;0.438596491;68.37719298;108;2200.0;84;1;0;0;0;0;75.10050925;38.58214956;72.38312429;905965.75;64.32748538;4400.0;48.10344696;46.70689774;231.7758636;106.3269362;25.4136817;19.94500137;60.96825313;1.554487371;23.90145207;18.7581831;57.34036483;10.1656723;224.4004974;42.7192955;13.41217191;37.52523796;29.6509951;12.00711533;38.48206345;28.75778239;49.0;211271.0;18.0;163099.0;25.0;271345.0;72.0;60.10761;1.162925549;65.7910524;54.7720696;75.1823984;65.69064;63.49494305;2.0;LL
5;592;Antioquia;Murindó;5475;2011;4180;2.101275917;;64.23444976;162;25.0;1365;1;0;0;0;0;66.51277316;41.79747615;139.4470046;550889.9583;81.19617225;3394.0;41.375;36.875;199.4583333;16.59810773;1.513892092;1.091417691;13.99279795;0.397083917;9.120871589;6.575554931;84.30357348;51.71881866;398.3180542;142.4277191;19.89700375;27.57490637;7.209737828;18.78669276;29.64774951;7.045009785;;;;;;;;;;88.38334375;86.79840823;89.8281486;67.1663284;87.32602648;0.0;
5;592;Antioquia;Murindó;5475;2016;4696;3.12677456;0.085178876;64.56558773;167;25.0;1365;1;0;0;0;0;64.83926521;43.14006889;152.7670528;1010207.375;85.86030664;4032.0;43.27777778;42.66666667;216.8888889;35.42833544;1.950084784;2.987630465;30.49062019;0.754436445;5.504308231;8.432884095;86.06280767;51.71881866;398.3180542;142.4277191;18.07482135;26.31357713;7.440100883;17.56581787;29.30513595;7.121277514;;;;;;;;;;79.97790169;77.83758498;81.8275212;61.878568;82.44335492;0.0;
5;592;Antioquia;Murindó;5475;2021;5183;5.583960383;0.617403048;62.87864171;172;25.0;1365;1;0;0;0;0;63.32655137;43.08240081;143.4404537;992080.5833;91.06694964;4720.0;40.63999939;36.91999817;187.4400024;52.75218894;2.671917176;3.199993625;46.88027814;1.017792571;5.06503565;6.066086905;88.86887745;51.71881866;398.3180542;142.4277191;16.82600382;28.68068834;8.374760994;16.31619938;30.8411215;8.761682243;;;;;;;;;;84.53397914;82.85004933;86.3316273;84.4049607;81.53367647;0.0;
5;592;Antioquia;Mutatá;5480;2011;12940;2.821354972;;65.70324575;60;132.0;1119;1;0;0;0;0;70.88303365;40.64447214;109.0787359;533883.3333;112.1561051;14513.0;40.80136986;37.51369863;195.7054795;95.46206707;31.96452019;7.603488658;55.89405822;0.737728494;33.48400173;7.964931927;58.55106634;34.18059158;409.7050171;145.4007874;20.02401681;31.46202342;10.55238667;19.48072635;34.19878942;8.681108633;173.0;66366.0;56.0;22801.0;72.0;28579.0;77.77777778;79.78235768;0.22806318;82.14911071;76.6429476;87.2297994;62.4286649;82.82708727;0.0;
5;592;Antioquia;Mutatá;5480;2016;13625;5.926605505;0.168807339;64.03669725;65;132.0;1119;1;0;0;0;0;68.68977177;41.46238377;106.4805457;900573.0417;129.2110092;17605.0;46.44102564;43.63589744;224.3589744;145.6015825;39.34167635;12.32499186;93.93491433;1.068635468;27.02008842;8.464874934;64.51503664;34.18059158;409.7050171;145.4007874;19.0898517;32.43675487;10.97702821;18.57121684;34.74136653;9.752482585;195.0;834924.0;60.0;27494.0;76.0;34339.0;78.94736;80.0664;0.236871978;83.06701359;77.92065277;87.1350171;64.2686009;81.02063697;0.0;
5;592;Antioquia;Mutatá;5480;2021;14639;14.84277159;1.30473393;59.94261903;70;132.0;1119;1;0;0;0;0;64.97584541;41.57706093;100.2302291;1080184.083;137.1063597;20071.0;46.82962799;41.20000076;212.318512;231.0973728;75.93373037;13.567465;141.5961775;1.578641798;32.85789424;5.870886731;61.27121903;34.18059158;409.7050171;145.4007874;17.46288799;34.62887989;12.57759784;17.07013418;36.63023931;11.4400332;172.0;784411.0;55.0;144722.0;78.0;214384.0;70.51282;67.50597;0.304692332;71.89967608;64.9257367;78.2143087;71.7899405;70.54021419;0.0;
5;562;Antioquia;Nariño;5483;2011;11423;1.831100995;;73.07187254;98;1661.0;317;1;0;0;0;0;78.28196603;39.32967922;93.50159559;533883.3333;86.13323995;9839.0;44.45351648;42.2289011;205.4835165;115.172423;26.05913723;42.1939953;46.91929045;1.008250223;22.62619519;36.63550198;40.73830283;17.79136086;171.8476105;92.52548981;16.52129297;34.70155635;17.8724132;16.2661406;35.49139168;17.44978479;;;;;;;;;;87.03022121;85.50900308;88.5843099;66.138032;86.41007081;0.0;
5;562;Antioquia;Nariño;5483;2016;10501;3.861536996;0.076183221;70.22188363;103;1661.0;317;1;0;0;0;0;76.20479098;39.73696571;85.60061209;889898.9583;82.31596991;8644.0;47.11235955;43.26966292;224.9325843;91.41838934;18.94556273;12.15294214;60.31988447;0.870568416;20.7240172;13.29376095;65.98222185;17.79136086;171.8476105;92.52548981;16.52400447;34.10867138;20.89691105;16.73493271;35.90793837;21.39652818;;;;;;;;;;85.8463116;84.36255349;87.3369368;66.4189322;76.08417592;0.0;
5;562;Antioquia;Nariño;5483;2021;10541;3.342503874;0.284602979;66.05635139;108;1661.0;317;1;0;0;0;0;72.67069206;40.13934046;83.69681257;1169479.25;77.10843373;8128.0;46.89772797;43.64772797;221.1931763;129.2733222;38.5001572;14.03907809;76.7340869;1.226385753;29.78198173;10.85999637;59.3580219;17.79136086;171.8476105;92.52548981;14.74036851;34.97115206;23.91587567;14.95743034;36.16486068;25.01934985;;;;;;;;;;82.43390372;80.47288385;84.3481671;82.3080905;75.24956447;0.0;
5;592;Antioquia;Necoclí;5490;2011;38885;2.390167588;;75.02635978;34;6.0;1377;1;0;0;0;0;79.34113567;40.29186534;116.2909224;533883.3333;116.1141828;45151.0;38.90114943;37.64367816;191.2252874;277.1446627;44.14165432;28.34168133;204.6613271;0.712728977;15.92729727;10.22631324;73.84638949;78.40380096;524.3864136;263.690979;19.86009732;30.01317924;10.77656123;19.70037062;32.28062849;9.474343582;;;;;;;;;;95.76427995;94.83847091;96.6948167;72.7754213;89.210188;0.0;
5;592;Antioquia;Necoclí;5490;2016;41016;4.040090046;0.053637605;74.33196801;39;6.0;1377;1;0;0;0;0;78.91044698;41.10467845;104.470392;1019136.375;111.9587478;45921.0;45.81090909;42.08545455;219.1290909;420.7256463;85.90139816;36.9174747;297.9067735;1.025759816;20.41743804;8.774714596;70.80784736;78.40380096;524.3864136;263.690979;19.13684002;31.74312834;11.7312636;18.89070618;35.39542043;11.19876852;;;;;;;;;;91.11078797;89.59626817;92.4181224;70.4920355;83.84215533;0.0;
5;592;Antioquia;Necoclí;5490;2021;44348;4.979931451;0.426174799;71.1666817;44;6.0;1377;1;0;0;0;0;76.30934551;41.05032927;98.67833068;908526.0;108.6272211;48174.0;44.43246841;40.42019272;203.8840332;647.9166344;186.6483985;40.97123307;420.2970029;1.46098276;28.8074713;6.323534679;64.86899402;78.40380096;524.3864136;263.690979;17.38732974;33.97933998;13.5707103;17.23631509;37.09390298;13.20872274;;;;;;;;;;90.20405092;88.74068541;91.7639396;90.0663787;83.72407894;0.0;
5;511;Antioquia;Nechí;5495;2011;22669;2.207493346;;50.05073007;30;35.0;925;1;0;0;0;0;56.9115035;41.24438408;102.1669282;533883.3333;89.83634038;20365.0;41.52543307;40.86283465;204.4015748;277.7514311;165.9481801;16.85515033;94.94810069;1.225247832;59.74701172;6.068429695;34.18455858;121.8269424;399.1660767;202.7311401;19.17668982;33.62696934;12.12095545;19.38690969;34.39197275;9.785510448;;;;;;;;;;92.4542363;91.26594909;93.4888509;70.2599759;88.83632305;0.0;
5;511;Antioquia;Nechí;5495;2016;24697;2.374107516;0.295582459;49.2529457;35;35.0;925;1;0;0;0;0;55.53999227;42.31066461;105.8203643;846922.4583;93.55792201;23106.0;46.98918919;43.69189189;224.5675676;319.4330288;157.9270479;17.61273626;143.8932447;1.293408223;49.43979915;5.513749258;45.04645159;121.8269424;399.1660767;202.7311401;18.26252378;32.53012048;13.29264426;18.50840162;34.12796954;10.60342687;;;;;;;;;;87.93183742;86.44576844;89.4631943;68.0324948;84.2102711;0.0;
5;511;Antioquia;Nechí;5495;2021;27195;2.372372372;0.187534473;46.14451186;40;35.0;925;1;0;0;0;0;52.49261768;42.04881014;100.330033;1214070.0;92.85530428;25252.0;45.72000122;42.10285568;210.5085754;322.4277875;87.21409484;17.37275556;217.8409371;1.185614221;27.0491869;5.388107425;67.56270568;121.8269424;399.1660767;202.7311401;16.56682356;34.63842533;15.18328341;16.78433159;35.82327488;12.47248159;;;;;;;;;;87.6675473;86.10910426;89.2768711;87.5337463;86.18190619;0.0;
5;560;Antioquia;Olaya;5501;2011;3110;2.58306538;;92.73311897;152;400.0;91;1;0;0;0;0;95.02458779;36.36100665;86.14583333;533883.3333;69.19614148;2152.0;40.71136364;39.13204545;197.3863636;22.53378885;3.097904472;1.846497271;17.58938711;0.724559127;13.74781885;8.194348863;78.05783228;36.9307785;300.1567688;36.9307785;17.09616593;35.38654934;20.23884349;16.06319947;37.78801843;19.48650428;;;;;;;;;;86.63235029;85.08512402;88.2429267;65.8356727;89.84712286;0.0;
5;560;Antioquia;Olaya;5501;2016;3092;5.217766279;0.09702458;93.20827943;157;400.0;91;1;0;0;0;0;95.21652986;36.37135579;80.94747683;783063.875;57.14747736;1767.0;47.28947368;43.57894737;222.6578947;32.47929668;5.230016496;2.785874103;24.46340608;1.050430035;16.10261622;8.577384328;75.31999945;36.9307785;300.1567688;36.9307785;15.38461538;36.08974359;23.14102564;15.01305483;38.5770235;22.06266319;;;;;;;;;;78.41137843;76.57532937;80.069258;60.6665555;80.17668675;0.0;
5;560;Antioquia;Olaya;5501;2021;3236;4.625051504;0.463535229;90.2039555;162;400.0;91;1;0;0;0;0;93.19946452;36.33199465;79.51628825;906990.8333;54.11001236;1751.0;47.7441864;44.4883728;223.837204;47.65550108;11.84540097;2.955970771;32.85412934;1.472666906;24.85631396;6.202790243;68.94089579;36.9307785;300.1567688;36.9307785;13.74233129;36.87116564;26.19631902;13.26276463;38.66749689;25.40473225;;;;;;;;;;76.91469623;74.93111528;78.9808951;76.7973066;81.07234159;0.0;
5;562;Antioquia;Peñol;5541;2011;19561;4.545609461;;50.84607126;237;1891.0;145;1;0;0;0;0;59.57736878;43.3013476;77.69921347;533883.3333;61.00915086;11934.0;47.65501916;44.94042146;220.9923372;155.6639366;57.07210975;19.54742286;79.04440401;0.795787212;36.66366854;12.55745119;50.77888027;0.0;236.5967407;44.56386566;17.56501678;37.33221477;17.60696309;16.45885287;40.0798005;18.49376559;;;;;;;;;;81.07053869;79.2502411;82.5677351;61.6090113;82.7765884;2.0;LL
5;562;Antioquia;Peñol;5541;2016;20351;7.365321933;0.113016559;48.68556828;242;1891.0;145;1;0;0;0;0;58.21619481;42.8133043;70.44676098;685696.25;53.29959216;10847.0;53.61085973;53.25791855;264.6651584;341.2689047;185.542094;30.9593578;124.7674529;1.676914671;54.36829767;9.071836718;36.55986561;0.0;236.5967407;44.56386566;16.62306299;38.73012679;20.69832964;15.73033708;39.84442524;21.51157207;;;;;;;;;;72.98708097;71.00317243;74.9973515;56.4697992;73.85154304;2.0;LL
5;562;Antioquia;Peñol;5541;2021;22008;10.03763783;0.308978553;44.32933479;247;1891.0;145;1;0;0;0;0;53.99752872;43.29321313;68.73624862;905965.75;53.15794257;11699.0;48.90839767;47.05725098;231.1450348;560.9489119;353.3119542;37.02639111;170.6105666;2.54884093;62.98469373;6.600670814;30.41463545;0.0;236.5967407;44.56386566;15.02513498;39.88084156;22.92869112;14.18427126;40.07633588;24.48961477;;;;;;;;;;70.29576069;68.13289369;72.5454205;70.1884731;71.25255092;2.0;LL
5;560;Antioquia;Peque;5543;2011;7904;1.822916667;;75.18977733;96;1200.0;397;1;0;0;0;0;79.70068027;38.63945578;109.6910425;535263.5;88.80313765;7019.0;41.83870968;38.11290323;204.516129;45.21926716;10.08468841;3.71016102;31.42441773;0.572106113;22.30175109;8.204823416;69.49342549;46.63967896;347.8540344;88.31512451;18.45783133;31.6626506;14.91566265;16.72882259;33.27117741;15.34363346;;;;;;;;;;91.18698753;89.85129531;92.6143531;69.2969387;91.80098382;0.0;
5;560;Antioquia;Peque;5543;2016;7991;3.354815834;0.025028157;72.64422475;101;1200.0;397;1;0;0;0;0;77.57742062;38.28563962;96.10254273;1087212.583;81.50419222;6513.0;47.28421053;41.47368421;224.7052632;65.36457288;14.12292983;5.608315155;45.6333279;0.817977386;21.60639809;8.580053243;69.81354867;46.63967896;347.8540344;88.31512451;19.02392798;34.11513859;14.99644634;17.63925729;36.23342175;15.25198939;;;;;;;;;;86.2026895;84.53715447;87.9456005;66.6946602;85.27880106;0.0;
5;560;Antioquia;Peque;5543;2021;8431;4.177045032;0.498161547;67.95160716;106;1200.0;397;1;0;0;0;0;73.64037237;38.63302303;91.390082;1087486.958;78.6858024;6634.0;48.60185242;43.87963104;223.7037048;89.7855853;22.04463675;5.577368352;62.1635802;1.064945858;24.55253443;6.211875028;69.23559054;46.63967896;347.8540344;88.31512451;17.49718151;36.09921082;17.0011274;16.14114114;37.03703704;18.19319319;;;;;;;;;;84.31562285;82.6072025;86.0652586;84.1869377;85.58010457;0.0;
5;585;Antioquia;Pueblorrico;5576;2011;8796;3.190844323;;51.80763984;100;1800.0;86;1;0;0;0;0;58.87300252;42.96527694;83.85633956;533883.3333;68.66757617;6040.0;45.03311828;44.93537634;218.827957;72.07958632;12.90384424;16.99166419;42.18407789;0.819458689;17.9022174;23.57347628;58.52430632;31.42336082;244.2328186;56.73041153;17.20331187;35.6025759;18.39926403;16.32194245;37.79226619;18.07553957;;;;;;;;;;82.50442014;80.73101355;84.2679303;62.6986799;85.72788916;0.0;
5;585;Antioquia;Pueblorrico;5576;2016;8739;4.396956173;0.080100698;49.43357364;105;1800.0;86;1;0;0;0;0;56.35248319;42.66839684;76.31578947;689455.0;68.03982149;5946.0;53.20779221;51.35064935;262.2077922;78.002636;18.14827889;7.920852939;51.93350416;0.892580799;23.26623794;10.15459649;66.57916557;31.42336082;244.2328186;56.73041153;16.86166552;35.51273228;22.41339757;15.98173516;38.10502283;21.23287671;;;;;;;;;;80.27803707;78.57356033;82.2579731;62.1107814;82.36822115;0.0;
5;585;Antioquia;Pueblorrico;5576;2021;8959;4.7391822;0.04464784;45.4180154;110;1800.0;86;1;0;0;0;0;52.57142857;42.93714286;74.96955992;908526.0;63.85757339;5721.0;48.39603806;45.22772217;225.742569;126.7133953;42.04755265;10.2059285;74.45991414;1.414369855;33.18319468;8.054340648;58.76246467;31.42336082;244.2328186;56.73041153;15.24362986;36.27626285;25.48055431;14.35897436;38.10479376;24.90523969;;;;;;;;;;76.74529159;74.60895908;78.9753391;76.6281605;81.27258938;0.0;
5;546;Antioquia;Puerto Berrío;5579;2011;36620;10.97464955;;18.23593665;130;113.0;1198;1;0;0;0;0;23.45963756;48.21087315;77.87911903;533883.3333;71.42545057;26156.0;42.64015054;39.94969892;198.7204301;357.0584162;22.16263021;55.67262257;279.2231634;0.975036636;6.207004009;15.59202081;78.20097518;35.52238846;237.9269104;121.7623291;19.61272476;37.57123098;13.26141079;18.20436775;40.36128336;13.89053653;201.0;67233.0;58.0;17279.0;84.0;24561.0;69.04761905;70.35137006;0.313596218;71.56083078;65.74278178;77.2114412;54.3821727;72.2158099;0.0;
5;546;Antioquia;Puerto Berrío;5579;2016;38302;13.77473761;1.472507963;17.43251005;135;113.0;1198;1;0;0;0;0;22.2391842;47.39413184;67.93006291;685696.25;63.47449219;24312.0;48.29919679;44.50803213;227.5983936;498.1538268;44.77883563;53.78945037;399.5855408;1.300594817;8.988957471;10.79775914;80.21328339;35.52238846;237.9269104;121.7623291;19.07189678;39.97502861;15.61231922;17.37421384;41.20545073;17.00209644;206.0;845512.0;70.0;30035.0;98.0;42840.0;71.42857;70.10971;0.248223823;70.61735689;64.67831435;76.3726399;54.6363536;69.70689865;0.0;
5;546;Antioquia;Puerto Berrío;5579;2021;41108;18.30118225;2.276929065;13.54967403;140;113.0;1198;1;0;0;0;0;17.49886389;48.0430584;65.56092324;905965.75;60.23645033;24762.0;47.7938385;43.63033295;218.9312744;730.5926496;88.95563763;62.36229131;579.2747207;1.777251751;12.17581886;8.535849812;79.28833133;35.52238846;237.9269104;121.7623291;17.09189872;41.62414346;17.77227001;15.62028153;41.95119575;19.77010375;198.0;927177.0;60.0;224724.0;89.0;326022.0;67.41573;68.92909;0.253915437;68.6936342;62.29977203;74.608576;68.5887918;68.66475993;0.0;
5;546;Antioquia;Puerto Nare;5585;2011;14696;4.896457086;;71.27789875;44;131.0;668;1;0;0;0;0;77.98587043;39.37616636;81.13974126;533883.3333;54.09635275;7950.0;43.21319797;41.72588832;203.9238579;276.043935;86.08876851;43.00783617;146.9473303;1.878361017;31.18661836;15.58006923;53.23331242;45.5661087;201.6560822;104.0999527;16.2488142;37.89131319;17.33297195;16.7828345;39.27839278;15.92182588;;;;;;;;;;81.22627904;79.46003125;83.1554371;61.7273652;84.85767458;0.0;
5;546;Antioquia;Puerto Nare;5585;2016;14370;7.50637903;1.496172582;69.71468337;49;131.0;668;1;0;0;0;0;75.60762723;39.55955418;75.57554342;721412.5;50.78636047;7298.0;47.91925466;45.40372671;233.8757764;380.8741407;100.002577;48.78040089;232.0911628;2.650481146;26.25606896;12.80748564;60.9364454;45.5661087;201.6560822;104.0999527;15.27681421;39.28125434;18.99542112;14.75638699;40.59751501;19.18190702;;;;;;;;;;71.88359316;69.78176216;73.8751875;55.6160353;69.39808535;0.0;
5;546;Antioquia;Puerto Nare;5585;2021;14855;8.988556042;2.362840794;65.57388085;54;131.0;668;1;0;0;0;0;72.14138553;39.99484934;72.12289355;961201.0;47.35779199;7035.0;47.36805725;43.96527863;219.1180573;549.543217;136.7345276;56.19920375;356.6094856;3.699382141;24.88148764;10.22653033;64.89198203;45.5661087;201.6560822;104.0999527;13.62960962;40.75374848;21.51830339;13.09715513;41.23725174;22.26247987;;;;;;;;;;70.03752714;67.79706341;72.3364638;69.9306337;70.23512914;0.0;
5;546;Antioquia;Puerto Triunfo;5591;2011;15873;7.159432159;;83.45618346;34;152.0;365;1;0;0;0;0;88.99939357;37.30139478;82.85148515;533883.3333;61.19196119;9713.0;43.12080537;42.40939597;206.0604027;152.6529073;27.45087179;13.90425047;111.2977851;0.961714278;17.98254109;9.108408556;72.90905035;47.46630478;185.078476;109.7614899;17.86814541;39.19901417;12.8034504;18.07166796;39.12090745;13.13482856;158.0;56069.0;51.0;17405.0;71.0;24839.0;71.83098592;70.07125891;0.333989994;72.16002015;65.60736521;78.6788973;54.8375226;77.1829283;0.0;
5;546;Antioquia;Puerto Triunfo;5591;2016;17294;8.54968968;0.659188158;83.60703134;39;152.0;365;1;0;0;0;0;87.46206059;34.76629325;66.458474;685700.0;48.15542963;8328.0;52.35344828;51.74137931;259.4051724;167.5155238;34.1528368;13.40650591;119.9561811;0.968633768;20.38786378;8.0031424;71.60899382;47.46630478;185.078476;109.7614899;19.1957672;45.3015873;11.31216931;17.96277409;40.88475268;13.14380418;162.0;769893.0;47.0;25420.0;76.0;47390.0;61.84211;53.64001;0.419833185;58.51498668;51.36440916;65.3654662;45.2728004;59.92239139;0.0;
5;546;Antioquia;Puerto Triunfo;5591;2021;19045;12.52778507;1.239170386;81.2181675;44;152.0;365;1;0;0;0;0;85.60150936;34.7649074;63.21534147;905965.75;50.74822788;9665.0;52.88489151;49.5611496;245.1798553;233.6115178;18.27209474;28.01589974;187.3235233;1.22662913;7.821572716;11.99251647;80.18591082;47.46630478;185.078476;109.7614899;17.1321624;47.6437278;12.66916211;16.43867378;42.14004173;15.17505217;131.0;678472.0;34.0;177054.0;48.0;272415.0;70.83334;64.99422;0.552481972;66.49204159;58.85049062;73.6101701;66.3905593;65.17589806;0.0;
5;556;Antioquia;Remedios;5604;2011;26325;3.372586261;;62.00949668;171;728.0;2008;1;0;0;0;0;69.24912569;41.35363094;92.43604004;533916.6667;61.11301045;16088.0;41.1809816;38.3190184;194.3650307;256.5216716;136.674772;15.26814623;104.5787534;0.974441298;53.28000989;5.951990774;40.76799933;42.47617722;284.7347717;135.6122742;18.20514756;36.05555136;11.52539814;18.61425512;38.17681248;10.88253288;201.0;59142.0;70.0;20026.0;79.0;24664.0;88.60759494;81.19526435;0.38243311;81.53525135;76.39650897;86.4361034;61.9621666;87.35539574;0.0;
5;556;Antioquia;Remedios;5604;2016;27530;5.039048311;0.279694878;59.97457319;176;728.0;2008;1;0;0;0;0;67.07378739;41.54576218;86.16004606;844259.6667;63.71957864;17542.0;47.80733945;44.99541284;227.2844037;465.3481992;280.9234198;20.30855473;164.1162247;1.690331272;60.36843384;4.364163171;35.26740299;42.47617722;284.7347717;135.6122742;18.71463804;36.70390251;11.67851443;18.61175786;38.96973225;11.79423749;155.0;739376.0;43.0;20290.0;66.0;30208.0;65.15151;67.16764;0.438816007;69.1531532;62.47624337;74.9418558;53.5035053;72.66953759;0.0;
5;556;Antioquia;Remedios;5604;2021;29747;8.771752894;1.616969778;55.70981948;181;728.0;2008;1;0;0;0;0;63.31690594;41.89700736;80.91099476;905965.75;71.99717619;21417.0;47.19614029;43.31832886;214.2089996;1513.075542;1236.225843;20.79522731;256.0544719;5.08648113;81.70285015;1.374368082;16.92278177;42.47617722;284.7347717;135.6122742;17.03963332;39.12105689;13.20436775;16.98075246;40.55395346;13.7080008;216.0;1156498.0;64.0;238457.0;82.0;312271.0;78.04878;76.3622;0.278454623;76.63867911;71.68567658;81.5650978;76.5217107;75.90520751;0.0;
5;562;Antioquia;Retiro;5607;2011;20870;11.4163073;;48.49065644;197;2250.0;276;1;0;0;0;0;56.59269244;42.79112309;63.95162972;533883.3333;19.57834212;4086.0;48.81040724;46.38737557;226.4932127;239.9866304;25.6982387;44.33782308;169.9505686;1.149911981;10.70819597;18.47512214;70.81668189;12.22604179;236.478363;28.25067902;16.89651847;42.57884078;15.90317292;15.58899152;44.91953147;17.88401105;181.0;35558.0;54.0;10312.0;83.0;16139.0;65.06024096;63.89491294;0.307792658;64.04152799;57.27221621;70.3777646;48.667929;63.55697595;2.0;LL
5;562;Antioquia;Retiro;5607;2016;22486;16.179697;1.071777995;47.18046785;202;2250.0;276;1;0;0;0;0;55.69833853;43.0815161;59.48793258;685696.25;16.27234724;3659.0;51.196;49.284;250.88;357.905006;36.77105819;42.654061;278.4798868;1.591679294;10.27397147;11.9177045;77.80832404;12.22604179;236.478363;28.25067902;15.70157923;42.63024142;20.45743329;14.41402163;43.67806069;23.5524939;193.0;521631.0;50.0;21897.0;101.0;43625.0;49.50495;50.1937;0.311099715;50.76457165;44.04697622;56.84588;39.2763367;50.42379553;2.0;LL
5;562;Antioquia;Retiro;5607;2021;24776;21.38023356;2.829350985;44.02647724;207;2250.0;276;1;0;0;0;0;52.70217425;43.55154075;57.97009042;905965.75;14.32838231;3550.0;52.95366669;49.8725853;248.5212402;590.6571489;80.80922441;49.84708402;460.0008405;2.383989138;13.68124039;8.439258563;77.87950105;12.22604179;236.478363;28.25067902;14.08590582;43.69775718;22.94132252;12.84960214;43.4491452;26.94398487;185.0;530400.0;30.0;131044.0;90.0;482864.0;33.33333;27.1389;0.275537348;29.68596013;23.64121806;36.1749924;29.6406525;35.5150101;2.0;LL
5;562;Antioquia;Rionegro;5615;2011;118781;22.31810362;;41.60008756;228;2088.0;198;1;0;0;0;0;49.95146136;43.94827168;59.73533842;533883.3333;15.67001456;18613.0;48.88002654;48.23966821;229.8871931;2178.632901;47.96805412;1065.528604;1065.136243;1.83415942;2.201750194;48.90812965;48.89012016;0.0;237.7892609;30.1181736;19.92804897;42.34028405;14.14980137;17.10460669;44.76467653;16.24313986;354.0;87841.0;63.0;14872.0;160.0;39192.0;39.375;37.9465197;0.179470191;38.85632196;34.17872276;43.4780006;29.5286009;65.18243408;2.0;LL
5;562;Antioquia;Rionegro;5615;2016;129753;35.30284464;4.299707907;39.43646775;233;2088.0;198;1;0;0;0;0;48.02204929;44.19970972;54.76226399;685696.25;14.46980031;18775.0;54.54397394;52.67643865;266.8295331;2920.799315;47.64724705;1503.2633;1369.888768;2.251045691;1.631308485;51.46753125;46.90116027;0.0;237.7892609;30.1181736;18.45834447;43.71903556;17.5319671;16.18358218;44.52487457;20.73837877;303.0;1197404.0;53.0;16754.0;137.0;45988.0;38.68613;36.43124;0.20332376;36.93957326;31.66140767;41.7766276;28.5799933;57.65132335;2.0;LL
5;562;Antioquia;Rionegro;5615;2021;143102;41.19567395;14.78665567;35.89817054;238;2088.0;198;1;0;0;0;0;44.41517424;44.61362159;53.25144509;906021.75;18.77192492;26863.0;54.47739029;51.74012756;257.3835144;4425.166706;54.9165568;2186.466114;2183.784036;3.092316464;1.241005378;49.40980213;49.34919249;0.0;237.7892609;30.1181736;16.54465802;45.24594375;19.72401787;14.51146868;44.70797672;23.82745635;343.0;1251419.0;59.0;235105.0;151.0;577843.0;39.07285;40.68666;0.242532999;40.23933213;35.46259242;44.8760735;40.1779176;59.36675956;2.0;LL
5;560;Antioquia;Sabanalarga;5628;2011;8737;1.410667277;;69.55476708;271;850.0;268;1;0;0;0;0;75.14601715;39.59239468;102.4970737;533883.3333;89.17248483;7791.0;42.02287129;41.06920792;202.1485149;46.82208169;5.464413654;5.367088952;35.99057909;0.535905708;11.670591;11.46273031;76.86667868;38.54961777;330.2115173;71.45793152;19.02968542;33.14133806;13.55782012;18.25716315;33.19914753;13.35543453;;;;;;;;;;90.39204176;88.95523777;91.6306124;68.692825;84.0568177;0.0;
5;560;Antioquia;Sabanalarga;5628;2016;8881;3.224111399;0.168899899;67.94279923;276;850.0;268;1;0;0;0;0;73.86863048;38.79320584;91.64052408;1118820.667;79.95721203;7101.0;46.67901235;42.86419753;225.5185185;72.65031311;16.07710233;6.333985518;50.23922526;0.818042035;22.12943295;8.718455912;69.15211114;38.54961777;330.2115173;71.45793152;18.41537133;35.92400691;14.98272884;18.19251589;35.2082843;14.87408802;;;;;;;;;;86.50753974;84.93167048;88.0738214;66.9305216;77.59834746;0.0;
5;560;Antioquia;Sabanalarga;5628;2021;9409;3.779183052;0.414496758;64.00255075;281;850.0;268;1;0;0;0;0;70.4961705;38.82783883;87.5215443;1117911.583;75.42778191;7097.0;49.03061295;48.05102158;232.1224518;101.2129442;25.85926724;6.57148113;68.78219584;1.07570352;25.54936767;6.492727962;67.95790437;38.54961777;330.2115173;71.45793152;16.81218274;37.76649746;17.11675127;16.59232828;36.15075825;17.61819804;;;;;;;;;;83.49264675;81.76391918;85.1196372;83.3652176;77.63538065;0.0;
5;595;Antioquia;Sabaneta;5631;2011;68989;23.07300198;;15.29519199;271;1600.0;15;1;0;0;0;0;20.34942002;50.65317358;51.68947055;552670.6667;7.193900477;4963.0;50.22010444;49.66908616;235.7650131;1558.181764;18.56217583;787.8080612;751.8115274;2.258594507;1.191271535;50.55944558;48.24928288;16.28066635;249.9382935;16.28066635;17.49396546;45.8655691;15.11109736;16.24812543;47.89911384;17.93047035;511.0;43683.0;89.0;7521.0;232.0;20294.0;38.36206897;37.06021484;0.103619543;37.3510035;33.64593003;41.0003331;28.3846442;40.65488073;2.0;LL
5;595;Antioquia;Sabaneta;5631;2016;77966;29.08992381;4.549418978;14.67178001;276;1600.0;15;1;0;0;0;0;19.79776403;50.95292257;47.09548224;693777.9167;6.310443014;4920.0;57.22515723;55.78113208;283.4;3000.857477;8.195123146;1390.45435;1602.208004;3.848930915;0.273092715;46.33523453;53.39167276;16.28066635;249.9382935;16.28066635;15.37527929;48.36013571;17.52130858;14.01961019;48.98472898;21.72703953;637.0;697954.0;75.0;9642.0;338.0;37576.0;22.18935;25.66;0.052384415;25.99757335;22.94025461;29.0473296;20.1142137;29.66222749;2.0;LL
5;595;Antioquia;Sabaneta;5631;2021;87446;33.51096677;6.599501407;11.67005924;281;1600.0;15;1;0;0;0;0;15.98511172;51.48820933;45.62851609;920925.0417;9.705418201;8487.0;58.38017654;55.5257225;278.1179504;3762.277326;7.052988749;1387.96961;2367.254727;4.302400711;0.187465945;36.89174109;62.92079296;16.28066635;249.9382935;16.28066635;13.61422668;49.87947658;19.58874459;12.36802736;49.05749092;24.75315238;585.0;716928.0;71.0;151872.0;305.0;662897.0;23.27869;22.91035;0.062852452;23.26100305;20.19590686;26.0881495;23.2255014;28.13852337;2.0;LL
5;585;Antioquia;Salgar;5642;2011;19038;2.642521974;;65.50583044;117;1250.0;423;1;0;0;0;0;72.03121589;40.2477625;86.72618546;533883.3333;71.77224498;13664.0;41.96887097;41.23064516;204.9112903;138.8763349;46.56319438;12.74852494;79.56461562;0.72946914;33.52853055;9.1797677;57.29170175;45.18276596;264.0916138;50.24630356;17.05064342;36.78912412;15.63926941;17.28355669;37.38566262;14.77345246;;;;;;;;;;86.18908082;84.65674906;87.6387763;65.498813;88.46620053;0.0;
5;585;Antioquia;Salgar;5642;2016;18341;4.496755902;0.125402105;63.61158061;122;1250.0;423;1;0;0;0;0;69.38478928;40.40045212;72.20566319;692437.5;69.81625866;12805.0;51.74285714;48.56190476;249.5047619;212.5033078;79.61795316;18.33561628;114.5497383;1.158624436;37.46668887;8.628390998;53.90492014;45.18276596;264.0916138;50.24630356;17.28582259;38.61150222;19.27867432;17.12779974;39.06455863;18.46728151;;;;;;;;;;82.08308441;80.10253176;83.849943;63.507339;83.93422626;0.0;
5;585;Antioquia;Salgar;5642;2021;18789;5.493906009;0.287402203;59.68385758;127;1250.0;423;1;0;0;0;0;65.9570038;40.84118474;69.19244677;910198.75;68.38575762;12849.0;50.36458206;46.94791794;230.0416718;367.8883759;190.5742635;23.0202797;154.2938328;1.957998701;51.80219761;6.257408826;41.94039357;45.18276596;264.0916138;50.24630356;15.54492291;39.90430622;22.0414673;15.4198636;39.66325661;21.77109974;;;;;;;;;;79.16861932;77.07569868;81.1043923;79.0477897;79.49218945;0.0;
5;558;Antioquia;San Andrés de Cuerquía;5647;2011;7424;2.651311063;;65.71928879;155;1400.0;179;1;0;0;0;0;71.62851728;39.91835545;95.76176667;536199.1667;66.31196121;4923.0;42.52258427;40.75719101;202.3258427;43.49925404;8.722952077;4.001622153;30.77467981;0.585927452;20.05310728;9.19928914;70.74760358;29.4620018;325.0231323;69.89744568;18.51756198;33.62603306;14.9018595;18.2713964;36.03603604;13.34459459;175.0;75220.0;56.0;22784.0;68.0;27694.0;82.35294118;82.27052791;0.264321594;82.65813079;77.50040883;87.584785;62.8154913;85.07269286;0.0;
5;558;Antioquia;San Andrés de Cuerquía;5647;2016;7270;4.201054562;0.082530949;62.37964237;160;1400.0;179;1;0;0;0;0;68.29734097;40.56118701;88.55555556;882797.5833;59.50481431;4326.0;49.41818182;47.0;240.4;65.77068386;14.02974394;5.670208948;46.07073097;0.90468616;21.33130312;8.621179856;70.04751702;29.4620018;325.0231323;69.89744568;18.29399142;35.21995708;15.77253219;18.18181818;35.77075099;15.4432524;188.0;914351.0;56.0;23260.0;71.0;29997.0;78.87324;77.54108;0.327874045;77.63074044;72.49122173;82.5548326;60.0625791;78.9966685;0.0;
5;558;Antioquia;San Andrés de Cuerquía;5647;2021;7478;5.9775341;1.698315058;56.73976999;165;1400.0;179;1;0;0;0;0;63.16761364;41.10795455;84.30493274;983203.875;57.83631987;4325.0;49.17948532;46.23077011;229.9230804;91.59420211;25.19796697;5.790965327;60.60526981;1.224848918;27.51043886;6.322414731;66.16714641;29.4620018;325.0231323;69.89744568;16.72328194;36.63443951;18.13430886;16.7077513;36.83922213;18.21418789;141.0;548290.0;42.0;231670.0;57.0;322982.0;73.68421;71.72845;0.48970487;72.30032701;66.22340681;79.104359;72.18998;73.55807072;0.0;
5;562;Antioquia;San Carlos;5649;2011;18357;3.529534601;;58.22302119;181;1000.0;710;1;0;0;0;0;65.52175149;41.63207279;87.95329913;555772.8333;47.59492292;8737.0;43.78725389;40.97290155;204.8290155;480.7285426;21.12590687;37.07803307;422.5246027;2.618775086;4.394560547;7.712883631;87.89255582;26.91494179;212.7787018;83.9018631;18.02994142;33.91191148;18.60490345;16.33657949;37.27978991;18.24050771;;;;;;;;;;80.51915183;78.74932154;82.1726759;61.1899886;86.03805233;0.0;
5;562;Antioquia;San Carlos;5649;2016;16739;5.53846307;0.083637015;55.7082263;186;1000.0;710;1;0;0;0;0;63.52104908;41.09933207;79.01095813;809300.25;56.15628174;9400.0;49.48847926;45.79262673;239.2073733;671.2070581;34.77755506;55.78941034;580.6400927;4.009839645;5.181345256;8.311803291;86.50685145;26.91494179;212.7787018;83.9018631;16.95534347;36.22010133;20.5255096;15.37809016;38.43916626;20.24963645;;;;;;;;;;74.24556446;72.1393185;76.200337;57.4434826;76.71400385;0.0;
5;562;Antioquia;San Carlos;5649;2021;16538;6.868021123;0.362800822;52.51541903;191;1000.0;710;1;0;0;0;0;60.57093532;41.18626302;77.24216308;1024782.125;62.9701294;10414.0;48.94230652;44.6875;225.6826935;1018.112211;23.62228673;62.78422401;931.7057006;6.156199125;2.320204636;6.166729297;91.51306607;26.91494179;212.7787018;83.9018631;15.30054645;37.12283203;23.2002851;13.83004926;38.5591133;23.50985222;;;;;;;;;;76.84800455;74.73902074;78.7316867;76.7307167;81.26208771;0.0;
5;562;Antioquia;San Francisco;5652;2011;5823;3.59780182;;59.07607762;25;1250.0;368;1;0;0;0;0;66.48828197;41.63129729;97.14038128;605467.6667;85.7805255;4995.0;46.5440625;44.56875;218.375;31.23731461;3.654116006;3.514779262;24.06841934;0.5364471;11.69791979;11.25186114;77.05021908;16.55309296;187.1912842;84.72782135;17.26373251;32.71920846;17.98021153;18.01521438;34.57814661;16.07883817;;;;;;;;;;88.60417267;87.06504899;90.0361557;67.3341459;86.84162689;0.0;
5;562;Antioquia;San Francisco;5652;2016;5649;4.399008674;0.088511241;56.94813241;30;1250.0;368;1;0;0;0;0;64.53928225;42.11445199;102.5366748;784740.625;87.60842627;4949.0;53.875;55.29166667;271.9166667;70.07928364;8.315369578;5.880896303;55.88301776;1.240560872;11.86566007;8.391775711;79.74256422;16.55309296;187.1912842;84.72782135;16.55488881;31.80374162;19.02576774;16.69034091;34.30397727;17.75568182;;;;;;;;;;84.98895158;83.44005225;86.5350706;65.7555963;80.93962313;0.0;
5;562;Antioquia;San Francisco;5652;2021;5839;5.2591768;0.154135982;53.24541874;35;1250.0;368;1;0;0;0;0;61.17148646;42.49401363;97.36842105;975497.0417;85.18581949;4974.0;48.52272797;46.86363602;230.2954559;84.29671762;7.734664253;5.415680817;71.14637255;1.443684152;9.175522454;6.424545308;84.39993224;16.55309296;187.1912842;84.72782135;14.68868249;33.50533196;22.11902305;14.87039563;35.60709413;20.97544338;;;;;;;;;;83.47114885;81.5267428;85.2253593;83.3437526;77.55753189;0.0;
5;560;Antioquia;San Jerónimo;5656;2011;14277;5.770353249;;60.0616376;395;734.0;157;1;0;0;0;0;67.48402334;41.42122812;73.25878594;533883.3333;45.82895566;6543.0;40.81262626;40.03222222;198.6464646;114.6202272;8.81824573;9.988923848;95.8130576;0.802831317;7.69344639;8.714800253;83.59175336;20.20713806;284.1442871;20.20713806;18.09916181;39.53686603;15.95397073;16.41337386;41.28212213;16.86930091;;;;;;;;;;77.41901676;75.39278607;79.2245536;58.8340618;74.3479212;2.0;LL
5;560;Antioquia;San Jerónimo;5656;2016;14912;8.152829936;0.516362661;57.1888412;400;734.0;157;1;0;0;0;0;65.4676259;41.14453891;65.59405941;685696.25;40.71888412;6072.0;48.76571429;45.14857143;235.3657143;162.1365318;14.62505974;13.98283254;133.5286395;1.087288974;9.020212519;8.624109806;82.35567768;20.20713806;284.1442871;20.20713806;17.60860684;40.73267057;18.67084298;16.39582508;41.07543929;18.93248778;;;;;;;;;;69.54255155;67.37653999;71.7024394;53.8047812;64.20945318;2.0;LL
5;560;Antioquia;San Jerónimo;5656;2021;16081;9.229836453;1.6914371;53.44816865;405;734.0;157;1;0;0;0;0;62.08419015;41.56888835;63.10839193;905965.75;42.20508675;6787.0;49.28776932;45.84172821;229.1942444;223.4209354;24.8548964;13.9990851;184.5669539;1.389347276;11.12469445;6.265789313;82.60951624;20.20713806;284.1442871;20.20713806;15.74214792;42.3378926;20.84599797;14.75870495;41.66157605;21.72266341;;;;;;;;;;67.70621895;65.30975661;69.8695853;67.6028836;64.64910392;2.0;LL
5;558;Antioquia;San José de La Montaña;5658;2011;3428;7.198074679;;33.5764294;47;2550.0;173;1;0;0;0;0;39.31683513;45.97420704;84.06998158;533883.3333;60.38506418;2070.0;48.42857143;48.28571429;230.0;23.61085535;2.360671633;3.514259228;17.73592449;0.688764742;9.998246985;14.88408266;75.11767035;31.47977257;314.9092407;59.93076324;20.13025459;37.00414446;11.54529307;20.12650949;35.30764807;12.19091432;;;;;;;;;;78.47184501;76.6102341;80.1104068;59.6341515;79.35875815;0.0;
5;558;Antioquia;San José de La Montaña;5658;2016;3576;9.789802386;0.167785235;35.45861298;52;2550.0;173;1;0;0;0;0;41.02564103;45.19230769;73.90004272;689455.0;55.36912752;1980.0;51.90625;48.46875;249.875;31.61907932;3.792399788;2.916709305;24.90997023;0.884202442;11.99402345;9.224523191;78.78145336;31.47977257;314.9092407;59.93076324;21.23995408;39.78185993;12.91618829;19.3565976;35.55070883;13.52235551;;;;;;;;;;74.4387199;72.2576557;76.4494959;57.5929262;70.63381092;0.0;
5;558;Antioquia;San José de La Montaña;5658;2021;3796;12.69318581;0.158061117;34.1938883;57;2550.0;173;1;0;0;0;0;39.86325803;45.09512485;70.49441786;908048.8333;48.34035827;1835.0;50.76190567;47.47618866;233.0476227;44.50135527;6.00797118;3.067243263;35.42614083;1.17232232;13.50064766;6.892471576;79.60688076;31.47977257;314.9092407;59.93076324;19.37398813;41.55423637;15.27253103;17.0869789;36.9016984;16.46937725;;;;;;;;;;66.46400983;64.25871616;68.6702746;66.3625704;70.86679847;0.0;
5;592;Antioquia;San Juan de Urabá;5659;2011;17983;0.765074422;;65.867764;25;7.0;241;1;0;0;0;0;71.83331216;41.50044467;113.1666667;533883.3333;113.2236001;20361.0;38.94366197;39.61502347;196.1220657;118.2860205;26.2524444;9.742173679;82.29140246;0.657765782;22.19403805;8.236115844;69.56984611;65.02818298;543.8094482;286.1719666;19.26301853;31.16725508;10.34863195;19.40800538;33.45666555;10.0011212;;;;;;;;;;95.97864967;94.96778971;96.850634;72.9383301;89.54878045;0.0;
5;592;Antioquia;San Juan de Urabá;5659;2016;19332;3.408424719;0.248292986;66.71839437;30;7.0;241;1;0;0;0;0;72.69090078;42.2210791;107.4514715;1150666.417;103.1191806;19935.0;46.79166667;42.97083333;223.8791667;186.7637061;56.85442373;16.01734236;113.89194;0.966085796;30.44190165;8.576260717;60.98183764;65.02818298;543.8094482;286.1719666;18.81697836;31.20403446;11.68312671;18.36152435;35.22518851;11.63643774;;;;;;;;;;88.21236351;86.66136339;89.7030885;68.2495366;84.85573717;0.0;
5;592;Antioquia;San Juan de Urabá;5659;2021;21169;4.236540854;0.193679437;64.23071472;35;7.0;241;1;0;0;0;0;70.6432388;42.11878339;101.5400658;913588.5833;97.35462233;20609.0;46.19230652;42.05384445;211.8807678;222.3152709;52.27417455;13.82716319;156.2139332;1.050192597;23.51353298;6.21961916;70.26684786;65.02818298;543.8094482;286.1719666;17.20760515;33.4261571;13.39542923;16.71780567;36.77359368;13.66806137;;;;;;;;;;87.08601602;85.39247469;88.6526896;86.9531026;85.67241804;0.0;
5;562;Antioquia;San Luis;5660;2011;13187;2.618740679;;50.27678775;129;1050.0;458;1;0;0;0;0;58.07808819;42.46045103;91.14486847;533883.3333;68.1201183;8983.0;42.14441748;39.53781553;202.7864078;86.64989793;5.286271814;19.68415265;61.67947347;0.657085751;6.100724802;22.71687921;71.18239599;19.44254303;200.4280396;79.60150146;19.07454248;34.41452165;14.37286118;17.6616146;37.17909063;14.81596041;;;;;;;;;;83.09798268;81.53095225;84.7956172;63.1497538;86.85104097;0.0;
5;562;Antioquia;San Luis;5660;2016;12993;5.589548218;0.069268067;45.30131609;134;1050.0;458;1;0;0;0;0;53.76574415;43.66378202;89.67459324;685726.25;74.61710152;9695.0;49.66137566;46.23809524;238.0846561;108.3832251;16.6290167;9.993870907;81.76033746;0.834166282;15.34279561;9.220865037;75.43633935;19.44254303;200.4280396;79.60150146;17.21031376;35.89624107;15.1444548;16.41495042;38.30663616;15.77421815;;;;;;;;;;79.68232728;77.73299902;81.6909463;61.6498833;82.12807256;0.0;
5;562;Antioquia;San Luis;5660;2021;13434;6.714306982;0.424296561;38.55888045;139;1050.0;458;1;0;0;0;0;47.0539281;44.84853529;86.45269864;926606.6667;76.26916778;10246.0;51.40259552;49.07792282;240.0584412;138.325496;9.990454687;11.03954335;117.295498;1.029667232;7.222424626;7.980844942;84.79673043;19.44254303;200.4280396;79.60150146;15.74074074;37.31026108;17.10686096;14.88460415;39.04469763;18.50715746;;;;;;;;;;78.77622297;76.64901587;80.7245916;78.6559922;78.62113401;0.0;
5;558;Antioquia;San Pedro de Los Milagros;5664;2011;20218;16.81917104;;49.1591651;198;2471.0;232;1;0;0;0;0;57.59115203;42.8692385;76.33962264;534050.0;44.65327926;9028.0;43.7566443;42.25599553;207.5458613;407.0601185;55.07772328;205.6314352;146.35096;2.013355023;13.53061152;50.51623233;35.95315615;23.15755653;275.3816833;23.15755653;18.85908048;39.81250623;11.92779495;18.23177313;40.71239329;12.84466686;;;;;;;;;;63.04387379;60.61226157;65.4320568;47.9097684;65.88841166;2.0;LL
5;558;Antioquia;San Pedro de Los Milagros;5664;2016;21226;15.89913314;0.32036182;47.02723075;203;2471.0;232;1;0;0;0;0;55.50739296;43.90502336;65.36343612;685696.25;42.44323;9009.0;51.15068493;48.44657534;247.5013699;764.6359407;98.39140454;460.5260736;205.7184626;3.602355322;12.8677452;60.22814899;26.90410581;23.15755653;275.3816833;23.15755653;18.77010038;40.64905955;15.18370529;17.70177839;42.27086183;16.57090743;;;;;;;;;;57.02922808;54.91918388;59.5208495;44.1232752;62.44969303;2.0;LL
5;558;Antioquia;San Pedro de Los Milagros;5664;2021;22983;20.7791266;0.69181569;42.0267154;208;2471.0;232;1;0;0;0;0;50.63674414;44.61661769;62.01584507;907314.75;39.69455685;9123.0;52.87399292;49.67828369;245.6434326;1053.609256;120.3746314;641.2549454;291.9796791;4.584298203;11.42497855;60.86269097;27.71233049;23.15755653;275.3816833;23.15755653;17.11394235;42.50474383;16.8699738;16.22188654;43.20241692;18.89895938;;;;;;;;;;50.71050453;48.31996428;53.0425412;50.6331086;58.44018341;2.0;LL
5;592;Antioquia;San Pedro de Urabá;5665;2011;28981;1.285324868;;62.84462234;34;434.0;482;1;0;0;0;0;69.42377043;40.86165887;102.1918289;533883.3333;102.4809358;29700.0;40.66978193;40.74766355;202.682243;176.5414827;38.26232829;13.97821374;124.3009407;0.60916284;21.67327911;7.917806922;70.40891397;48.23727798;507.9638367;251.5511017;20.17922113;31.88923326;12.32987468;19.49218474;35.03076597;10.67968032;;;;;;;;;;94.52327458;93.46466045;95.5650885;71.8323276;89.95122567;0.0;
5;592;Antioquia;San Pedro de Urabá;5665;2016;30106;3.551340818;0.328838105;60.51617618;39;434.0;482;1;0;0;0;0;67.18996416;40.89247312;92.75818982;820597.6667;98.39566864;29623.0;47.42571429;44.70857143;230.3571429;264.3019761;61.09211505;22.58997;180.619891;0.877904657;23.11451316;8.547030308;68.33845653;48.23727798;507.9638367;251.5511017;19.94285343;33.44373011;13.70218845;17.92343782;37.58754335;12.85782281;;;;;;;;;;89.27671079;87.73506698;90.7273948;69.0730177;82.43179213;0.0;
5;592;Antioquia;San Pedro de Urabá;5665;2021;32322;3.762659076;0.219664625;55.47924015;44;434.0;482;1;0;0;0;0;62.68389068;41.17158702;87.88634098;994223.9583;94.69401646;30607.0;45.98809433;42.63333511;213.9428558;326.5132104;59.26665146;20.23945334;247.0071056;1.010188758;18.15137936;6.198662931;75.64995771;48.23727798;507.9638367;251.5511017;18.47149163;35.3648951;15.50879739;16.2136476;39.07368688;15.10485966;;;;;;;;;;87.68757089;85.98296264;89.3277021;87.5537394;86.55868109;0.0;
5;562;Antioquia;San Rafael;5667;2011;16142;3.500185851;;52.1930368;140;1011.0;366;1;0;0;0;0;60.09102731;42.86085826;84.47131107;533883.3333;56.43042993;9109.0;44.1091129;40.58471774;203.6370968;120.3930715;5.362481002;21.69916108;93.3314294;0.74583739;4.454144193;18.02359622;77.52225959;22.72975159;231.1818695;74.72084045;18.6698219;34.82376386;17.71079836;17.44114384;37.24885985;18.62442993;;;;;;;;;;80.24952839;78.45008863;82.0092;60.9850901;84.72721161;0.0;
5;562;Antioquia;San Rafael;5667;2016;15721;5.210652418;0.050887348;50.65835507;145;1011.0;366;1;0;0;0;0;58.89530733;42.55857727;75.38537064;767888.5;57.05743909;8970.0;50.46875;48.5390625;246.96875;178.6212657;11.73442307;16.69462379;150.1922188;1.136195316;6.569443469;9.346380862;84.08417567;22.72975159;231.1818695;74.72084045;16.63904118;36.74614306;20.92311615;16.00660066;39.46433105;21.59177456;;;;;;;;;;75.20629032;73.09919675;77.1038465;58.1867922;77.9995577;0.0;
5;562;Antioquia;San Rafael;5667;2021;16199;6.818322119;0.271621705;47.42885363;150;1011.0;366;1;0;0;0;0;55.73400251;42.89836888;73.19969599;978275.6667;59.51601951;9641.0;52.0390625;48.484375;241.96875;262.6497639;18.61795245;18.49734318;225.5344683;1.621394925;7.088509115;7.042588923;85.86890196;22.72975159;231.1818695;74.72084045;14.91651206;37.92207792;23.42609771;14.44417057;39.77076658;24.67340399;;;;;;;;;;74.25833166;72.10004052;76.5431836;74.1449963;75.67678705;0.0;
5;556;Antioquia;San Roque;5670;2011;21045;2.976558169;;71.8698028;127;1427.0;446;1;0;0;0;0;78.22769113;39.68140411;88.32116788;533883.3333;63.52102637;13368.0;41.175;40.93214286;204.1607143;149.5359532;21.49722291;39.5053015;88.5334288;0.710553353;14.37595605;26.41859744;59.20544652;24.65027618;238.4480743;83.78509521;17.29790842;35.14226493;16.97757679;17.53427284;37.04342824;15.89492858;;;;;;;;;;81.92801042;80.16891626;83.5319894;62.2606412;86.53825314;0.0;
5;556;Antioquia;San Roque;5670;2016;21217;4.072991783;0.249799689;70.29268982;132;1427.0;446;1;0;0;0;0;76.79744526;39.17883212;76.9005634;709577.7083;61.07838054;12959.0;48.64081633;46.50612245;234.6693878;186.2676335;46.11100342;17.47544015;122.68119;0.877916923;24.75524198;9.381898413;65.86285961;24.65027618;238.4480743;83.78509521;17.09297984;37.7613891;19.25877521;16.38267492;38.98143741;18.56258924;;;;;;;;;;79.27914773;77.34578267;81.1231443;61.3379449;80.67872516;0.0;
5;556;Antioquia;San Roque;5670;2021;22355;6.406844106;1.149630955;66.195482;137;1427.0;446;1;0;0;0;0;73.30521241;39.43959024;74.46705426;918534.875;60.29523597;13479.0;48.14473724;45.46710587;221.1282959;247.9920934;54.37248141;20.34031645;173.2792955;1.109336137;21.92508667;8.202001996;69.87291133;24.65027618;238.4480743;83.78509521;15.38665958;39.02028523;21.86198955;14.67558287;39.56262425;21.6880535;;;;;;;;;;76.57393516;74.41062236;78.6378108;76.4570656;75.60613584;0.0;
5;562;Antioquia;San Vicente;5674;2011;21763;2.059688462;;77.58581078;197;2200.0;246;1;0;0;0;0;83.10528151;38.23426878;79.6641791;533883.3333;69.55382989;15137.0;43.06873077;43.19784615;208.9538462;133.9408949;42.26531043;11.00146982;80.67411469;0.61545235;31.55519489;8.213675014;60.2311301;0.0;246.5316467;35.57513809;17.99784134;37.38082389;16.99946033;17.12541099;38.01784876;18.74119305;;;;;;;;;;86.53942002;85.03345209;88.1251792;65.765051;88.81250872;4.0;HL
5;562;Antioquia;San Vicente;5674;2016;21860;4.170478805;0.086916743;75.69075938;202;2200.0;246;1;0;0;0;0;81.36048047;37.60276015;68.95183361;685703.75;55.53522415;12140.0;53.84574468;53.19148936;265.0851064;217.8121344;78.36123479;18.61226502;120.8386346;0.996395857;35.976524;8.545100147;55.47837585;0.0;246.5316467;35.57513809;17.73307338;40.04785537;18.62814605;16.16868381;40.25151286;19.93192133;;;;;;;;;;79.04992793;77.0919789;81.0358122;61.1605985;78.99882054;4.0;HL
5;562;Antioquia;San Vicente;5674;2021;22934;6.115374553;0.23981861;71.4703061;207;2200.0;246;1;0;0;0;0;77.86250253;37.70837558;66.98094805;905965.75;50.19621523;11512.0;51.03797531;49.86919785;243.1729889;345.8526874;147.8694361;21.42371755;176.5595337;1.508034741;42.75503459;6.194463231;51.05050218;0.0;246.5316467;35.57513809;16.06139394;41.30671811;20.90078001;14.61266007;40.6048497;23.01335029;;;;;;;;;;74.73570739;72.69535068;76.7775761;74.6216434;72.24746549;2.0;LL
5;585;Antioquia;Santa Bárbara;5679;2011;27394;2.615232046;;59.11878514;189;1806.0;188;1;0;0;0;0;67.0527854;41.9146737;75.15202703;533883.3333;51.64999635;14149.0;45.11327434;42.42427729;209.0766962;196.0275705;46.64290948;22.41298929;126.9716717;0.715585787;23.79405579;11.4335903;64.77235391;0.0;223.6514893;48.35529327;16.4874552;37.09677419;20.58691756;15.74775032;39.85859163;20.84702185;213.0;75647.0;65.0;20652.0;85.0;28310.0;76.47058824;72.94948781;0.282373582;73.83274386;68.67891766;79.1891205;56.1086978;86.18387511;2.0;LL
5;585;Antioquia;Santa Bárbara;5679;2016;26671;4.535825428;0.131228675;56.21086573;194;1806.0;188;1;0;0;0;0;64.51670094;41.38004397;67.90960452;685696.25;49.58569232;13225.0;53.59166667;51.45;259.35;268.3652865;85.71852872;23.48615253;159.1606053;1.006206316;31.94098977;8.751561291;59.30744894;0.0;223.6514893;48.35529327;16.47903287;37.0683793;24.98677748;14.8481691;39.28996725;26.68204823;152.0;794824.0;56.0;25680.0;72.0;34100.0;77.77778;75.30791;0.293098995;75.17288767;68.13806677;80.9715208;58.1609487;79.43391689;2.0;LL
5;585;Antioquia;Santa Bárbara;5679;2021;27249;4.979693444;0.425703696;51.51381702;199;1806.0;188;1;0;0;0;0;60.22762761;41.86821194;66.61492405;905965.75;46.88612426;12776.0;49.72622299;45.94812775;230.3832855;379.6441633;125.2713878;24.8976789;229.4750966;1.393240718;32.99705353;6.558161906;60.44478456;0.0;223.6514893;48.35529327;14.69411939;38.04621538;27.84031995;13.12286317;39.07034262;30.39208555;147.0;658982.0;46.0;244458.0;64.0;355423.0;71.875;68.77946;0.376613066;69.15386899;61.90317537;75.7449487;69.0483242;79.90755885;2.0;LL
5;558;Antioquia;Santa Rosa de Osos;5686;2011;33557;11.46308271;;49.10450875;197;2588.0;822;1;0;0;0;0;56.34266886;43.05649772;77.67456758;533883.3333;48.13898739;16154.0;46.04586207;45.62938424;218.6945813;453.2350654;132.4780403;129.0569227;191.7001024;1.350642386;29.22943311;28.47461119;42.29595569;39.55760574;285.2659607;46.40922546;19.25325063;39.03733747;12.26887749;18.32529331;40.03930677;12.9891013;;;;;;;;;;71.41057097;69.31127909;73.4318578;54.2679837;70.65074637;2.0;LL
5;558;Antioquia;Santa Rosa de Osos;5686;2016;35308;16.46463502;0.693893735;46.16800725;202;2588.0;822;1;0;0;0;0;53.57389866;43.38896407;70.37209106;685696.25;43.39243231;15321.0;52.71674877;50.05172414;256.408867;757.868787;271.1747944;158.6004671;328.0935255;2.146450626;35.78123272;20.92716705;43.29160023;39.55760574;285.2659607;46.40922546;19.43732559;39.87698616;13.94726351;18.463012;40.95441997;14.58673728;;;;;;;;;;63.69826948;61.55335217;65.8542046;49.2830846;63.71181243;2.0;LL
5;558;Antioquia;Santa Rosa de Osos;5686;2021;38066;21.80095098;1.778489991;41.80896338;207;2588.0;822;1;0;0;0;0;49.32210924;43.86008779;66.76093441;905965.75;42.13208638;16038.0;53.14962769;50.12718201;247.8379059;1312.732352;470.2730209;318.8657477;523.5935834;3.448569201;35.82398348;24.29023305;39.88578347;39.55760574;285.2659607;46.40922546;17.70403303;41.82809357;15.79866624;16.753599;42.01961193;17.17609013;;;;;;;;;;57.616454;55.12629314;59.9652815;57.528518;62.04087928;2.0;LL
5;556;Antioquia;Santo Domingo;5690;2011;13127;2.041593662;;78.69277063;233;1950.0;274;1;0;0;0;0;83.10466202;38.45269736;80.01918925;533883.3333;58.52822427;7683.0;42.88965517;41.79310345;209.0206897;96.515173;20.49525351;21.18888465;54.83103483;0.735241662;21.23526579;21.95394153;56.81079268;24.74206924;251.48909;62.54066086;17.15745192;37.21454327;19.15564904;15.77808685;38.58754443;19.5023953;;;;;;;;;;82.36379479;80.53192147;84.1021298;62.5918126;87.74691407;2.0;LL
5;556;Antioquia;Santo Domingo;5690;2016;12535;3.718920356;0.087754288;77.47905864;238;1950.0;274;1;0;0;0;0;82.75712111;37.37044285;70.88484848;996788.9167;49.94814519;6261.0;49.01470588;45.86764706;235.7205882;162.2875311;73.26612094;14.79699011;74.22442002;1.294675158;45.14587193;9.117761551;45.73636652;24.74206924;251.48909;62.54066086;16.88372093;38.01550388;22.41860465;15.89153657;39.14543961;22.25143796;;;;;;;;;;77.31608751;75.55044786;79.3186787;59.8191335;81.07894441;2.0;LL
5;556;Antioquia;Santo Domingo;5690;2021;12729;4.817739021;0.966297431;75.03338833;243;1950.0;274;1;0;0;0;0;80.77821012;37.14892112;69.50388524;1075310.958;48.48770524;6172.0;48.43333435;44.56000137;223.1066742;462.501515;339.4903335;22.12529939;100.8858822;3.633447365;73.4030749;4.783832847;21.81309226;24.74206924;251.48909;62.54066086;15.11522135;38.93268648;25.33353548;14.21816403;39.08364585;25.68074352;;;;;;;;;;75.19662597;73.11466157;77.2510283;75.0818585;77.94377722;2.0;LL
5;562;Antioquia;El Santuario;5697;2011;32729;7.152168821;;34.10125577;173;2137.0;76;1;0;0;0;0;40.8859381;48.17507992;87.11927687;533883.3333;46.12117694;15095.0;46.07089245;45.25629291;220.3066362;261.871228;72.99894287;40.71179809;148.1604871;0.800119857;27.87589283;15.54649528;56.5776119;0.0;224.1962128;48.64670563;17.29649282;35.1235926;15.06406108;17.4934877;38.38494935;16.09261939;;;;;;;;;;72.09692126;70.20975275;73.9653205;54.789571;72.79831454;2.0;LL
5;562;Antioquia;El Santuario;5697;2016;34347;12.53239002;0.177599208;31.38556497;178;2137.0;76;1;0;0;0;0;38.4309798;47.63478551;82.94862935;685696.25;41.06326608;14104.0;54.2278481;52.47468354;265.0443038;382.1827739;121.7984377;42.98216232;217.4021739;1.112710787;31.86915947;11.24649389;56.88434664;0.0;224.1962128;48.64670563;17.76087618;35.84423486;15.64952845;16.99977669;38.73939259;17.63063868;;;;;;;;;;61.11049344;58.81379457;63.2948968;47.2809331;68.20955906;2.0;LL
5;562;Antioquia;El Santuario;5697;2021;37132;15.24897662;0.490143273;26.81514597;183;2137.0;76;1;0;0;0;0;33.54961715;48.61465605;79.35246629;905965.75;40.50684046;15041.0;52.35021973;48.93171692;242.6519775;567.1625937;158.1278531;51.67054696;357.3641936;1.527422691;27.8805152;9.110358746;63.00912606;0.0;224.1962128;48.64670563;16.18608884;37.51919468;17.82403458;15.49951404;39.3677426;20.54836565;;;;;;;;;;58.53588437;56.06920666;61.1045957;58.4465451;65.5805086;2.0;LL
5;556;Antioquia;Segovia;5736;2011;34239;7.792040266;;21.92528987;126;681.0;1246;1;0;0;0;0;26.06124374;46.91604383;84.96966354;533883.3333;63.96214843;21900.0;41.48125;39.35591146;196.3984375;350.8398424;123.7626218;31.38188154;195.695339;1.024678999;35.27610234;8.944788403;55.77910926;74.51027679;322.8752747;157.2300568;20.31077227;37.26357446;9.590874702;19.3304409;38.90712946;10.21341463;;;;;;;;;;81.68751072;79.81912594;83.4535986;62.0778751;79.07125479;0.0;
5;556;Antioquia;Segovia;5736;2016;36605;16.27122888;0.213085644;20.85507444;131;681.0;1246;1;0;0;0;0;24.81897296;47.34936557;77.37435983;834670.0833;60.52725038;22156.0;49.04242424;44.41515152;231.4636364;546.3609328;247.109516;28.24269301;271.0087238;1.492585529;45.22825501;5.169237278;49.60250771;74.51027679;322.8752747;157.2300568;20.56718212;37.80667723;10.82454511;19.49300699;39.77819056;11.94820804;;;;;;;;;;70.99679331;68.70483998;73.0990966;54.929922;71.52170304;0.0;
5;556;Antioquia;Segovia;5736;2021;39856;17.68596113;1.16670012;17.23956242;136;681.0;1246;1;0;0;0;0;20.77209782;47.92582043;72.46071724;1037103.625;61.21035729;24396.0;47.21689987;41.08732224;211.4422607;1065.147748;617.158887;31.15733693;416.8315243;2.672490336;57.94115305;2.925165732;39.13368122;74.51027679;322.8752747;157.2300568;18.84919635;40.12193279;12.44016728;17.78699585;41.21145485;14.14363536;;;;;;;;;;68.21250379;65.95833417;70.4830286;68.1083957;72.51988732;0.0;
5;562;Antioquia;Sonsón;5756;2011;37002;3.60971479;;54.92676072;203;2492.0;1339;1;0;0;0;0;61.48737244;42.79117496;83.31833183;533933.3333;70.42051781;26057.0;45.27233032;43.10260181;212.8687783;479.2763128;59.23233655;222.3639322;197.6800441;1.295271371;12.3587031;46.39576926;41.24552763;0.0;177.030838;89.25961304;18.2740563;36.33536985;15.91206633;17.07016604;38.35565078;16.88269952;;;;;;;;;;79.23797748;77.47477032;81.1653497;60.2163687;78.82263037;0.0;
5;562;Antioquia;Sonsón;5756;2016;36242;6.797132241;0.171072237;53.33590861;208;2492.0;1339;1;0;0;0;0;59.97017109;42.26699685;72.84882015;702313.0833;63.54781745;23031.0;51.17313433;48.95820896;250.7970149;737.5774821;129.6185192;349.2777522;258.6812108;2.035145638;17.57354614;47.3547201;35.07173376;0.0;177.030838;89.25961304;18.17181828;38.63711363;17.52282477;17.18715393;39.10299003;19.43521595;;;;;;;;;;73.66546999;71.80103902;75.6024474;56.994666;73.94039368;0.0;
5;562;Antioquia;Sonsón;5756;2021;37511;8.119618245;0.522513396;50.07597771;213;2492.0;1339;1;0;0;0;0;57.0066268;42.34146867;70.23780734;908827.2917;61.45130762;23051.0;50.04559326;47.79331207;235.4012146;1149.597426;407.9826935;362.8582041;378.7565283;3.064694159;35.48917946;31.56393673;32.94688382;0.0;177.030838;89.25961304;16.32999311;40.16754149;20.04665712;15.41018767;39.5227882;22.84718499;;;;;;;;;;71.57150798;69.59275512;73.6595389;71.4622733;69.52624239;0.0;
5;560;Antioquia;Sopetrán;5761;2011;14529;3.706380343;;57.88423154;176;660.0;226;1;0;0;0;0;65.5215752;41.46068985;79.60725076;533883.3333;57.94617661;8419.0;42.41117978;42.97679775;206.4044944;94.9644372;14.75818762;10.15448061;70.05176897;0.653619913;15.54075195;10.6929298;73.76631825;28.09441948;291.9329224;28.09441948;16.97931034;38.48275862;17.29655172;16.87044924;38.2882264;18.35416953;;;;;;;;;;81.71559859;80.14516918;83.2674431;62.0992203;86.04347534;0.0;
5;560;Antioquia;Sopetrán;5761;2016;14882;5.688079559;0.262061551;56.82031985;181;660.0;226;1;0;0;0;0;64.44796619;40.91389329;68.21345708;689455.0;49.33476683;7342.0;48.48;46.26285714;237.2;140.6914196;18.41229159;12.36140321;109.9177248;0.945379785;13.08700391;8.786181306;78.12681478;28.09441948;291.9329224;28.09441948;16.59500134;40.09674819;20.82773448;15.81989247;39.19354839;21.62634409;;;;;;;;;;74.86658316;72.82845109;76.9685847;57.9239622;74.07409472;0.0;
5;560;Antioquia;Sopetrán;5761;2021;15672;7.317721627;0.580653395;54.06457376;186;660.0;226;1;0;0;0;0;62.0531281;41.13083416;65.90909091;905965.75;49.91704952;7823.0;49.79761887;44.95238113;226.3392792;197.1755288;29.54288269;12.66790159;154.9647445;1.258138903;14.98303713;6.424682448;78.59228042;28.09441948;291.9329224;28.09441948;14.7916134;41.30657121;23.52339555;14.14012739;39.52866242;24.92993631;;;;;;;;;;71.90524171;69.78149392;74.0255421;71.7954977;70.93728011;0.0;
5;585;Antioquia;Támesis;5789;2011;17222;4.024890644;;59.52270352;147;1500.0;246;1;0;0;0;0;67.19417089;41.17379177;75.47424256;533883.3333;54.03553594;9306.0;46.32795322;45.80444444;221.4678363;159.1052781;56.89242744;20.22697939;81.98587122;0.923849019;35.75772478;12.71295311;51.52932211;21.83159256;220.7636566;65.88858795;15.65562296;38.74241717;20.55529631;14.58959538;39.96531792;21.60693642;;;;;;;;;;81.62084275;80.01810365;83.2069844;62.0272112;80.98440196;2.0;LL
5;585;Antioquia;Támesis;5789;2016;16441;6.759017091;0.109482392;56.56590232;152;1500.0;246;1;0;0;0;0;64.64927536;40.96811594;68.42347314;685700.0;55.14263123;9066.0;48.81896552;45.44396552;237.0948276;200.2926796;77.75143909;17.97292171;104.5683188;1.218251199;38.81891202;8.973329302;52.20775868;21.83159256;220.7636566;65.88858795;15.2766009;38.92991163;24.75487229;14.92665037;39.32762836;25.63569682;;;;;;;;;;76.35336806;74.01699201;78.1767321;59.0742814;76.89827157;2.0;LL
5;585;Antioquia;Támesis;5789;2021;16729;8.733835455;0.322792755;51.82617012;157;1500.0;246;1;0;0;0;0;60.23938444;41.40210886;67.60512215;907173.75;54.89867894;9184.0;50.09189224;46.33513641;233.3729706;286.2484154;102.4068488;31.47555589;152.3660108;1.711091012;35.77551638;10.99588825;53.22859536;21.83159256;220.7636566;65.88858795;13.62718308;39.65783533;27.63454913;13.28200192;39.03994225;29.49951877;;;;;;;;;;72.35320817;70.11753338;74.4190213;72.2427804;72.45776696;2.0;LL
5;511;Antioquia;Tarazá;5790;2011;24285;2.681353373;;54.05394276;33;97.0;1578;1;0;0;0;0;62.34111174;42.72908367;101.5562318;533916.6667;129.4955734;31448.0;40.39513678;38.4893617;197.1246201;591.36242;422.0047644;16.0036;153.3540556;2.43509335;71.36144438;2.706225397;25.93233023;48.91368103;361.2966614;131.7939606;20.36899761;32.92150564;9.043736101;20.86627141;35.3013834;8.613306983;182.0;92673.0;74.0;33278.0;80.0;36579.0;92.5;90.97569644;0.134831166;91.80621967;87.68274448;95.1581169;69.76752;88.41903862;0.0;
5;511;Antioquia;Tarazá;5790;2016;25973;4.495694247;0.069302737;53.36695799;38;97.0;1578;1;0;0;0;0;60.50028326;43.41308232;96.98130066;728548.0;118.9542987;30896.0;47.98657718;43.80201342;228.352349;315.3633915;110.3081841;20.02706493;185.0281425;1.214197018;34.97811954;6.350472334;58.67140813;48.91368103;361.2966614;131.7939606;19.10401247;33.86832879;11.16478379;18.59491551;36.77880956;11.06713351;127.0;748238.0;39.0;28153.0;42.0;31455.0;92.85714;89.50246;0.374218053;90.24194517;85.1782206;94.4046712;69.8198155;86.77879021;1.0;HH
5;511;Antioquia;Tarazá;5790;2021;28352;4.254843868;0.391506772;50.03879797;43;97.0;1578;1;0;0;0;0;57.44537948;43.53443167;91.36071592;913592.0833;93.45019752;26495.0;48.01748276;44.69230652;222.8076935;357.4923918;67.67251106;20.08865838;269.7312223;1.260907138;18.92977658;5.619324731;75.45089869;48.91368103;361.2966614;131.7939606;17.2687036;36.31496288;12.73557967;16.80145008;38.53876185;13.00892359;128.0;679963.0;32.0;332413.0;34.0;349714.0;94.11765;95.05282;0.120102544;93.77899591;89.83611311;97.1734105;93.6358675;91.45287388;0.0;
5;585;Antioquia;Tarso;5792;2011;6386;3.879580332;;50.39148137;75;1325.0;120;1;0;0;0;0;59.11692559;42.38757155;79.26739927;533883.3333;61.03977451;3898.0;44.08196721;38.91803279;205.3442623;78.40062802;16.04099597;6.717560439;55.64207161;1.227695397;20.46029015;8.568248251;70.9714616;26.67279625;244.2124023;49.96439743;17.37622201;37.46452223;17.06086408;17.48055988;39.47122862;15.61430793;;;;;;;;;;82.61463513;80.87648274;84.2489287;62.782437;85.19650275;0.0;
5;585;Antioquia;Tarso;5792;2016;6141;8.429680291;0.195407914;47.43527113;80;1325.0;120;1;0;0;0;0;55.9882199;42.09751309;67.97862002;685696.25;50.31753786;3090.0;45.09259259;42.07407407;219.8518519;90.40010541;35.84278302;7.824009397;46.733313;1.472074669;39.64905003;8.654867559;51.69608241;26.67279625;244.2124023;49.96439743;18.27048114;39.36931079;18.98569571;18.10766721;39.6411093;19.6411093;;;;;;;;;;73.39951098;71.43796641;75.2537965;56.7888946;70.64627753;0.0;
5;585;Antioquia;Tarso;5792;2021;6394;9.974194557;0.422270879;42.69627776;85;1325.0;120;1;0;0;0;0;51.44608614;42.62810437;66.04434072;905965.75;46.76258993;2990.0;51.44927597;49.34782791;241.4057922;117.6708319;44.30606009;7.42524125;65.93953053;1.840332059;37.65254259;6.310179959;56.03727745;26.67279625;244.2124023;49.96439743;16.30094044;40.94043887;21.69278997;16.32334582;39.95006242;22.721598;;;;;;;;;;68.84880286;66.66039633;71.1815848;68.7437236;67.72159675;0.0;
5;585;Antioquia;Titiribí;5809;2011;11451;9.234273571;;61.82866125;154;1550.0;144;1;0;0;0;0;69.4181999;40.65970496;71.00159405;533883.3333;36.11038337;4135.0;43.91209302;42.98476744;207.3953488;120.7542448;49.29387528;9.677818282;61.78255125;1.054530127;40.82165009;8.014474602;51.16387531;29.52694321;256.529541;29.52694321;15.9203103;38.8751763;21.84414669;14.81225125;39.85118533;23.04897041;249.0;94846.0;56.0;20878.0;98.0;37016.0;57.14285714;56.4026367;0.283969357;58.28860102;52.50181104;64.4388606;44.2960308;64.11326492;0.0;
5;585;Antioquia;Titiribí;5809;2016;10992;10.62742601;0.081877729;58.54257642;159;1550.0;144;1;0;0;0;0;67.20556207;40.79410286;66.13828915;685696.25;32.77838428;3603.0;50.71052632;47.25;246.1842105;109.8021966;31.99109257;8.620130005;69.19097398;0.99892828;29.13520273;7.850598873;63.0141984;29.52694321;256.529541;29.52694321;15.5769587;38.76643823;25.67142063;14.76846058;39.13820847;27.06955122;204.0;1000094.0;38.0;13607.0;84.0;30648.0;45.23809;44.39768;0.34459671;47.93664396;41.50615292;53.7944859;37.0883809;54.91464021;0.0;
5;585;Antioquia;Titiribí;5809;2021;11054;11.75667933;0.325673964;52.46064773;164;1550.0;144;1;0;0;0;0;61.71174943;41.4621891;65.39617486;905965.75;30.84856161;3410.0;52.07546997;46.24528122;238.0188751;134.3963885;31.51859687;8.247519422;94.6302722;1.215816795;23.45196714;6.136712091;70.41132077;29.52694321;256.529541;29.52694321;13.97750323;39.79347225;28.21316614;13.08826141;38.71426034;30.84709643;232.0;981605.0;38.0;227953.0;93.0;540768.0;40.86021;42.15357;0.327857793;44.19855879;37.91294109;50.1792343;44.1311016;49.63205937;2.0;LL
5;558;Antioquia;Toledo;5819;2011;5255;7.840152236;;71.39866794;99;1850.0;141;1;0;0;0;0;76.45867099;39.30307942;98.49503682;842250.0;84.09134158;4419.0;45.75111111;40.82425926;204.8333333;38.2081731;9.337802999;4.401339348;24.46903075;0.727082266;24.43928155;11.51936612;64.04135233;30.36647034;336.04599;81.29066467;18.84913316;33.16119513;15.1604574;18.27830189;34.08018868;14.58333333;;;;;;;;;;87.41601295;85.81272605;88.7114132;66.4312119;84.94640768;0.0;
5;558;Antioquia;Toledo;5819;2016;5049;14.68277547;0.217864924;67.71637948;104;1850.0;141;1;0;0;0;0;73.33608077;38.84195343;87.93377905;1501936.25;79.93662111;4036.0;45.82653061;42.87755102;225.9795918;61.61718222;9.168461398;5.442868146;47.00585268;1.220383882;14.87971547;8.833361005;76.28692352;30.36647034;336.04599;81.29066467;17.22972973;37.27477477;15.16516517;17.14884696;38.07127883;15.26205451;;;;;;;;;;82.6143163;80.68853572;84.4475355;63.9183509;80.33934393;0.0;
5;558;Antioquia;Toledo;5819;2021;5134;12.45130503;1.207635372;63.0697312;109;1850.0;141;1;0;0;0;0;69.21057945;39.08742176;84.27419355;2064572.875;74.71756915;3836.0;50.68421173;48.44736862;237.1842041;106.6012193;22.76392477;6.805956706;77.03133781;2.07637747;21.3542818;6.384501746;72.26121645;30.36647034;336.04599;81.29066467;15.49503128;38.97681266;17.37210158;15.22548614;38.93256103;18.32850641;;;;;;;;;;79.79952968;77.62776951;81.6478157;79.6777371;73.56940237;0.0;
5;592;Antioquia;Turbo;5837;2011;112602;5.512927538;;61.14367418;171;2.0;3090;1;0;0;0;0;67.68494255;42.84922395;103.4801702;533883.3333;79.67798085;89719.0;40.6620014;39.21063681;197.1637509;1493.004334;578.9179147;121.0835142;793.0029051;1.325912803;38.77536733;8.110057783;53.11457489;108.6745605;491.6589355;228.0583801;20.81570943;31.71403373;9.019240807;20.74400014;35.12437985;8.70396017;404.0;167753.0;131.0;55479.0;167.0;70926.0;78.44311377;78.22096269;0.117313536;78.83209407;74.55260018;82.8028773;59.9079204;80.22592721;0.0;
5;592;Antioquia;Turbo;5837;2016;120238;7.417164291;0.211247692;60.91169181;176;2.0;3090;1;0;0;0;0;68.12562158;43.31608865;95.80814519;685696.25;75.98512949;91363.0;47.78571429;43.20160214;227.0640854;2127.433292;846.6358532;185.7699262;1095.027513;1.769351862;39.79611753;8.732115217;51.47176726;108.6745605;491.6589355;228.0583801;20.28494949;32.94879544;9.99222865;19.52737715;37.19538607;10.38936037;389.0;1629147.0;115.0;41461.0;155.0;53955.0;74.19355;76.84367;0.140009343;76.91076643;72.75868406;80.5280625;59.5055382;76.76775514;0.0;
5;592;Antioquia;Turbo;5837;2021;131021;8.402724245;0.376275559;58.12350692;181;2.0;3090;1;0;0;0;0;65.72116339;43.46171663;90.63250105;905965.75;74.99713786;98262.0;45.98133087;41.78531265;208.6197815;2712.758884;939.4187818;171.3390828;1602.00102;2.0704764;34.62964539;6.316045402;59.05430921;108.6745605;491.6589355;228.0583801;18.49854436;35.25509474;11.60533893;17.85892433;38.78994161;12.30744403;411.0;1680256.0;115.0;372208.0;164.0;590476.0;70.12195;63.03525;0.123527099;63.97979111;59.96062391;68.4483112;63.8821431;67.15878965;0.0;
5;560;Antioquia;Uramita;5842;2011;7268;1.307099615;;71.94551458;33;647.0;239;1;0;0;0;0;77.06287557;39.51341052;103.805247;533883.3333;80.51733627;5852.0;38.78975904;36.47457831;194.060241;45.73614185;8.82339355;6.863044978;30.04970332;0.629280983;19.29194985;15.0057366;65.70231355;26.86247444;353.1924744;88.9004364;17.43386243;31.71957672;16.98412698;17.83256881;33.83027523;15.7396789;;;;;;;;;;88.32885839;86.86827647;89.7359599;67.1249226;90.94774053;0.0;
5;560;Antioquia;Uramita;5842;2016;6957;3.071247185;0.129366106;70.63389392;38;647.0;239;1;0;0;0;0;76.18411284;39.45063103;92.4899313;982134.375;81.35690671;5660.0;49.87179487;46.25641026;233.7179487;58.48033009;14.89589395;5.396988251;38.18744789;0.840596954;25.4716311;9.228723987;65.29964491;26.86247444;353.1924744;88.9004364;17.28567439;33.95699525;17.92795309;17.15047393;35.75236967;17.20971564;;;;;;;;;;85.67649483;83.96487307;87.2721525;66.2875456;85.31130895;0.0;
5;560;Antioquia;Uramita;5842;2021;7085;4.001411433;1.863091037;66.18207481;43;647.0;239;1;0;0;0;0;72.3699422;39.81213873;89.07660264;1031062.958;75.07410021;5319.0;47.8133316;44.95999908;223.2666626;119.0015963;57.17213249;7.9485581;53.88090573;1.67962733;48.04316434;6.679370988;45.27746467;26.86247444;353.1924744;88.9004364;15.61983471;35.31680441;20.77134986;15.54269175;36.06367583;20.5788712;;;;;;;;;;82.32685584;80.68793335;84.157841;82.201206;83.63890147;0.0;
5;585;Antioquia;Urrao;5847;2011;29371;2.848614847;;50.02894011;177;2000.0;2585;1;0;0;0;0;56.07009239;43.60540582;95.0302482;533883.3333;85.14180654;25007.0;44.96823729;43.19867797;211.1627119;222.3881126;25.46054375;35.48368831;161.4438805;0.757169019;11.44869816;15.95574867;72.59555317;69.91012573;326.0525513;78.78038025;18.37041081;33.62904326;15.09485465;17.44241354;36.30495346;15.33600598;222.0;51450.0;64.0;14817.0;76.0;16713.0;84.21052632;88.65553761;0.115212821;88.50274156;84.0702527;92.5311215;67.257064;85.64622292;0.0;
5;585;Antioquia;Urrao;5847;2016;29631;4.836432565;0.242988762;47.88228544;182;2000.0;2585;1;0;0;0;0;53.84239967;43.619777;88.96442081;701422.1667;82.43056259;24425.0;51.47368421;49.15170279;247.6130031;366.2852505;134.990884;37.21676986;194.0775967;1.236155548;36.85403215;10.16059746;52.98537039;69.91012573;326.0525513;78.78038025;18.45266373;34.61825585;16.03664744;17.50134264;36.71455424;15.89688507;238.0;1266844.0;86.0;36942.0;98.0;42361.0;87.7551;87.20757;0.128523342;86.68054991;82.51930747;90.1970147;67.0643788;85.13431324;0.0;
5;585;Antioquia;Urrao;5847;2021;31312;8.806527849;0.539729177;44.0054931;187;2000.0;2585;1;0;0;0;0;50.23358741;43.83364361;84.37788018;905965.75;77.70183955;24330.0;47.62918472;44.32535934;220.7727203;1098.914199;754.9674241;72.52867318;271.4181014;3.509562464;68.70121662;6.600030582;24.6987528;69.91012573;326.0525513;78.78038025;16.77365515;36.42316087;18.37206317;15.7938223;37.86703953;18.69836024;171.0;678914.0;54.0;386856.0;67.0;499001.0;80.59702;77.5261;0.421876088;77.76208896;71.49463625;83.0869212;77.643406;76.98605471;0.0;
5;558;Antioquia;Valdivia;5854;2011;13636;2.149946221;;74.83866236;99;1064.0;551;1;0;0;0;0;80.47314179;39.69394129;103.2976605;533883.3333;101.0853623;13784.0;39.64078125;38.1015625;197.2265625;90.34830577;13.57521356;7.42334;69.34975221;0.662571911;15.02542128;8.216357724;76.758221;35.45544434;349.7107544;118.3785019;20.39017341;32.03757225;10.79479769;20.10125074;34.17212627;11.07802263;;;;;;;;;;92.38699122;91.17090414;93.564871;70.2088734;89.92563204;0.0;
5;558;Antioquia;Valdivia;5854;2016;13683;7.037930278;0.095008405;73.77768033;104;1064.0;551;1;0;0;0;0;78.77972185;40.22730671;89.70432324;742981.2917;95.73193013;13099.0;48.67948718;46.58974359;237.8333333;117.0460648;16.9641986;9.78196356;90.29990262;0.855412298;14.49360868;8.357362187;77.14902913;35.45544434;349.7107544;118.3785019;19.3477625;34.61538462;12.70839427;18.93352812;37.34112491;12.89992695;;;;;;;;;;87.73352096;86.14355006;89.2815071;67.8790581;80.9780738;0.0;
5;558;Antioquia;Valdivia;5854;2021;14333;4.803018675;0.593037047;70.32721691;109;1064.0;551;1;0;0;0;0;75.81329562;40.41725601;84.96007098;985741.5417;93.11379334;13346.0;48.04000092;44.75;221.6900024;150.5351468;18.5932624;9.323087834;122.6187965;1.050269635;12.3514427;6.193296406;81.45526089;35.45544434;349.7107544;118.3785019;17.55639624;36.72411377;14.75409836;17.10672596;38.63257365;15.28627015;;;;;;;;;;86.70922044;85.00656505;88.4729979;86.5768821;84.09986384;0.0;
5;585;Antioquia;Valparaíso;5856;2011;7276;4.203316841;;51.71797691;147;1358.0;132;1;0;0;0;0;59.15235145;42.5936356;75.82627119;533883.3333;52.89994502;3849.0;46.68455882;44.045;212.3823529;70.43515423;15.32268817;14.09070976;41.02175631;0.968047749;21.75431904;20.00522312;58.24045784;22.77965164;211.605896;70.22763824;15.23233434;39.1531482;19.21913665;15.4987634;40.61555372;19.81313548;;;;;;;;;;79.1640735;77.49068773;80.8624093;60.1602059;85.9941045;0.0;
5;585;Antioquia;Valparaíso;5856;2016;6747;6.857368707;0.148214021;46.25759597;152;1358.0;132;1;0;0;0;0;53.45449084;42.55031541;67.21166593;685750.4167;47.45812954;3202.0;50.1641791;49.01492537;242.8059701;108.5730738;48.96459043;8.26821741;51.34026597;1.609205185;45.09828147;7.615348005;47.28637052;22.77965164;211.605896;70.22763824;15.12408759;38.51094891;23.79562044;14.68994582;41.45093317;23.93136665;;;;;;;;;;71.63911999;69.49779753;73.6381828;55.4268874;78.78963401;0.0;
5;585;Antioquia;Valparaíso;5856;2021;6739;8.437206312;0.326457931;40.51046149;157;1358.0;132;1;0;0;0;0;47.70088949;43.3740389;66.77807487;906625.6667;43.86407479;2956.0;51.86956406;49.97826004;244.4565277;304.0852684;216.9219429;18.74573239;68.41759305;4.51232035;71.33589341;6.164630233;22.49947635;22.77965164;211.605896;70.22763824;13.53647817;38.93934955;26.9557574;13.10883945;40.64942874;28.14191221;;;;;;;;;;68.00700258;65.5536959;70.4439892;67.9032082;77.10791193;0.0;
5;556;Antioquia;Vegachí;5858;2011;11888;3.251177658;;40.94885599;28;1000.0;518;1;0;0;0;0;48.46317417;44.86758167;90.58485925;533883.3333;84.44650067;10039.0;42.08;38.68;196.895;110.1529114;31.86997822;20.09044987;58.19248333;0.926589093;28.93248831;18.23869166;52.82882003;25.44745445;277.2635498;117.9069443;18.28011488;33.99222842;15.07011319;18.1604959;37.77852237;13.57011225;;;;;;;;;;86.66928823;85.22588934;88.275684;65.8637434;88.00567583;0.0;
5;556;Antioquia;Vegachí;5858;2016;11757;4.162059482;0.110572425;34.668708;33;1000.0;518;1;0;0;0;0;41.59174789;45.7178007;77.32147528;701639.375;87.029004;10232.0;46.50299401;43.09580838;223.9700599;121.774827;31.05267939;10.30584083;80.41630682;1.035764456;25.50008088;8.463030564;66.03688856;25.44745445;277.2635498;117.9069443;18.85175664;36.07540703;16.14395887;18.30462682;39.88517393;16.31205674;;;;;;;;;;84.03462812;82.25720106;85.6523585;65.0172402;82.48082934;0.0;
5;556;Antioquia;Vegachí;5858;2021;12230;11.26464977;2.878168438;28.04578904;38;1000.0;518;1;0;0;0;0;34.49693868;46.76048616;73.67570256;919466.4583;89.05151267;10891.0;45.99547577;42.1085968;210.2036133;155.5913054;31.59012596;11.49619984;112.5049796;1.272210183;20.30327201;7.388716105;72.30801188;25.44745445;277.2635498;117.9069443;17.26987275;37.67972236;18.04660387;16.63699628;41.04223984;18.99983816;;;;;;;;;;80.389433;78.24022204;82.4259043;80.2667401;74.97158141;0.0;
5;585;Antioquia;Venecia;5861;2011;11787;8.442917338;;58.38635785;102;1330.0;143;1;0;0;0;0;66.98885976;41.44003932;67.79021507;533883.3333;61.59328073;7260.0;44.38297872;42.80851064;210.1914894;128.8310766;29.54891744;18.16690031;81.11525884;1.092992929;22.9361721;14.10133392;62.96249398;24.53074837;247.5306854;37.55548477;15.90245578;40.13395157;19.04516572;14.83903421;43.0583501;19.68477532;;;;;;;;;;80.45646518;78.61857746;82.1031665;61.1423503;84.89570964;2.0;LL
5;585;Antioquia;Venecia;5861;2016;11634;12.7807862;0.214887399;57.06549768;107;1330.0;143;1;0;0;0;0;64.93207277;41.7414793;58.8104365;685696.25;49.08887743;5711.0;51.84;49.04;247.5;150.2741063;39.77105693;13.69605109;96.80699832;1.291680474;26.46567522;9.114045942;64.42027883;24.53074837;247.5306854;37.55548477;16.08550902;39.88084808;24.46118801;14.71233339;43.14155559;24.63303526;;;;;;;;;;70.39880829;68.25222718;72.4829801;54.4672635;76.54230709;2.0;LL
5;585;Antioquia;Venecia;5861;2021;11991;15.36291107;0.775581686;52.89800684;112;1330.0;143;1;0;0;0;0;61.14448552;42.52926679;58.4280532;905965.75;46.7267117;5603.0;49.59632874;45.0;229.7155914;232.3824533;71.39216961;15.66749524;145.3227885;1.937973925;30.72184177;6.74211629;62.53604194;24.53074837;247.5306854;37.55548477;14.15564336;40.57722041;27.62411957;12.94975689;42.75526742;28.46029173;;;;;;;;;;65.56276038;63.32322993;67.6663968;65.4626964;73.95812648;2.0;LL
5;592;Antioquia;Vigía del Fuerte;5873;2011;8496;0.579684557;;68.24387947;28;7.0;1801;1;0;0;0;0;72.59408216;41.4392416;140.5306496;614348.2917;87.79425612;7459.0;35.82089552;35.26865672;179.880597;31.77040642;3.334087199;2.089080526;26.3472387;0.373945462;10.49431712;6.575554931;82.93012795;76.49142456;363.509552;122.4747467;19.66682092;25.26608052;10.36557149;17.34547197;30.8097748;10.63727839;;;;;;;;;;90.03229548;88.50800312;91.4966007;68.4194382;88.92556683;0.0;
5;592;Antioquia;Vigía del Fuerte;5873;2016;8842;3.170474252;0.033928975;66.57995929;33;7.0;1801;1;0;0;0;0;71.21007038;42.46074716;129.7113752;1045698.917;74.89255824;6622.0;43.6969697;39.68939394;209.9621212;55.54911758;9.921715326;4.684392701;40.94300955;0.628241547;17.8611574;8.432884095;73.7059585;76.49142456;363.509552;122.4747467;20.2650217;26.47932374;10.25816769;18.94736842;30.86226204;10.05599104;;;;;;;;;;78.45349908;76.52958818;80.2121064;60.699144;82.93786738;0.0;
5;592;Antioquia;Vigía del Fuerte;5873;2021;9502;3.623798499;0.263102505;63.32351084;38;7.0;1801;1;0;0;0;0;68.36747362;42.619491;122.4134597;1162351.167;78.06777521;7418.0;40.52212524;37.75221252;185.0531006;97.40725411;16.41250279;5.892607584;75.10214374;1.025123701;16.84936398;6.049454569;77.10118145;76.49142456;363.509552;122.4747467;18.65384615;28.5042735;12.17948718;17.3164662;32.55910411;11.90377437;;;;;;;;;;81.33438804;79.13707919;83.2155002;81.2102529;84.84491019;0.0;
5;556;Antioquia;Yalí;5885;2011;7605;4.789612097;;55.34516765;52;1200.0;483;1;0;0;0;0;61.26750397;41.70636639;88.08213378;533883.3333;66.24589086;5038.0;46.37452381;42.54380952;210.0714286;44.46119307;9.404582973;3.682191737;31.37441836;0.584631073;21.15234055;8.281810456;70.56584899;13.32091999;264.5927124;108.7967987;17.4412666;35.39325843;16.41981614;17.21333695;37.7338032;14.42125237;;;;;;;;;;84.83256602;83.11390001;86.4414791;64.4679387;88.57273491;0.0;
5;556;Antioquia;Yalí;5885;2016;7618;4.188544675;0.039380415;53.58361775;57;1200.0;483;1;0;0;0;0;59.99722106;41.12824788;77.83201139;902731.1667;68.81071147;5242.0;48.22666667;44.56;231.56;65.75559065;12.11109967;5.538779075;48.1057119;0.863160812;18.41835737;8.423282371;73.15836026;13.32091999;264.5927124;108.7967987;16.45954857;37.71240172;18.99568856;17.3877551;38.20408163;17.36054422;;;;;;;;;;81.91519863;80.26892806;83.6860572;63.3774465;82.91950745;0.0;
5;556;Antioquia;Yalí;5885;2021;7893;3.931753875;0.126694539;50.13302927;62;1200.0;483;1;0;0;0;0;56.78405316;41.54152824;74.83908719;972584.875;69.09920182;5454.0;47.84415436;42.88311768;218.649353;83.81957475;14.08336403;5.083086502;64.65312421;1.061948242;16.80199891;6.064319126;77.13368197;13.32091999;264.5927124;108.7967987;14.71744472;39.06633907;21.47420147;15.48522103;38.92231232;20.58592728;;;;;;;;;;80.06712125;78.20534088;81.7946143;79.9449203;81.98797822;0.0;
5;558;Antioquia;Yarumal;5887;2011;39681;9.377493847;;32.44373882;100;2269.0;733;1;0;0;0;0;39.11632259;47.17819756;83.65656485;533883.3333;75.90282503;30119.0;44.86910714;43.64625;212.9801587;359.2901009;28.36681485;89.63504007;241.288246;0.905446186;7.895239746;24.94781789;67.15694236;0.0;320.9198914;82.97784424;19.86619976;36.00585376;12.78419485;18.62955032;37.87716566;14.09869574;166.0;54757.0;49.0;16195.0;80.0;25240.0;61.25;64.16402536;0.347545161;66.42123067;59.79928755;73.2443854;50.4763681;68.70719607;0.0;
5;558;Antioquia;Yarumal;5887;2016;40691;10.19226201;0.42515544;30.65788504;105;2269.0;733;1;0;0;0;0;36.7329467;46.84617509;73.55035985;685696.25;68.85060579;28016.0;52.99780702;50.51096491;256.5986842;494.2804553;48.48280209;118.6167355;327.1809177;1.214716904;9.808763744;23.99786078;66.19337548;0.0;320.9198914;82.97784424;19.89182085;37.79698716;14.80133455;18.07355684;39.32277966;16.70094218;142.0;381406.0;33.0;24071.0;59.0;38601.0;55.93221;62.35849;0.465703476;64.95186408;58.20576117;72.1719467;50.2529855;66.27130444;0.0;
5;558;Antioquia;Yarumal;5887;2021;43308;11.24907638;1.175302485;27.03195714;110;2269.0;733;1;0;0;0;0;32.89222515;47.20631481;70.25103295;905982.1667;60.51537822;26208.0;53.22494888;51.0286293;250.7607422;664.8159349;50.84607749;169.5110673;444.4587901;1.535088055;7.648143618;25.49744349;66.8544129;0.0;320.9198914;82.97784424;17.9828102;39.72648274;16.93337765;16.27039418;40.24001079;19.53795676;149.0;515014.0;44.0;390080.0;67.0;599722.0;65.67164;65.04347;0.297891884;65.42235335;58.33331084;72.4686505;65.3225037;66.95695009;0.0;
5;556;Antioquia;Yolombó;5890;2011;22233;2.148832816;;71.31291324;128;1462.0;952;1;0;0;0;0;76.93429991;39.46108603;88.90838634;533883.3333;70.44033644;15661.0;41.25832714;39.40925651;197.0;186.3050629;34.12581428;54.38669034;97.79255826;0.837966369;18.31716957;29.19227717;52.49055326;0.0;260.0223083;95.68061829;16.3764292;35.98065084;17.84520668;16.44113044;36.89588511;17.33406978;;;;;;;;;;84.31544577;82.71717202;85.8952517;64.0749567;86.92832957;0.0;
5;556;Antioquia;Yolombó;5890;2016;22278;4.287488404;0.094263399;70.19929976;133;1462.0;952;1;0;0;0;0;75.91591068;39.56734124;78.59750105;686546.6667;64.65122542;14403.0;47.59447005;43.62211982;225.1105991;189.8885935;40.99660521;21.64384629;127.248142;0.852359249;21.58981983;11.39818137;67.0119988;0.0;260.0223083;95.68061829;16.64019764;36.44785601;20.76936651;16.59356725;37.3994883;20.79678363;;;;;;;;;;80.47134975;78.75263336;82.3689829;62.2603467;81.10910098;0.0;
5;556;Antioquia;Yolombó;5890;2021;23387;5.761391656;0.487450293;67.92235002;138;1462.0;952;1;0;0;0;0;74.04930877;39.61521106;76.38657145;907246.0833;63.71916022;14902.0;47.13712311;43.81939697;217.6889648;282.5500399;76.65069314;24.34592783;181.5534189;1.208149997;27.12818344;8.61650129;64.25531526;0.0;260.0223083;95.68061829;14.90328007;37.51892347;23.58284272;14.91693485;37.68809255;24.22371053;;;;;;;;;;77.74759116;75.55860165;79.8678321;77.6289303;76.04490161;0.0;
5;546;Antioquia;Yondó;5893;2011;16508;3.524553752;;51.04797674;33;100.0;1903;1;0;0;0;0;59.97468532;40.69334083;101.1147474;1493698.333;63.33898716;10456.0;40.76704545;40.53409091;199.6079545;974.0658165;893.1379824;8.92410552;72.0037286;5.90056831;91.69174888;0.916170691;7.39208043;59.76132965;269.2808228;140.3812561;17.71421981;33.67546996;14.1390843;19.13997703;35.56207733;10.46318744;269.0;102317.0;99.0;34063.0;128.0;45261.0;77.34375;75.25905305;0.175984181;76.39298589;71.60684521;80.9017035;58.0543365;79.43149944;0.0;
5;546;Antioquia;Yondó;5893;2016;18204;5.286383945;2.005053834;49.76378818;38;100.0;1903;1;0;0;0;0;57.95707827;41.64172451;96.97829869;1506759.917;54.30125247;9885.0;49.60629921;47.57480315;242.5669291;669.453306;533.1768891;15.57684742;120.6995695;3.677506625;79.64362627;2.32680118;18.02957255;59.76132965;269.2808228;140.3812561;16.33397725;36.3275381;13.61880232;17.00427639;37.65473779;11.00607698;228.0;1064833.0;75.0;29167.0;110.0;42474.0;68.18182;68.67024;0.283407746;69.19303912;63.66697801;74.5514845;53.5343649;69.73418921;2.0;LL
5;546;Antioquia;Yondó;5893;2021;20228;5.831850241;9.20506229;46.45540834;43;100.0;1903;1;0;0;0;0;54.87604243;41.77681965;91.76594538;1921246.833;48.25983785;9762.0;49.45578384;45.8571434;229.836731;1039.182446;796.3837076;19.20323621;223.595502;5.137346479;76.6356005;1.847917686;21.51648181;59.76132965;269.2808228;140.3812561;14.82339317;38.51573055;15.11291257;15.48753294;39.26616663;12.74072572;189.0;886673.0;80.0;334928.0;89.0;367437.0;89.88764;91.1525;0.213787518;89.33882486;84.59101131;92.8602438;89.2024731;85.50911981;0.0;
5;511;Antioquia;Zaragoza;5895;2011;24015;2.730932056;;53.03352072;241;67.0;1077;1;0;0;0;0;59.51606544;42.49457914;103.5229202;533883.3333;86.91234645;20872.0;39.82524272;38.13592233;193.4223301;239.2797703;111.2175711;14.96057645;113.1016228;0.996376308;46.48013953;6.252336513;47.26752395;85.49378204;354.463501;161.7666168;19.00452489;33.91197038;10.16042781;19.2158516;34.80607083;9.173693086;284.0;104695.0;80.0;32756.0;91.0;36097.0;87.91208791;90.74438319;0.087407551;90.69639973;87.25612332;93.6832266;68.9241198;88.29390889;0.0;
5;511;Antioquia;Zaragoza;5895;2016;24233;3.886573405;0.301242108;54.27722527;246;67.0;1077;1;0;0;0;0;60.5078388;43.36347023;102.8489631;721132.0833;93.20348285;22586.0;44.6627907;40.48449612;210.8178295;490.6069904;315.8082363;17.51151019;157.2872439;2.024540876;64.37092062;3.569356029;32.05972335;85.49378204;354.463501;161.7666168;18.169049;32.43823845;11.68305379;18.75515251;35.56471558;10.98103875;296.0;975352.0;90.0;29982.0;101.0;34449.0;89.10891;87.033;0.152832142;86.85125111;82.96496097;89.9765616;67.1964496;83.62951136;0.0;
5;511;Antioquia;Zaragoza;5895;2021;25520;4.730276907;0.748432602;51.63793103;251;67.0;1077;1;0;0;0;0;58.07498198;43.56975487;96.38452551;1034487.75;93.07210031;23752.0;44.36654663;40.01779175;201.6975098;377.6354684;134.5275092;17.73816752;225.3697916;1.479762807;35.62364251;4.697166713;59.67919078;85.49378204;354.463501;161.7666168;16.47736236;34.8793185;13.20397539;17.17022271;37.25276437;12.71608784;276.0;1175908.0;86.0;162792.0;98.0;183585.0;87.7551;88.67391;0.197355123;88.41133655;84.26823299;91.5021629;88.2764004;87.12127606;0.0;
8;858;Atlántico;Barranquilla;8001;2011;1134420;26.91617008;;0.131609104;135;32.0;166;0;1;0;0;0;0.179429299;53.04161602;71.33636526;533883.3333;51.23234781;581190.0;45.96434215;46.52294571;222.0232948;14371.6315;33.47414544;3560.926078;10777.23128;1.266870427;0.2329182;24.77746578;74.98961602;0.0;735.685791;0.0;18.4422289;40.10084612;13.75771046;17.10877432;41.69401411;16.45917425;26267.0;1205390.0;7711.0;360598.0;11198.0;520636.0;68.86051081;69.26105763;0.002001024;69.25172842;68.67836638;69.8112935;52.6273858;67.97293908;0.0;
8;858;Atlántico;Barranquilla;8001;2016;1167555;37.09344171;3.973859904;0.098153834;140;32.0;166;0;1;0;0;0;0.134743865;52.59307671;68.8740105;685696.3333;55.0399767;642622.0;53.52665723;51.90333805;263.2638594;23081.87269;3.445529126;6219.95366;16858.4735;1.976940931;0.014927425;26.94735277;73.0377198;0.0;735.685791;0.0;17.99847847;40.31312727;16.0358523;16.36347477;41.00883654;19.34525034;26198.0;15300000.0;7640.0;373977.0;12595.0;617412.0;60.65899;60.57171;0.001875746;60.56456557;59.96932827;61.1674773;46.858551;60.82698408;2.0;LL
8;858;Atlántico;Barranquilla;8001;2021;1294390;36.19235702;4.345444572;0.04789901;145;32.0;166;0;1;0;0;0;0.065528702;52.53613023;65.78616309;905965.75;52.18689885;675502.0;53.85177994;50.81629944;252.2124023;31276.78992;6.103756078;7029.958238;24240.72793;2.416334329;0.019515289;22.47659768;77.50388703;0.0;735.685791;0.0;17.25237303;41.16918105;17.78089282;15.76032046;41.15079224;21.60135031;27193.0;16500000.0;7766.0;4505968.0;11867.0;6970963.0;65.44198;64.63911;0.001987058;64.63128576;64.0099973;65.163525;64.5326435;63.41306983;0.0;
8;823;Atlántico;Baranoa;8078;2011;56000;4.788988095;;17.17678571;155;116.0;127;0;1;0;0;0;23.06999485;47.13715903;78.46557921;533883.3333;68.17857143;38180.0;42.46153724;42.30432647;208.0158479;313.5912918;40.01402022;44.29264465;229.2846269;0.55998445;12.7599271;14.12432227;73.11575064;26.70458603;711.1741333;26.70458603;17.81272337;39.16011437;14.2494639;17.25553176;40.15703069;14.92148465;365.0;61148.0;132.0;22246.0;156.0;25609.0;84.61538462;86.867898;0.070221355;86.53472853;83.13830033;89.6100814;65.7614857;82.14717994;0.0;
8;823;Atlántico;Baranoa;8078;2016;59622;5.057137746;0.204622455;17.10610177;160;116.0;127;0;1;0;0;0;22.94027384;47.19271325;74.31122253;685696.25;58.47338231;34863.0;50.37601078;47.99056604;244.3072776;650.2055389;37.75743096;286.4417428;326.0063651;1.09054634;5.80699928;44.05402995;50.13897077;26.70458603;711.1741333;26.70458603;17.50336022;39.16330645;16.49865591;16.71354899;40.31210234;17.32636796;349.0;695293.0;113.0;19155.0;154.0;25362.0;73.37663;75.52637;0.16996481;75.06044283;70.01558159;79.7057862;58.0739506;73.31442499;0.0;
8;823;Atlántico;Baranoa;8078;2021;67587;4.470041083;0.201222129;16.83607794;165;116.0;127;0;1;0;0;0;22.6549035;47.11864985;70.84458329;905965.75;59.51884238;40227.0;49.12302017;45.32886887;226.7965851;808.9994069;76.35732096;283.687758;448.954328;1.196974872;9.438489115;35.06649765;55.49501324;26.70458603;711.1741333;26.70458603;16.73083758;40.05449591;18.26501599;16.11033912;40.64689708;19.4216953;328.0;690593.0;111.0;237651.0;144.0;316777.0;77.08334;75.02155;0.149235199;75.09965269;70.45718121;79.5695318;74.9850332;75.04349008;0.0;
8;882;Atlántico;Campo de La Cruz;8137;2011;23118;1.654915362;;11.62297777;97;7.0;105;0;1;0;0;0;15.68253256;48.45644365;101.4395393;1177939.375;89.77852755;20755.0;34.29411765;36.62352941;186.4647059;72.40307821;1.711258895;4.408749179;66.28307014;0.313189195;2.363516769;6.089173675;91.54730956;67.52896118;668.9505005;67.74500275;18.81127983;33.42299349;13.63991323;17.43293367;34.53808333;15.45760373;;;;;;;;;;89.20433073;87.57728758;90.6580768;67.7902319;86.45905634;0.0;
8;882;Atlántico;Campo de La Cruz;8137;2016;22555;2.573708712;0.093105742;12.38749723;102;7.0;105;0;1;0;0;0;16.42132263;48.26586372;88.35876495;888044.1667;97.74772778;22047.0;46.945;43.805;224.71;112.964543;6.731499734;9.950092003;96.28295125;0.500840359;5.958949203;8.808154967;85.23289583;67.52896118;668.9505005;67.74500275;18.1914988;35.83281569;14.70405537;17.11855396;37.12564239;16.12617402;;;;;;;;;;87.80696105;86.32744026;89.4278031;67.9358784;83.06416966;0.0;
8;882;Atlántico;Campo de La Cruz;8137;2021;24295;3.146395006;0.164642931;13.75591686;107;7.0;105;0;1;0;0;0;18.14876534;47.89173358;83.79405214;916140.6667;99.66248199;24213.0;46.875;43.44791794;215.6701355;167.7219307;9.719080939;7.831351426;150.1714983;0.690355755;5.794758562;4.669247125;89.53599431;67.52896118;668.9505005;67.74500275;17.40667653;37.00871567;16.37066272;16.50869529;37.66586994;18.18181818;;;;;;;;;;91.28942709;89.83565546;92.5425387;91.1500983;82.24307031;1.0;HH
8;882;Atlántico;Candelaria;8141;2011;14360;1.832636955;;29.00417827;151;13.0;143;0;1;0;0;0;37.26760326;43.94716918;95.57532348;903563.875;86.86629526;12474.0;35.55;35.89166667;187.45;47.98277877;2.149831622;2.744676598;43.08827055;0.334141913;4.480423346;5.720128489;89.79944817;56.98547363;679.4318848;56.98547363;18.76277422;35.46804742;12.67202616;17.44765703;35.86383706;13.51659308;;;;;;;;;;90.19650389;88.81926842;91.4726927;68.5442273;75.1282817;0.0;
8;882;Atlántico;Candelaria;8141;2016;15254;1.984179013;0.091779205;28.3269962;156;13.0;143;0;1;0;0;0;36.16758136;44.50027054;86.98299391;1012879.417;86.40356628;13180.0;44.70229008;40.5648855;210.5648855;76.63220931;4.885535352;6.721059476;65.02561448;0.50237452;6.375302756;8.770541182;84.85415606;56.98547363;679.4318848;56.98547363;17.74401236;36.99459181;14.12567602;17.44123932;37.95405983;14.71688034;;;;;;;;;;86.24445002;84.67844335;87.8073981;66.7269702;71.11743967;0.0;
8;882;Atlántico;Candelaria;8141;2021;17204;2.722235139;0.20344106;28.17949314;161;13.0;143;0;1;0;0;0;36.09356096;44.42801452;82.53094911;907088.5833;86.34038596;14854.0;42.88888931;38.92424393;197.469696;125.7696431;12.18799618;5.804109495;107.7775374;0.731048844;9.690729719;4.614873155;85.69439713;56.98547363;679.4318848;56.98547363;17.04169046;38.20673901;15.55682467;16.98425849;38.65546218;16.38063676;;;;;;;;;;89.57647194;88.26702421;90.9695703;89.4397575;63.29078808;0.0;
8;858;Atlántico;Galapa;8296;2011;50713;2.01772721;;7.293987735;138;87.0;98;0;1;0;0;0;9.77042591;48.8882018;85.99893647;538451.3333;41.57119476;21082.0;42.17867435;44.15273775;213.6829971;240.4430934;36.16804586;67.84377244;136.4312751;0.474125162;15.04224778;28.21614524;56.74160699;13.78767586;723.0982056;13.78767586;17.83379653;38.10232121;11.64128861;17.53159024;39.85933402;11.88905666;;;;;;;;;;71.75276926;69.61972876;73.8481555;54.528035;71.84474507;2.0;LL
8;858;Atlántico;Galapa;8296;2016;56946;3.323616526;0.481157588;7.438626067;143;87.0;98;0;1;0;0;0;9.900238802;49.13294798;79.47287158;691595.8333;41.64296;23714.0;51.14487633;48.38162544;249.1713781;706.7832497;22.70523548;338.7610712;345.316943;1.241146436;3.21247504;47.92998014;48.85754482;13.78767586;723.0982056;13.78767586;18.28002098;38.65757735;12.36497116;17.54348823;41.06065418;13.09410395;;;;;;;;;;61.45799376;59.09983552;63.7025327;47.5497927;66.28144064;2.0;LL
8;858;Atlántico;Galapa;8296;2021;66485;7.093329322;0.940061668;7.219673611;148;87.0;98;0;1;0;0;0;9.674694498;49.141216;74.93323595;905965.75;45.5320749;30272.0;50.58982468;47.64228821;235.3100128;1085.176873;37.46137891;424.4486726;623.2668217;1.63221309;3.4520989;39.1133172;57.4345839;13.78767586;723.0982056;13.78767586;17.59028923;39.8861082;13.80488536;16.99275362;41.8115942;14.74637681;;;;;;;;;;68.2234202;66.14657261;70.2535073;68.1192955;66.15238633;0.0;
8;859;Atlántico;Juan de Acosta;8372;2011;18406;2.186786917;;38.23209823;119;50.0;176;0;1;0;0;0;46.79787947;42.76399976;80.98998132;588894.4167;66.62501358;12263.0;38.77610169;38.27384181;195.259887;100.479288;3.067996576;17.51453178;79.89675962;0.545905074;3.053362178;17.43098716;79.51565066;32.70351791;718.225647;32.70351791;17.79562507;39.07851633;14.03360457;17.30962764;40.21022028;14.01095829;;;;;;;;;;83.52936537;81.89449568;85.1480654;63.4775801;83.26913521;0.0;
8;859;Atlántico;Juan de Acosta;8372;2016;19923;1.981378306;0.210811625;37.80053205;124;50.0;176;0;1;0;0;0;46.99411893;42.64321499;74.53297751;1020217.792;62.13421673;12379.0;49.19125683;46.06010929;238.4153005;133.3763306;4.531828368;14.19133694;114.6531653;0.669459071;3.397775563;10.6400715;85.96215294;32.70351791;718.225647;32.70351791;17.32841472;39.35540239;16.17318707;17.07545209;41.51943463;16.23363126;;;;;;;;;;78.6817039;76.64073746;80.7769196;60.8757051;78.32489034;0.0;
8;859;Atlántico;Juan de Acosta;8372;2021;22823;2.841797018;0.070104719;37.12483022;129;50.0;176;0;1;0;0;0;46.32445838;42.47812456;70.93145639;905965.75;62.12154406;14178.0;46.11210632;41.9417038;214.9596405;202.5550164;7.600366817;12.35844907;182.5962005;0.887503906;3.752248132;6.10128018;90.14647169;32.70351791;718.225647;32.70351791;16.70753361;40.19616133;17.87435529;16.62422699;41.88795926;18.07020735;;;;;;;;;;83.54514207;81.82776278;85.2550856;83.4176328;80.063501;0.0;
8;882;Atlántico;Luruaco;8421;2011;25606;2.015478143;;50.19917207;56;31.0;247;0;1;0;0;0;60.07871321;41.70516769;90.33388556;980600.8333;76.42349449;19569.0;37.13968254;37.2952381;190.5492063;128.1053371;31.13775463;8.407608873;88.55997356;0.500294216;24.30636798;6.563043403;69.13058862;46.89505005;697.2247925;53.99624252;18.07500778;36.25894802;14.39464675;17.719931;36.69437039;13.9328838;537.0;68069.0;159.0;19433.0;187.0;23427.0;85.02673797;82.95129551;0.111188518;83.19667294;79.94436834;86.1242981;63.2247528;87.45603713;0.0;
8;882;Atlántico;Luruaco;8421;2016;27047;2.267041323;0.140496173;49.63212186;61;31.0;247;0;1;0;0;0;59.9492426;41.98984852;86.56476746;1239648.917;77.33574888;20917.0;46.40672783;42.24464832;222.2446483;159.2785532;11.95179242;24.53924248;122.7875183;0.588895453;7.503704783;15.40649509;77.08980013;46.89505005;697.2247925;53.99624252;17.82090216;36.57506851;15.5321828;17.5992913;36.99985235;15.87184409;474.0;993016.0;158.0;23611.0;173.0;25779.0;91.32948;91.59006;0.041689927;91.06983592;88.63114212;93.2644816;70.4603511;88.60186864;0.0;
8;882;Atlántico;Luruaco;8421;2021;30283;4.50830499;0.267476802;49.15629231;66;31.0;247;0;1;0;0;0;59.52372687;41.87871004;82.16080402;905965.75;72.73717928;22027.0;44.75;42.17329407;208.4261322;227.3430467;30.12413858;15.59802696;181.6208811;0.750728285;13.25052119;6.861009028;79.88846978;46.89505005;697.2247925;53.99624252;17.10752546;37.48181457;17.31913768;17.08990172;37.58327287;17.8682145;495.0;1041851.0;180.0;354190.0;201.0;388366.0;89.55224;91.20005;0.053840806;90.94837913;87.81420978;93.2132731;90.8095708;88.83533185;0.0;
8;858;Atlántico;Malambo;8433;2011;111734;2.028030859;;6.44924553;99;10.0;108;0;1;0;0;0;8.953611302;49.3825296;82.22399307;548944.3333;54.52592765;60924.0;42.58326068;43.58413252;209.7515257;830.2548442;50.44729553;340.3045717;439.5029769;0.743063744;6.076121794;40.98796581;52.93591239;18.32887268;717.6071777;18.32887268;19.53378525;38.21662941;10.6043124;18.16372232;39.56741194;11.73355135;1002.0;139808.0;298.0;41146.0;414.0;56557.0;71.98067633;72.75138356;0.06640951;72.7559473;69.9950947;75.4557414;55.2903934;70.90761215;0.0;
8;858;Atlántico;Malambo;8433;2016;121589;3.972261745;0.374211483;6.489073847;104;10.0;108;0;1;0;0;0;9.006566097;49.31222208;77.41886621;695462.6667;56.7954338;69057.0;49.62795549;47.07301808;240.4951321;1582.765457;35.84062244;780.6157224;766.3091117;1.301734085;2.264430418;49.31973459;48.41583499;18.32887268;717.6071777;18.32887268;19.34005196;38.89688726;12.32851776;18.01667757;39.58796599;13.91268803;1105.0;1733818.0;317.0;34170.0;465.0;50611.0;68.17204;67.51497;0.06540037;67.54577557;64.95255558;70.0449097;52.259884;67.71830562;2.0;LL
8;858;Atlántico;Malambo;8433;2021;139494;5.334219871;0.64088778;6.720002294;109;10.0;108;0;1;0;0;0;9.315445782;49.26302696;73.22942184;953926.9167;54.90271983;76586.0;50.3655777;46.80715942;232.7393188;2175.989716;57.80942409;985.5209414;1132.65935;1.559916352;2.656695648;45.29069849;52.05260586;18.32887268;717.6071777;18.32887268;18.63122809;40.06175779;13.77429549;17.45095525;40.23592768;15.7199641;1036.0;1814169.0;311.0;471717.0;439.0;684670.0;70.84283;68.89699;0.063860882;68.96471704;66.00781691;71.4255068;68.8594609;69.37448175;0.0;
8;882;Atlántico;Manatí;8436;2011;18791;1.476770795;;10.34005641;156;10.0;206;0;1;0;0;0;13.26231501;48.07321084;106.2655258;1286747.625;73.7267841;13854.0;36.70616114;38.492891;188.8009479;76.38348611;1.035348535;11.40549872;63.94263886;0.406489735;1.355461223;14.93189077;83.712648;60.15245819;675.9484863;62.70425034;17.92837005;32.83909366;13.33402945;17.49511613;34.42587367;14.01128717;;;;;;;;;;84.61629;82.9011764;86.2728647;64.3035812;85.08252959;0.0;
8;882;Atlántico;Manatí;8436;2016;19208;1.879425239;0.041649313;11.22969596;161;10.0;206;0;1;0;0;0;14.82579689;47.94797493;92.85957157;1385121.458;79.5241566;15275.0;42.61607143;38.61160714;203.3526786;112.3707392;7.490604359;11.34176343;93.53837138;0.585020508;6.665974091;10.09316439;83.24086152;60.15245819;675.9484863;62.70425034;19.19934641;34.31372549;12.94934641;18.75531011;36.46983857;13.55140187;;;;;;;;;;82.37968131;80.63823168;84.1104132;63.7368148;83.44469168;0.0;
8;882;Atlántico;Manatí;8436;2021;21237;1.923922086;0.131845364;12.23807506;166;10.0;206;0;1;0;0;0;16.04386435;47.58924847;88.25444907;1405989.833;80.1808165;17028.0;43.16872406;39.49382782;200.4032898;180.2784497;13.82108473;10.11514267;156.3422223;0.848888495;7.66652074;5.610844053;86.72263521;60.15245819;675.9484863;62.70425034;18.64235056;35.38730773;14.44229529;18.24662813;37.06165703;15.34682081;;;;;;;;;;86.96728658;85.11358822;88.4717589;86.8345544;84.15225568;1.0;HH
8;823;Atlántico;Palmar de Varela;8520;2011;25705;1.861829735;;4.119821046;154;4.0;94;0;1;0;0;0;5.351070214;49.03980796;79.9151258;954681.5417;59.94164559;15408.0;41.04405286;42.86343612;208.6343612;103.5199841;7.405352638;10.29630182;85.81832967;0.402723144;7.153548854;9.946197254;82.90025389;37.06696701;698.7791138;37.06696701;18.18252187;39.13615605;13.73945352;17.07336149;39.40247145;14.39856093;;;;;;;;;;81.26775985;79.25821462;82.8871096;61.7588882;81.26656418;0.0;
8;823;Atlántico;Palmar de Varela;8520;2016;27561;2.032158969;0.058053046;4.150792787;159;4.0;94;0;1;0;0;0;5.451479101;49.40516888;75.36231884;872244.9583;55.26649976;15232.0;51.83406114;51.34934498;254.558952;144.8386987;11.92348135;13.59058698;119.3246303;0.525520477;8.232248329;9.383256758;82.38449491;37.06696701;698.7791138;37.06696701;17.35859974;39.74396065;15.62997252;16.89115399;39.79614124;16.57808518;;;;;;;;;;73.60347077;71.55318155;75.5883888;56.9466974;77.99662586;0.0;
8;823;Atlántico;Palmar de Varela;8520;2021;31364;2.510840454;0.315648514;3.991837776;164;4.0;94;0;1;0;0;0;5.263779528;49.41732283;71.61504744;1052477.875;53.59966841;16811.0;49.04558563;47.19942856;230.0028534;217.4997866;20.91463787;11.20998834;185.3751604;0.69346954;9.615934892;5.154022684;85.23004242;37.06696701;698.7791138;37.06696701;16.62961316;40.65934066;17.27116814;16.31777735;40.29831637;18.59676077;;;;;;;;;;77.74017435;75.70463454;79.7550614;77.6215248;79.04455811;0.0;
8;859;Atlántico;Piojó;8549;2011;5943;1.800437489;;56.90728588;106;250.0;258;0;1;0;0;0;65.03571429;39.28571429;81.27805651;1005726.417;80.93555443;4810.0;38.66101695;38.69491525;195.7288136;24.88972521;2.951886773;2.326782374;19.61105606;0.418807424;11.85986084;9.348365055;78.79177411;42.11179733;710.522522;42.11179733;16.72005125;39.42985266;15.91928251;17.36972705;39.3123006;13.61219426;173.0;24975.0;56.0;9141.0;67.0;10174.0;83.58208955;89.84666798;0.112532987;89.79109192;84.75241665;93.3471295;68.2361372;87.37421513;0.0;
8;859;Atlántico;Piojó;8549;2016;6295;1.70240932;;57.10881652;111;250.0;258;0;1;0;0;0;64.12438625;39.55810147;74.77499392;1316539.75;62.81175536;3954.0;45.72727273;40.18181818;215.0727273;35.83127154;5.684825412;3.319962278;26.82648385;0.56920209;15.86554194;9.265544135;74.86891393;42.11179733;710.522522;42.11179733;17.13850837;39.33028919;17.99086758;16.84385382;41.06312292;15.28239203;109.0;318124.0;33.0;4492.0;40.0;5360.0;82.5;83.80597;0.406069588;83.1223345;76.72103518;88.1595839;64.3114025;;0.0;
8;859;Atlántico;Piojó;8549;2021;7118;2.829680622;2.247822422;57.03849396;116;250.0;258;0;1;0;0;0;64.23709586;39.25127623;70.97664544;1144276.542;54.81876932;3902.0;43.18571472;38.91428757;201.9142914;77.5634448;12.14445899;3.822949678;61.59603613;1.089680315;15.65745181;4.928803366;79.41374482;42.11179733;710.522522;42.11179733;16.42512077;40.33816425;19.59205582;16.50943396;41.59787736;17.06957547;103.0;274727.0;36.0;89527.0;47.0;118004.0;76.59574;75.86777;0.591475936;77.38967104;69.5823819;84.1401829;77.2715565;77.41894674;0.0;
8;823;Atlántico;Polonuevo;8558;2011;16338;1.748480026;;17.19916758;118;75.0;73;0;1;0;0;0;22.01007292;46.44065248;81.73445894;838380.5417;59.21165381;9674.0;40.07438017;39.10743802;201.1818182;100.7370801;35.8281028;7.10816141;57.80081591;0.616581467;35.56595323;7.056151917;57.37789485;28.22768974;707.7602539;28.22768974;17.5589891;38.32794347;14.66043838;17.51157842;39.31656027;14.08186256;540.0;68735.0;180.0;23549.0;228.0;29180.0;78.94736842;80.70253598;0.07147381;80.77700541;77.44237576;84.056266;61.3859427;80.69465256;0.0;
8;823;Atlántico;Polonuevo;8558;2016;17371;1.883886938;0.241782281;16.91900294;123;75.0;73;0;1;0;0;0;21.90686139;47.17553045;79.15472779;938721.75;58.62644638;10184.0;49.77272727;45.96969697;237.8333333;134.878289;42.99753784;12.11070537;79.77004581;0.776456675;31.87876874;8.978987989;59.14224327;28.22768974;707.7602539;28.22768974;17.41310541;38.00569801;16.47863248;17.54304328;39.28571429;16.01907864;401.0;790993.0;134.0;22260.0;190.0;31799.0;70.52631;70.0022;0.1357125;70.47279413;65.68380145;74.293222;54.524506;75.11788254;0.0;
8;823;Atlántico;Polonuevo;8558;2021;19606;2.337294706;0.086708151;16.81118025;128;75.0;73;0;1;0;0;0;21.78971991;46.99214299;75.44492356;914838.5833;59.11455677;11590.0;46.98189926;43.60181046;215.9683228;193.2194646;61.39726425;9.279570277;122.5426301;0.985511908;31.7759209;4.802606349;63.42147275;28.22768974;707.7602539;28.22768974;16.72207112;38.81333736;18.34391055;16.96456245;39.7871681;17.97706375;396.0;858405.0;117.0;255733.0;157.0;343524.0;74.52229;74.444;0.120944157;74.85284305;70.96484394;78.7487547;74.7386003;76.5620219;0.0;
8;823;Atlántico;Ponedera;8560;2011;21404;1.643384414;;43.11810876;46;8.0;204;0;1;0;0;0;51.86613119;42.25435074;92.65683503;1079998.625;75.56998692;16175.0;38.72081218;37.74619289;194.7411168;94.22070368;13.74529858;6.331495838;74.14390926;0.440201381;14.58840578;6.719856242;78.69173798;42.36985016;693.3180542;42.36985016;18.07919891;36.10377788;12.95402822;17.90958825;37.39322392;12.71715136;;;;;;;;;;87.44317409;85.9127416;89.0054311;66.4518528;87.75518247;0.0;
8;823;Atlántico;Ponedera;8560;2016;22778;1.67961776;0.096584424;42.81763105;51;8.0;204;0;1;0;0;0;51.76706043;42.49731524;85.0623563;1514397.333;78.88313285;17968.0;47.65326633;45.45226131;231.4371859;153.5060944;28.56105484;13.66508031;111.2799593;0.67392262;18.60581168;8.901979011;72.49220931;42.36985016;693.3180542;42.36985016;18.28689727;36.95333391;13.99982748;17.89003129;38.48904783;13.87572642;;;;;;;;;;84.35456478;82.63795776;86.0750803;65.2647739;85.23664913;0.0;
8;823;Atlántico;Ponedera;8560;2021;25852;2.275774924;0.680798391;42.69688999;56;8.0;204;0;1;0;0;0;51.73169293;42.22212859;80.39002596;1078992.0;75.64598484;19556.0;44.17204285;42.37634277;207.9856567;219.7237208;45.94626813;10.35918849;163.4182641;0.849929293;20.91092758;4.714642761;74.37442966;42.36985016;693.3180542;42.36985016;17.6969697;37.96212121;15.56818182;17.44388239;39.0768258;15.70502687;;;;;;;;;;87.63401325;85.88433264;89.0690652;87.5002635;85.23546139;0.0;
8;858;Atlántico;Puerto Colombia;8573;2011;42626;2.426922536;;14.92516305;161;4.0;73;0;1;0;0;0;20.58045289;47.9625658;72.24785994;618717.0833;38.90817811;16585.0;43.22618824;42.47157647;208.4517647;302.747512;9.65325557;20.11426341;272.979993;0.71024143;3.188549926;6.643907088;90.16754299;5.751773834;735.7788696;5.751773834;17.37180093;40.55623761;14.16564359;16.48172324;42.70328236;15.46064901;497.0;64919.0;150.0;21268.0;216.0;28719.0;69.44444444;74.05550333;0.142274075;74.10483777;70.48778826;77.3439695;56.3154737;70.56884907;0.0;
8;858;Atlántico;Puerto Colombia;8573;2016;46638;4.774004031;0.390239719;13.58977658;166;4.0;73;0;1;0;0;0;18.52894598;49.07619215;68.00507453;890813.0;32.9195077;15353.0;51.25149701;49.16167665;251.9041916;615.264057;5.092111755;99.34378325;510.828162;1.319233366;0.827630299;16.146528;83.0258417;5.751773834;735.7788696;5.751773834;17.39741058;40.77243801;15.78231293;16.30822119;43.15599715;17.03349683;562.0;838493.0;160.0;19807.0;246.0;30691.0;65.04065;64.53683;0.158133521;64.2588467;60.07479521;68.3037867;49.7168009;65.29546374;2.0;LL
8;858;Atlántico;Puerto Colombia;8573;2021;53716;6.923604389;0.43190111;12.42646511;171;4.0;73;0;1;0;0;0;17.0784821;49.38335489;64.69626805;971443.0;32.37769007;17392.0;53.45946121;50.20270157;251.783783;624.9228627;7.28586244;52.73192159;564.9050787;1.163383094;1.165881883;8.438148887;90.39596923;5.751773834;735.7788696;5.751773834;16.75526829;41.57264696;17.48575362;15.78947368;43.42558671;19.03224636;446.0;808851.0;112.0;225610.0;184.0;362222.0;60.86956;62.28501;0.195279659;62.53528673;57.84598845;67.1413288;62.4398434;62.95673626;0.0;
8;882;Atlántico;Repelón;8606;2011;23934;1.721052338;;33.21216679;106;10.0;363;0;1;0;0;0;42.06614824;44.07914165;93.46225311;1168829.125;79.75683129;19089.0;36.26254826;37.31660232;191.8262548;106.8274866;11.02429594;7.905459899;87.89773074;0.446341968;10.31971854;7.400211455;82.28007;41.93950653;687.2849731;62.46569824;18.32067371;34.99009247;14.12648613;17.76349179;36.17831162;14.24462866;;;;;;;;;;88.20385393;86.78212322;89.7359354;67.0299263;88.06801661;0.0;
8;882;Atlántico;Repelón;8606;2016;25143;1.78280237;0.127272004;32.90776757;111;10.0;363;0;1;0;0;0;42.44125504;44.70955766;86.48717622;1457304.583;79.33420833;19947.0;44.90793651;40.21269841;212.4888889;163.2757384;29.47406078;14.69785884;119.1038188;0.649388452;18.05170876;9.001863342;72.9464279;41.93950653;687.2849731;62.46569824;18.06251491;35.37739601;16.00254514;17.48607796;37.58154336;16.35640414;;;;;;;;;;83.26856697;81.26871603;85.0385773;64.4245419;85.62319103;0.0;
8;882;Atlántico;Repelón;8606;2021;28155;2.133428047;0.298348428;32.64073877;116;10.0;363;0;1;0;0;0;42.1643716;44.5573237;82.48101266;1194098.5;78.52956846;22110.0;44.57024765;41.34710693;207.5454559;230.5299317;35.52536098;11.10872239;183.8958483;0.818788605;15.410303;4.818776593;79.77092041;41.93950653;687.2849731;62.46569824;17.33579231;36.2888353;17.79685062;16.88126912;38.05221598;18.38941453;;;;;;;;;;87.2725605;85.63980884;88.6969487;87.1393624;86.65437005;1.0;HH
8;823;Atlántico;Sabanagrande;8634;2011;28267;2.771783352;;4.995224113;135;6.0;43;0;1;0;0;0;6.763439875;48.84604817;81.31176503;606358.9167;59.44033679;16802.0;41.82410423;42.90228013;208.7557003;207.6814762;25.22397415;68.47816321;113.9793389;0.73471354;12.14550985;32.97268705;54.8818031;25.59857178;710.8757935;25.59857178;18.54997193;39.11426165;12.02975856;17.64034525;39.36086739;13.18210999;476.0;73439.0;153.0;25242.0;202.0;31686.0;75.74257426;79.66294262;0.111270114;79.49977286;76.16071321;82.7760487;60.4153184;76.81441036;0.0;
8;823;Atlántico;Sabanagrande;8634;2016;30705;3.231015578;0.263800684;4.947077023;140;6.0;43;0;1;0;0;0;6.760864208;49.32637805;75.41521631;769163.4583;57.08842208;17529.0;51.66770186;49.67701863;250.2515528;251.822201;23.89362265;53.03628221;174.8922962;0.820134183;9.488290769;21.06100336;69.45070587;25.59857178;710.8757935;25.59857178;18.43480533;39.63940423;13.9600209;17.67876859;39.58563356;14.87302721;484.0;886094.0;171.0;29191.0;229.0;40106.0;74.67249;72.78462;0.079735136;72.77223756;68.82155611;76.3738526;56.3035758;73.33208284;0.0;
8;823;Atlántico;Sabanagrande;8634;2021;35172;3.311820008;0.233139998;4.651427272;145;6.0;43;0;1;0;0;0;6.375105723;49.38328165;71.3002182;942023.5;55.93369726;19673.0;46.14791107;43.64951706;215.6334381;328.0750796;42.16439244;45.36852051;240.5421667;0.932773455;12.85205584;13.8287006;73.31924355;25.59857178;710.8757935;25.59857178;17.68800639;40.70523793;15.57685724;17.15969625;40.15640938;16.76867279;504.0;965441.0;147.0;235643.0;203.0;324067.0;72.4138;72.71429;0.129106501;72.93625354;68.98076151;77.1443757;72.8249359;74.07491335;0.0;
8;823;Atlántico;Sabanalarga;8638;2011;83826;3.732632676;;26.15536946;331;99.0;399;0;1;0;0;0;33.50381095;46.03887456;85.24839409;587383.75;74.49478682;62446.0;39.32741792;40.31588287;200.0328305;382.5101999;29.79957623;26.87742989;325.8331938;0.456314508;7.79053114;7.026591683;85.18287718;43.55661774;695.0690308;43.55661774;17.70830834;37.20400182;14.19351743;17.26895243;38.393641;14.74433503;1126.0;145628.0;355.0;48554.0;449.0;58552.0;79.06458797;82.92457986;0.031514181;82.97828257;80.79109848;85.0987857;63.0587885;84.0568177;0.0;
8;823;Atlántico;Sabanalarga;8638;2016;89188;4.433985887;0.252276091;25.88576939;336;99.0;399;0;1;0;0;0;33.02642218;46.22838363;80.70763828;685741.6667;69.41853164;61913.0;48.60469012;44.30067002;232.8207705;643.8862334;152.0790066;47.87201332;443.9352135;0.721942675;23.61892501;7.434855854;68.94621914;43.55661774;695.0690308;43.55661774;17.60625438;37.80870823;15.40095352;16.96601456;39.1533685;16.33615989;1124.0;1820301.0;346.0;29592.0;475.0;40119.0;72.8421;73.76056;0.039247354;73.91866428;71.46801723;76.4562871;57.1905613;77.59834746;0.0;
8;823;Atlántico;Sabanalarga;8638;2021;101057;4.683577915;0.897513285;25.19667119;341;99.0;399;0;1;0;0;0;32.30774453;46.19336441;76.78022365;905965.75;66.56936185;67273.0;47.49361038;43.80191803;219.6269989;947.1140845;216.9642881;37.95554902;692.1942474;0.937207798;22.90793598;4.007494941;73.08456908;43.55661774;695.0690308;43.55661774;16.86293263;38.79092195;17.11000857;16.40849224;39.61470415;18.37035581;1137.0;1926554.0;328.0;458256.0;425.0;605804.0;77.17647;75.64426;0.043846277;75.80196453;73.23184513;78.131388;75.6862732;77.63538065;3.0;LH
8;882;Atlántico;Santa Lucía;8675;2011;14130;1.163599906;;14.52229299;44;7.0;50;0;1;0;0;0;19.97846954;46.90051135;92.54043989;1090544.208;78.59164897;11105.0;35.34146341;38.13414634;191.0121951;48.72628398;1.89769564;3.235418079;43.59317026;0.344842774;3.894603661;6.639985271;89.46541107;60.64240646;664.0505371;74.29387665;18.72632908;36.17618179;13.10141675;17.48321668;36.98043137;13.5552064;;;;;;;;;;87.77673797;86.29841961;89.1223395;66.7053424;86.16547199;0.0;
8;882;Atlántico;Santa Lucía;8675;2016;15253;1.482768417;0.085229135;14.54795778;49;7.0;50;0;1;0;0;0;20.08140008;47.81440781;88.02950474;1119979.417;70.24847571;10715.0;44.69402985;40.24626866;209.8656716;71.61540453;4.87936447;6.364458735;60.37158132;0.469516846;6.813288988;8.886996836;84.29971418;60.64240646;664.0505371;74.29387665;18.9845185;35.75177119;13.34295461;18.35932381;38.08150963;13.66793343;;;;;;;;;;78.83591716;76.94111835;80.8459455;60.9950193;81.86996682;0.0;
8;882;Atlántico;Santa Lucía;8675;2021;17379;2.422943399;0.051786639;14.32188273;54;7.0;50;0;1;0;0;0;19.81760786;47.87092248;83.29238329;906992.4583;71.90287128;12496.0;43.171875;41.296875;203.0625;110.711102;6.044637878;5.243503691;99.42296039;0.637039542;5.459829928;4.736204047;89.80396603;60.64240646;664.0505371;74.29387665;18.37276399;36.81477207;14.87593768;17.94812945;38.75372963;15.28574707;;;;;;;;;;84.05148319;82.30739743;85.872223;83.9232012;81.66668015;1.0;HH
8;823;Atlántico;Santo Tomás;8685;2011;26779;2.760247458;;5.664886665;154;6.0;67;0;1;0;0;0;7.051762941;49.90153788;76.07063005;534308.3333;57.85130139;15492.0;43.31612903;45.64193548;216.0225806;144.1901113;29.52040048;9.91541652;104.7542943;0.538444719;20.47324898;6.876627276;72.65012374;30.9278183;704.9274292;30.9278183;17.76003615;40.06176094;14.34812081;16.89379351;40.05332543;16.18278774;;;;;;;;;;79.94388364;78.27831894;81.5256788;60.7528174;79.71185377;0.0;
8;823;Atlántico;Santo Tomás;8685;2016;28502;3.558522209;0.182443337;5.753982177;159;6.0;67;0;1;0;0;0;7.331239513;50.02796541;71.62977867;691167.0833;57.17493509;16296.0;51.34963325;50.90953545;251.9413203;211.7454869;24.64151674;18.90778663;168.1961836;0.742914486;11.63732795;8.929487427;79.43318462;30.9278183;704.9274292;30.9278183;17.18074169;40.23257463;16.64184925;16.84839225;40.14167651;18.32766164;;;;;;;;;;73.04875815;70.71760605;75.25253;56.5175186;75.02599152;0.0;
8;823;Atlántico;Santo Tomás;8685;2021;32311;4.006891358;0.102132401;5.555383615;164;6.0;67;0;1;0;0;0;7.106068523;50.11196537;68.25763526;905965.75;57.60267401;18612.0;49.88095093;48.38095093;234.4246063;288.8419132;35.27049162;13.78679283;239.7846288;0.893942971;12.21100194;4.773127512;83.01587055;30.9278183;704.9274292;30.9278183;16.46727216;41.05856561;18.40275603;16.24862352;40.41967454;20.54936988;;;;;;;;;;77.74829076;75.5048601;79.7459912;77.6296289;77.63683851;0.0;
8;858;Atlántico;Soledad;8758;2011;509818;1.946887582;;0.254012216;198;14.0;67;0;1;0;0;0;0.332651698;51.97179939;76.93475688;533883.3333;49.50315603;252376.0;44.32796958;44.86080814;214.0304196;3235.177778;12.34303319;803.1719748;2419.66277;0.63457504;0.381525655;24.82620832;74.79226602;13.96710396;722.8929443;13.96710396;18.7264168;39.8895793;10.21170008;17.93456854;41.87460563;11.67938201;11197.0;539038.0;3181.0;153899.0;4632.0;224878.0;68.67443869;68.43666344;0.005170599;68.44592514;67.70470609;69.2510056;52.0150211;68.30151611;2.0;LL
8;858;Atlántico;Soledad;8758;2016;568201;2.290899993;0.143787146;0.232136163;203;14.0;67;0;1;0;0;0;0.264313817;51.96360239;71.05251438;685696.25;43.56680118;247547.0;51.83839927;49.575989;252.304567;5695.012068;2.507272568;1480.432587;4212.072209;1.002288287;0.044025764;25.99524934;73.9607249;13.96710396;722.8929443;13.96710396;18.62939657;40.31672608;12.3659561;17.78095398;41.96692699;14.42383346;11586.0;6973056.0;3304.0;165257.0;5376.0;271103.0;61.45833;60.95728;0.004528738;60.96466816;60.12310997;61.924785;47.1681087;62.28820322;2.0;LL
8;858;Atlántico;Soledad;8758;2021;660674;2.692969604;0.431377654;0.132289147;208;14.0;67;0;1;0;0;0;0.155301319;51.88336074;67.04889504;905965.75;41.26952173;272657.0;52.19807816;48.62278366;242.1497803;7639.724341;3.798311369;1351.57959;6284.346439;1.156353109;0.049717911;17.69147066;82.25881143;13.96710396;722.8929443;13.96710396;17.91843365;41.50825831;13.79020658;17.25073205;42.52358839;16.20249046;11528.0;7038439.0;3255.0;2271285.0;4966.0;3526171.0;65.54571;64.41222;0.004758561;64.42413573;63.61895214;65.2757819;64.3258096;64.77964817;0.0;
8;882;Atlántico;Suan;8770;2011;11309;1.690394081;;5.60615439;106;7.0;42;0;1;0;0;0;6.789769469;48.95056773;83.28458003;876065.7917;75.24980104;8510.0;42.58510638;43.60638298;211.7553191;49.71721716;1.501124638;5.375445365;42.84064715;0.439625229;3.019325544;10.81203992;86.16863454;66.45548248;659.9978638;77.03324127;18.60505973;38.07097681;12.73717498;17.89211323;38.79294997;13.03186754;;;;;;;;;;85.35372705;83.76058331;87.0185865;64.8639915;84.27320948;0.0;
8;882;Atlántico;Suan;8770;2016;11557;1.98653053;0.060569352;5.736782902;111;7.0;42;0;1;0;0;0;7.521481977;50.29572592;82.30004088;826752.875;70.92671108;8197.0;46.80740741;44.05925926;227.5555556;60.82883048;5.055679515;5.799183424;49.97396754;0.526337549;8.311321252;9.533609931;82.15506882;66.45548248;659.9978638;77.03324127;18.42756184;37.04946996;14.31095406;17.68695947;38.35848737;14.27844667;;;;;;;;;;77.91780467;75.99434266;79.7676246;60.2846795;81.65643876;0.0;
8;882;Atlántico;Suan;8770;2021;12802;2.099281362;0.109357913;6.514607093;116;7.0;42;0;1;0;0;0;8.541522662;50.12343241;78.37542496;930346.9167;73.8009686;9448.0;49.17910385;45.88059616;226.2313385;90.14506338;5.778865977;4.893522969;79.47267444;0.704148285;6.410629446;5.428498007;88.16087255;66.45548248;659.9978638;77.03324127;17.78593077;37.96458765;15.95150742;17.15903873;38.68054493;16.22531762;;;;;;;;;;83.53201316;81.77176271;85.3468679;83.404524;81.14161113;1.0;HH
8;859;Atlántico;Tubará;8832;2011;14869;1.259331495;;48.14042639;178;268.0;176;0;1;0;0;0;56.61594203;40.71014493;78.28440558;1057769.75;60.19907189;8951.0;39.70866142;38.23622047;200.0314961;76.96888181;9.937984855;6.959898378;60.07099858;0.51764666;12.91169187;9.042483422;78.04582471;20.22561836;724.6976318;20.22561836;17.04105345;40.21430416;15.20784921;17.05741963;39.88487997;14.79713604;;;;;;;;;;84.43948305;83.02451829;86.056957;64.169218;85.41891123;0.0;
8;859;Atlántico;Tubará;8832;2016;16442;1.847909824;0.285853303;49.25799781;183;268.0;176;0;1;0;0;0;57.87028197;40.71033034;73.32531458;1050638.458;45.6574626;7507.0;45.06593407;43.76923077;222.7032967;106.4637366;5.199651324;10.7919532;90.47213205;0.647510866;4.88396471;10.13674096;84.97929433;20.22561836;724.6976318;20.22561836;16.36684303;40.85831864;17.48383304;17.28612826;39.87652766;16.56797279;;;;;;;;;;74.71422061;72.51108846;76.761543;57.8060799;74.75591492;2.0;LL
8;859;Atlántico;Tubará;8832;2021;18732;2.186543526;0.144138373;49.7063848;188;268.0;176;0;1;0;0;0;58.41259429;40.592544;69.55092221;1037871.417;40.76980568;7637.0;47.4107132;43.13393021;219.0982208;159.0139599;8.138521366;8.96640512;141.9090334;0.848889387;5.118117535;5.63875343;89.24312904;20.22561836;724.6976318;20.22561836;15.75299959;41.53909806;19.2800993;16.69240953;40.42365402;18.55692851;;;;;;;;;;77.81316144;75.93518972;79.6753335;77.6944005;75.78552995;0.0;
8;859;Atlántico;Usiacurí;8849;2011;10851;1.534420791;;6.911805364;155;110.0;103;0;1;0;0;0;9.245063879;47.44483159;80.35456904;778567.2083;61.29388996;6651.0;40.65346535;39.4950495;200.8712871;36.41219308;2.959100905;2.165720594;31.28737158;0.335565322;8.126675861;5.947789492;85.92553465;32.72714996;708.1900024;32.72714996;17.61648746;38.85304659;15.41218638;17.35913489;39.29045722;15.04458357;371.0;36848.0;152.0;14768.0;181.0;17136.0;83.97790055;86.18113912;0.063838169;85.99395132;82.18717178;89.2571644;65.3505257;82.87421162;0.0;
8;859;Atlántico;Usiacurí;8849;2016;11713;2.023392811;0.119525314;7.094681124;160;110.0;103;0;1;0;0;0;9.57558018;47.58519757;73.8762215;749760.2917;52.65090071;6167.0;48.55555556;46.7962963;236.1666667;62.64451929;8.556133714;5.509819543;48.57856603;0.534828987;13.6582319;8.795373651;77.54639445;32.72714996;708.1900024;32.72714996;16.68055324;40.02666222;17.83036161;16.98179272;40.0035014;16.94677871;412.0;543724.0;165.0;19909.0;203.0;24306.0;81.28078;81.90981;0.067805749;81.33505238;77.50625659;84.8401662;62.9285898;79.98605976;0.0;
8;859;Atlántico;Usiacurí;8849;2021;13266;2.566083723;0.105532941;6.701341776;165;110.0;103;0;1;0;0;0;8.980185421;47.60043628;70.3787965;905965.75;49.21604101;6529.0;45.12963104;42.94444275;211.4907379;97.90202611;18.11545246;4.53910299;75.24747066;0.737992056;18.5036543;4.636372883;76.85997282;32.72714996;708.1900024;32.72714996;15.86602027;40.78154841;19.75907154;16.34928007;40.43969655;19.07416009;369.0;670071.0;186.0;324813.0;212.0;367037.0;87.73585;88.49598;0.049918564;87.86959843;84.382773;90.8346739;87.7354891;84.74878366;0.0;
11;1115;Bogotá, D.C.;Bogotá, D.C.;11001;2011;7152656;31.9844626;;0.275995378;473;2600.0;1605;1;0;0;0;0;0.350062697;52.67586063;61.81633375;543750.8333;18.23619086;1304372.0;49.70462281;49.55524908;235.4601035;135864.3393;340.9171959;24737.17479;110786.2473;1.899494947;0.250924707;18.20726095;81.54181434;0.0;0.0;0.0;19.24919087;42.86065206;12.50192684;17.64971317;44.70033178;15.20770036;37084.0;7455661.0;10032.0;1993634.0;19187.0;3864340.0;52.28540157;51.59054328;0.001441946;51.58758581;51.10931141;52.1066133;39.2036393;52.70787604;2.0;LL
11;1115;Bogotá, D.C.;Bogotá, D.C.;11001;2016;7300918;42.42660991;11.06945729;0.320165218;478;2600.0;1605;1;0;0;0;0;0.415145601;52.6804851;54.64685049;702848.6667;15.98186694;1166823.0;56.01390901;55.67849536;280.2772429;199661.4502;384.139914;31963.07463;167314.2356;2.734744455;0.192395635;16.00863592;83.79896845;0.0;0.0;0.0;18.91687543;44.15522445;15.21096896;17.29084287;44.93816402;18.63853895;34027.0;95600000.0;7742.0;1792580.0;18078.0;4192787.0;42.82553;42.7539;0.001325255;42.74750332;42.23338783;43.2399909;33.0735645;43.92056915;2.0;LL
11;1115;Bogotá, D.C.;Bogotá, D.C.;11001;2021;7823334;43.20427305;9.077165822;0.376629708;483;2600.0;1605;1;0;0;0;0;0.492417569;52.57637259;52.54187044;932920.0833;18.25205213;1427919.0;56.61319351;54.47967148;269.8632813;267782.2551;346.3811192;32074.10471;235361.7693;3.422866199;0.129351782;11.97768116;87.89296706;0.0;0.0;0.0;16.17887186;46.66405466;17.48059808;14.81555437;46.08501327;21.70909644;29028.0;102000000.0;5589.0;18400000.0;13453.0;44567884.0;41.54464;41.2139;0.001938196;41.20711013;40.69700882;41.8352021;41.1442185;42.27863639;2.0;LL
13;1331;Bolívar;Cartagena de Indias;13001;2011;902797;20.47215487;;8.886715397;412;1.0;559;0;1;0;0;0;12.16155073;50.73662894;77.25277866;534183.3333;45.43956172;410227.0;44.06687441;44.63740349;215.4725972;11650.60684;21.89434599;4622.359264;7006.353229;1.29050128;0.187924511;39.67483692;60.13723857;0.0;679.0010986;99.48111725;18.80262099;38.82904185;12.38569879;18.18080544;40.35772894;14.41691768;31675.0;982058.0;8358.0;261528.0;12742.0;395451.0;65.59409826;66.13411017;0.002257964;66.13034369;65.59476503;66.6514439;50.2553105;66.82894273;0.0;
13;1331;Bolívar;Cartagena de Indias;13001;2016;945316;26.7612629;2.322292228;9.599012394;417;1.0;559;0;1;0;0;0;12.9819097;50.2584605;74.27533145;685791.6667;53.36035781;504424.0;51.83676309;49.19194434;251.7843281;18284.79174;19.22451949;6919.884944;11345.68227;1.934251799;0.105139395;37.84503014;62.04983046;0.0;679.0010986;99.48111725;18.46235892;39.09818134;14.06863225;17.50197053;40.44670732;16.58060838;28768.0;12300000.0;7403.0;270082.0;12431.0;441142.0;59.55273;61.22337;0.002012663;61.21949696;60.64951318;61.8154382;47.3652687;61.84318975;0.0;
13;1331;Bolívar;Cartagena de Indias;13001;2021;1032133;25.03393458;2.518086332;11.22442553;422;1.0;559;0;1;0;0;0;15.14545006;50.25818185;66.81662397;910335.0833;57.52543519;593739.0;50.45306396;46.71763992;233.97612;24558.61747;33.77759838;8711.210687;15813.62919;2.379404347;0.13753868;35.47109562;64.3913657;0.0;679.0010986;99.48111725;18.02836791;40.94759521;15.41426362;16.73501277;41.80725279;18.79623642;28159.0;12800000.0;7165.0;3170917.0;11671.0;5131936.0;61.39148;61.78793;0.002180813;61.78932192;61.16347763;62.3935008;61.6950171;62.8171663;0.0;
13;1351;Bolívar;Achí;13006;2011;21588;4.027314557;;77.36242357;77;24.0;1025;0;1;0;0;0;82.32403527;37.67885533;97.26610905;923008.4583;110.3529739;23823.0;37.91153846;40.38846154;195.3307692;120.7470245;26.77987301;14.7251117;79.24203982;0.559324738;22.17849517;12.19500999;65.62649484;132.0807343;466.6584473;220.1837158;18.00229216;35.07008728;14.56404831;18.26256711;35.35383114;12.58174719;;;;;;;;;;95.40311366;94.51769784;96.3449088;72.5009554;92.59559825;1.0;HH
13;1351;Bolívar;Achí;13006;2016;23384;4.442852663;0.05131714;76.84741704;82;24.0;1025;0;1;0;0;0;82.36006575;37.5897569;92.85159833;695128.1667;85.24204584;19933.0;44.97160883;40.76340694;211.362776;196.3776863;51.30411072;26.23426849;118.8393071;0.8397951;26.12522415;13.35908829;60.51568756;132.0807343;466.6584473;220.1837158;17.12558216;35.6973609;16.74156385;17.747869;36.93135935;14.19470615;;;;;;;;;;87.05286122;85.46857451;88.4767283;67.3524345;86.38048276;1.0;HH
13;1351;Bolívar;Achí;13006;2021;26361;2.774932666;0.02655438;77.67156026;87;24.0;1025;0;1;0;0;0;83.28439124;36.74798584;90.58508318;1690775.167;78.15333257;20602.0;44.34275436;41.34275436;206.1201477;259.8356904;85.69693787;23.07269545;151.0660571;0.985682222;32.98120352;8.879725265;58.13907122;132.0807343;466.6584473;220.1837158;16.70483825;35.95047237;18.73031778;17.26531601;36.9037049;16.07070789;;;;;;;;;;89.86136155;88.27562732;91.280058;89.7242123;89.40079173;1.0;HH
13;1344;Bolívar;Altos del Rosario;13030;2011;9885;1.138088012;;61.55791603;17;33.0;304;0;1;0;0;0;67.72875817;40.40616246;109.7725657;1196337.625;93.70763784;9263.0;38.83928571;40.76785714;200.8571429;39.8140926;5.32492864;3.637639465;30.8515245;0.402772813;13.37448198;9.136562526;77.4889555;146.2786255;484.479187;204.9922791;19.27663734;32.41446725;12.74682307;18.59538784;32.34800839;11.46750524;;;;;;;;;;93.15456775;92.06177144;94.2325551;70.792188;93.47538092;1.0;HH
13;1344;Bolívar;Altos del Rosario;13030;2016;10572;1.298240636;0.047294741;62.98713583;22;33.0;304;0;1;0;0;0;69.31350838;39.90298429;103.2409658;1621566.75;86.18047673;9111.0;46.17894737;44.23157895;224.6842105;66.63440296;12.03460988;8.147402702;46.45239038;0.630291364;18.06065537;12.22702139;69.71232324;146.2786255;484.479187;204.9922791;19.18731778;33.54591837;13.44752187;18.88276947;32.96616837;12.54917388;;;;;;;;;;87.66860027;86.19063997;89.0502407;67.8288293;86.66478831;1.0;HH
13;1344;Bolívar;Altos del Rosario;13030;2021;11832;2.213629705;;64.6974307;27;33.0;304;0;1;0;0;0;71.34583563;39.16161059;99.21293646;1385724.708;80.45131846;9519.0;42.75675583;40.90540695;199.783783;93.7556012;22.93029238;8.077242014;62.7480668;0.792390139;24.4575173;8.61521009;66.92727261;146.2786255;484.479187;204.9922791;19.09710945;33.74472231;15.1672621;18.50546352;33.46845259;13.50017624;;;;;;;;;;89.61745633;87.97396668;91.0396946;89.4806793;;1.0;HH
13;1347;Bolívar;Arenal;13042;2011;7592;1.900026344;;48.80136986;15;50.0;459;0;1;0;0;0;57.29580912;41.11349036;101.1793502;1134901.958;92.87407798;7051.0;36.16666667;38.18421053;185.7894737;35.16629366;4.716942152;2.77390718;27.67544433;0.463201971;13.41324792;7.887971381;78.6987807;156.6888885;441.3095703;171.1280518;18.32118623;35.33551144;11.81201307;17.93523388;36.00885691;11.76307777;364.0;68596.0;132.0;23388.0;136.0;24246.0;97.05882353;96.46127196;0.040770159;96.24740209;94.16694092;97.9907983;73.1425667;94.97928396;0.0;
13;1347;Bolívar;Arenal;13042;2016;7361;2.493999909;0.095095775;41.86931123;20;50.0;459;0;1;0;0;0;50.37128713;42.63613861;94.29982047;1503298.375;91.10175248;6706.0;46.62962963;42.27160494;221.345679;67.85487491;20.42451148;8.188893272;39.24147016;0.921815988;30.1002861;12.06824607;57.83146784;156.6888885;441.3095703;171.1280518;18.46275753;34.25779186;15.02905441;17.87412587;36.33566434;14.85314685;381.0;858948.0;176.0;29776.0;192.0;32308.0;91.66666;92.16293;0.045126581;91.7807982;88.96999274;94.3417362;71.0104196;89.53188401;0.0;
13;1347;Bolívar;Arenal;13042;2021;7748;3.731070384;0.387196696;39.93288591;25;50.0;459;0;1;0;0;0;48.82601721;42.29254776;91.92111959;1293121.458;96.46360351;7474.0;45.5376358;41.78494644;210.6451569;84.57272843;30.3995466;6.050006834;48.123175;1.0915427;35.94485736;7.153614346;56.9015283;156.6888885;441.3095703;171.1280518;18.27043239;34.79130217;16.24593852;17.61409127;36.16226314;15.90605818;349.0;864742.0;147.0;506670.0;165.0;564046.0;89.09091;89.82778;0.06721777;90.00201418;86.64031212;92.954794;89.8646503;88.8694288;0.0;
13;1331;Bolívar;Arjona;13052;2011;63765;2.803131289;;19.3131028;241;62.0;566;0;1;0;0;0;24.55223029;48.36293113;80.16279183;578796.9167;67.94636556;43326.0;40.41540257;42.14352392;201.6406068;336.8353792;41.45650645;48.44839233;246.9304804;0.528244929;12.30764611;14.38340368;73.30895021;29.32360077;650.7518311;111.2541351;18.67466017;38.23736856;12.43908695;18.23289227;39.85509471;13.60022104;386.0;66610.0;135.0;21239.0;151.0;23746.0;89.40397351;89.44243241;0.076719507;89.03305988;86.10035491;91.7802056;67.6600758;85.77534403;0.0;
13;1331;Bolívar;Arjona;13052;2016;67351;3.098568197;0.173716797;20.29220056;246;62.0;566;0;1;0;0;0;25.84970977;48.01734387;75.36951396;728306.5833;75.79397485;51048.0;47.97131553;44.50840752;227.7329377;597.0194076;127.1173278;80.46960925;389.4324706;0.886429908;21.29199254;13.47855836;65.2294491;29.32360077;650.7518311;111.2541351;18.38027955;38.9678906;14.23850096;17.67238871;39.9796334;16.03724178;439.0;909439.0;140.0;20940.0;184.0;26975.0;76.08696;77.62743;0.122115004;77.77449274;73.87815324;81.5730965;60.1737997;78.48421079;0.0;
13;1331;Bolívar;Arjona;13052;2021;73980;3.128998829;0.170316302;21.97891322;251;62.0;566;0;1;0;0;0;28.1694559;46.98150791;75.30879549;909912.0;74.63638821;55216.0;47.1361084;43.95388031;218.6771698;637.9672993;81.7820026;57.86288705;498.3224096;0.86235104;12.81915275;9.06988291;78.11096434;29.32360077;650.7518311;111.2541351;18.11865751;38.54864739;16.11094395;17.45543946;39.26939419;17.27639561;454.0;931477.0;125.0;146180.0;170.0;198409.0;73.52941;73.67609;0.16158222;74.31008527;70.33258648;78.08903;74.1966709;76.22020798;3.0;LH
13;1331;Bolívar;Arroyohondo;13062;2011;8435;1.643943885;;42.6437463;14;25.0;162;0;1;0;0;0;50.74664012;42.5211548;72.06513958;1185352.0;68.67812685;5793.0;36.23943662;38.4084507;188.2112676;38.67631128;9.081954009;3.090980675;26.50337659;0.45852177;23.481955;7.991922117;68.52612289;53.56428528;654.2121582;87.11946106;16.60490968;40.64381658;17.02176934;16.37114404;42.45810056;17.48846247;;;;;;;;;;86.54713257;84.80588196;87.940632;65.7709121;87.78422033;1.0;HH
13;1331;Bolívar;Arroyohondo;13062;2016;8139;1.94024655;0.024573043;42.8922472;19;25.0;162;0;1;0;0;0;51.84888533;43.15845681;84.62593028;1840806.667;89.65474874;7297.0;44.44;39.97333333;215.5733333;54.51831851;7.027357764;7.128980108;40.36198064;0.669840503;12.88990188;13.07630225;74.03379587;53.56428528;654.2121582;87.11946106;18.41526045;35.87674248;15.99413059;17.40740741;38.86419753;16.86419753;;;;;;;;;;86.5091207;84.75355812;88.1206255;66.9317448;87.80737204;1.0;HH
13;1331;Bolívar;Arroyohondo;13062;2021;8602;2.378322871;0.058126017;43.9316438;24;25.0;162;0;1;0;0;0;53.46645169;42.40357187;83.16978337;1998002.375;94.08277145;8093.0;45.04301071;40.87096786;209.1397858;77.6435731;18.54115632;6.689156944;52.41325984;0.902622333;23.87983394;8.61521009;67.50495597;53.56428528;654.2121582;87.11946106;18.15455594;35.91695502;17.78546713;17.10803843;38.52823998;18.11577221;;;;;;;;;;91.61023463;90.28717078;92.978697;91.4704162;88.14310859;1.0;HH
13;1344;Bolívar;Barranco de Loba;13074;2011;14092;2.130050147;;63.42605734;80;25.0;416;0;1;0;0;0;69.26329484;39.90892828;107.3533022;1181359.5;108.4374113;15281.0;38.52406417;38.90374332;195.8128342;69.6377394;13.31837248;5.670938301;50.64842862;0.494165054;19.12522232;8.143484194;72.73129349;146.9792175;491.1604919;203.9517365;18.41640636;33.77699307;11.73434741;18.35339575;34.15069104;10.53648388;;;;;;;;;;95.28344537;94.29254334;96.1891141;72.4100143;93.26052211;1.0;HH
13;1344;Bolívar;Barranco de Loba;13074;2016;14519;2.720573042;0.034437633;61.98085268;85;25.0;416;0;1;0;0;0;68.55948309;40.54732041;100.5951686;1338535.667;97.14856395;14105.0;45.21118012;40.55279503;212.5652174;97.89318682;14.45062224;12.62783945;70.81472513;0.674241937;14.76162204;12.89961014;72.33876782;146.9792175;491.1604919;203.9517365;18.40581662;33.51285849;14.21839235;18.4856176;34.75747321;12.39424704;;;;;;;;;;89.41949011;87.80632431;90.8842659;69.1834854;86.24506475;1.0;HH
13;1344;Bolívar;Barranco de Loba;13074;2021;15793;2.588699635;0.063319192;61.28664598;90;25.0;416;0;1;0;0;0;68.49042356;40.15239926;97.19298246;1888289.458;96.27683151;15205.0;45.71578979;42.50526428;209.4263153;131.0465827;28.05840747;10.97530499;92.01287024;0.829776374;21.41101805;8.375117279;70.21386467;146.9792175;491.1604919;203.9517365;18.32136667;33.68408022;15.88264422;18.25016202;34.72456254;13.80427738;;;;;;;;;;92.70549778;91.34565953;93.7962947;92.5640077;88.55001701;1.0;HH
13;1331;Bolívar;Calamar;13140;2011;20880;1.943646232;;43.18007663;88;8.0;246;0;1;0;0;0;52.71742046;43.08171039;91.39093618;1261719.333;98.10344828;20484.0;35.98571429;37.87857143;188.9607143;100.9500469;7.269582196;9.219694487;84.46077026;0.483477236;7.201167722;9.13292739;83.66590489;58.31756592;653.9011841;85.65671539;18.53226728;35.83666476;13.91585761;17.50530172;37.10237131;15.13398882;;;;;;;;;;91.82017197;90.56976216;93.0427507;69.7781229;91.04635579;0.0;
13;1331;Bolívar;Calamar;13140;2016;21855;2.531838633;0.123541524;43.23038206;93;8.0;246;0;1;0;0;0;52.68022181;43.08837488;85.26877008;1491408.833;96.34408602;21056.0;44.71774194;40.96774194;213.7096774;158.8157107;15.16830934;20.89033779;122.7570636;0.72667907;9.550887171;13.15382319;77.29528964;58.31756592;653.9011841;85.65671539;18.21321458;36.39007543;15.35944742;17.20420199;37.90084777;17.0936233;;;;;;;;;;88.5890597;87.17141124;90.1341108;68.5409849;84.72314772;0.0;
13;1331;Bolívar;Calamar;13140;2021;24034;2.572744168;0.158109345;43.26787052;98;8.0;246;0;1;0;0;0;53.26392923;42.63884545;83.74145597;1677924.667;91.13755513;21904.0;42.45173645;38.61003876;196.8223877;201.5419233;29.17266152;17.52286158;154.8464002;0.838570039;14.4747361;8.694400298;76.8308636;58.31756592;653.9011841;85.65671539;17.92710141;36.30878585;17.31548062;16.82446586;37.36908253;18.91076665;;;;;;;;;;90.7258965;89.32578157;91.9651529;90.5874278;82.58671873;1.0;HH
13;1347;Bolívar;Cantagallo;13160;2011;7042;2.459055193;;47.51491054;17;64.0;870;0;1;0;0;0;56.21953137;40.94983488;80.51777095;687733.25;105.722806;7445.0;38.43055556;39.47222222;195.0694444;775.7286654;721.9718303;4.739563603;49.01727145;11.01574361;93.07014972;0.61098214;6.318868135;48.33362198;317.7793884;116.016243;17.88793103;40.00538793;11.98814655;19.63963964;40.78078078;9.51951952;61.0;17349.0;29.0;8297.0;36.0;9728.0;80.55555556;85.28988487;0.325542991;88.48168316;81.40524593;94.0343092;67.2410608;81.50244098;0.0;
13;1347;Bolívar;Cantagallo;13160;2016;7821;3.231683928;1.01010101;45.60797852;22;64.0;870;0;1;0;0;0;53.13215103;41.31864989;81.54797526;1071370.083;78.23807697;6119.0;49.33333333;47.125;237.2083333;407.2870813;312.7386254;13.72507958;80.82337625;5.207608762;76.78579553;3.36987845;19.84432602;48.33362198;317.7793884;116.016243;16.9508037;38.86994642;14.83195324;17.25437416;40.69986541;11.89771198;79.0;259912.0;25.0;4945.0;35.0;7132.0;71.42857;69.33539;0.825707801;73.72402675;64.59305203;80.3464913;57.0399711;72.91440341;0.0;
13;1347;Bolívar;Cantagallo;13160;2021;8852;4.579002862;7.591504745;45.30049706;27;64.0;870;0;1;0;0;0;53.21754342;40.43483694;79.44989488;2000381.667;67.79258925;6001.0;46.69149017;45.76595688;222.4361725;860.4812548;727.2420681;12.60711118;120.6320756;9.720755251;84.51573628;1.465123279;14.01914044;48.33362198;317.7793884;116.016243;16.48608455;39.15445082;16.50732951;16.9119421;40.82026538;12.66586248;60.0;226942.0;23.0;209749.0;30.0;276900.0;76.66666;75.74901;0.85191261;79.20234537;69.87188788;87.3540911;79.0814643;77.45570758;0.0;
13;1330;Bolívar;Cicuco;13188;2011;11514;3.14399861;;37.64981761;17;20.0;132;0;1;0;0;0;45.73643411;43.75193798;98.34915997;1259785.083;92.94771582;10702.0;41.86363636;41.45454545;202.8818182;100.5265897;49.26935949;6.572219267;44.6850109;0.873081376;49.0112712;6.537791931;44.45093686;81.92954254;538.7781982;196.9308014;18.2880715;34.92609144;13.25197662;18.08286517;35.07724719;13.46558989;;;;;;;;;;92.20734213;91.05824145;93.3080047;70.0723503;89.07438607;1.0;HH
13;1330;Bolívar;Cicuco;13188;2016;12740;2.522239665;0.266875981;35.57299843;22;20.0;132;0;1;0;0;0;43.24448953;44.98754957;94.654904;1617434.0;87.95133438;11205.0;48.18803419;44.90598291;234.3162393;102.6844917;21.8969271;11.64838748;69.13917717;0.80600072;21.32447337;11.34386243;67.3316642;81.92954254;538.7781982;196.9308014;17.46478873;35.10172144;14.10015649;18.37795276;36.34645669;14.2992126;;;;;;;;;;84.79702219;83.04977819;86.424224;65.6071013;85.07733732;1.0;HH
13;1330;Bolívar;Cicuco;13188;2021;14405;2.648385977;1.207913919;35.77924332;27;20.0;132;0;1;0;0;0;43.95719343;44.23076923;93.18598259;1975347.25;86.7754252;12500.0;46.63068008;43.42613602;218.5909119;146.435897;35.04080345;11.05929881;100.3357948;1.016562978;23.92910766;7.552314042;68.5185783;81.92954254;538.7781982;196.9308014;17.1797691;35.15667949;15.75041231;18.03899565;36.02188245;15.5702062;;;;;;;;;;89.15045153;87.54710851;90.6562976;89.0143873;86.56654771;1.0;HH
13;1352;Bolívar;Córdoba;13212;2011;15237;2.027411345;;71.47732493;102;20.0;573;0;1;0;0;0;77.96576167;37.67553832;88.15441565;1189276.083;104.1149833;15864.0;38.30653266;38.22110553;194.8643216;71.80905741;7.372638789;6.948922338;57.48749628;0.471280813;10.26700399;9.676944091;80.05605192;61.87801361;573.0268555;164.7375336;17.58513932;37.56037152;14.99690402;17.81625244;36.69366099;14.67467188;237.0;56620.0;84.0;19549.0;89.0;20661.0;94.38202247;94.6178791;0.05751375;94.66108852;91.6662692;96.9586493;71.9370584;90.89362646;1.0;HH
13;1352;Bolívar;Córdoba;13212;2016;15605;2.623624907;0.12816405;73.01505928;107;20.0;573;0;1;0;0;0;79.29264119;37.54199151;85.307085;1490681.583;91.16308875;14226.0;47.87804878;45.06097561;234.3353659;103.4740032;17.12946127;13.64680839;72.69773357;0.663082366;16.55436219;13.18863479;70.25700301;61.87801361;573.0268555;164.7375336;16.38926011;37.39521322;18.00510266;18.44317874;36.75074586;16.53105506;190.0;701938.0;73.0;20029.0;84.0;22897.0;86.90476;87.47434;0.154176808;87.96709597;83.59626852;91.926391;68.0597741;86.38278593;1.0;HH
13;1352;Bolívar;Córdoba;13212;2021;17028;3.331277895;0.305379375;76.02184637;112;20.0;573;0;1;0;0;0;82.0098344;36.55683038;82.76925954;1523415.333;85.60018793;14576.0;45.60988998;43.30769348;213.1483459;215.3266243;105.442434;11.95783065;97.9263597;1.264544423;48.96860028;5.553345149;45.47805457;61.87801361;573.0268555;164.7375336;15.93818985;37.52759382;20.30905077;17.84638554;36.79718876;18.41114458;233.0;756108.0;81.0;401641.0;92.0;460625.0;88.04348;87.19479;0.150925864;87.71837187;83.24762825;91.1537035;87.5844933;84.61213598;1.0;HH
13;1331;Bolívar;Clemencia;13222;2011;13566;1.628458401;;25.99882058;16;62.0;84;0;1;0;0;0;33.19079247;45.20971704;92.69993987;1206343.25;78.64514227;10669.0;35.72435897;36.30121795;184.9358974;69.70651856;18.12169435;7.171248337;44.41357588;0.513832512;25.99713014;10.28777292;63.71509694;28.01181984;694.1688232;71.47045135;19.49458484;35.29241877;11.71119134;19.18385785;36.75651257;11.39888571;;;;;;;;;;87.00812959;85.57389789;88.4831051;66.1212436;89.32031948;0.0;
13;1331;Bolívar;Clemencia;13222;2016;14143;1.894930354;0.169695256;18.88566782;21;62.0;84;0;1;0;0;0;25.17355085;46.77195418;83.25539969;1518603.167;76.75882062;10856.0;45.18548387;41.54032258;216.2096774;123.6314804;8.010521361;44.26752274;71.35343628;0.874153153;6.479354075;35.80602821;57.71461772;28.01181984;694.1688232;71.47045135;18.62001124;36.98707139;13.78583474;18.87007258;37.86822257;13.40543617;;;;;;;;;;79.71124266;77.74870897;81.6229751;61.672255;80.38242119;0.0;
13;1331;Bolívar;Clemencia;13222;2021;15698;2.051216716;0.242069053;16.67728373;26;62.0;84;0;1;0;0;0;22.59125803;46.60034467;83.01640004;1705696.333;71.26385527;11187.0;44.68067169;39.04201508;203.050415;197.9318762;41.33675444;34.67898394;121.9161379;1.260873208;20.88433416;17.5206665;61.59499934;28.01181984;694.1688232;71.47045135;18.50125945;36.71284635;15.22670025;18.76772364;37.12296984;14.53982985;;;;;;;;;;83.45134907;81.66791627;85.0772173;83.323983;84.56660424;0.0;
13;1352;Bolívar;El Carmen de Bolívar;13244;2011;69305;2.888800712;;30.4595628;154;155.0;900;0;1;0;0;0;37.97734094;44.77852768;92.15570559;566122.375;95.50537479;66190.0;40.48644491;40.65800416;200.9677755;422.3391992;133.686865;45.36921568;243.2831185;0.609392106;31.65390882;10.74236438;57.60372681;51.90921783;598.4279785;148.0001068;17.82895295;35.82765157;13.98987184;17.61293362;36.84257023;14.27645916;319.0;69802.0;125.0;28065.0;137.0;29885.0;91.24087591;93.90998829;0.032032761;93.73649702;90.74103075;96.1924179;71.2344213;90.06786625;1.0;HH
13;1352;Bolívar;El Carmen de Bolívar;13244;2016;69403;3.303411476;0.239182744;28.35324121;159;155.0;900;0;1;0;0;0;33.99610467;45.02498095;82.50892634;922607.1667;94.98868925;65925.0;46.72413793;43.07219828;225.5786638;522.1499853;100.5033148;70.12181795;351.5248525;0.752344978;19.24797811;13.4294398;67.32258209;51.90921783;598.4279785;148.0001068;18.00478402;37.51512593;15.7450401;17.62430613;37.77016653;16.40781859;294.0;849068.0;124.0;28260.0;141.0;32405.0;87.94326;87.20876;0.05286833;87.32584777;83.6499077;90.8770065;67.5636431;85.03440002;1.0;HH
13;1352;Bolívar;El Carmen de Bolívar;13244;2021;74331;4.2469943;0.314808088;27.58472239;164;155.0;900;0;1;0;0;0;33.5179056;44.39773494;82.01294829;997120.0833;92.05984044;68429.0;47.26025772;43.01992798;216.65065;613.13502;104.5409087;55.70148347;452.8926278;0.824871211;17.05022634;9.084701029;73.86507263;51.90921783;598.4279785;148.0001068;17.77077035;37.19378714;17.68216408;17.37534414;37.17567229;17.77580022;303.0;903334.0;114.0;426458.0;130.0;498033.0;87.69231;85.62846;0.094061386;86.02869468;81.92211187;89.1748758;85.897395;85.46811173;1.0;HH
13;1352;Bolívar;El Guamo;13248;2011;8175;1.950050968;;44.34250765;158;100.0;371;0;1;0;0;0;52.38345371;40.80105056;80.42430087;1162996.25;89.23547401;7295.0;36.93333333;39.68;191.6;45.70542833;14.64736504;3.763793473;27.29426982;0.559087808;32.04732036;8.234893776;59.71778586;73.72848511;630.40271;107.3736572;17.18061674;37.60723394;19.47600278;16.4422579;37.36406007;19.4976696;;;;;;;;;;92.39127616;91.13641641;93.4891503;70.2121297;92.76031813;1.0;HH
13;1352;Bolívar;El Guamo;13248;2016;8394;2.048089905;0.035739814;44.98451275;163;100.0;371;0;1;0;0;0;52.8282955;41.01342029;80.15080113;1501922.75;84.44126757;7088.0;48.42857143;44.44285714;230.8714286;82.72929007;20.94932372;10.8288453;50.95112105;0.985576484;25.32274083;13.08949381;61.58776536;73.72848511;630.40271;107.3736572;15.98639456;37.4829932;21.70068027;15.98895582;38.27811245;21.20983936;;;;;;;;;;87.56590915;85.69154715;89.0933892;67.7493776;87.640009;1.0;HH
13;1352;Bolívar;El Guamo;13248;2021;9221;2.533167046;0.021689622;46.63268626;168;100.0;371;0;1;0;0;0;54.94800403;40.23258414;79.36671829;1392962.75;78.71163648;7258.0;44.40697861;41.2441864;205.5465088;103.3751107;34.76056885;8.922536248;59.69200564;1.121083513;33.62566541;8.631222917;57.74311168;73.72848511;630.40271;107.3736572;15.51901336;37.12230216;24.06988695;15.42699725;38.03948577;22.86501377;;;;;;;;;;89.2225567;87.6726308;90.6301214;89.0863824;88.2367578;1.0;HH
13;1344;Bolívar;El Peñón;13268;2011;9217;1.651838993;;65.75892373;16;25.0;327;0;1;0;0;0;71.87087483;39.36157446;108.1821618;1294077.333;90.19203645;8313.0;34.73684211;38.89473684;189.4912281;42.20615472;11.36629559;3.954217487;26.88564164;0.457916401;26.93042203;9.36881721;63.70076076;166.7285461;494.5075378;177.7844238;18.49794239;31.99588477;14.34156379;18.13174202;33.87652054;13.49552444;;;;;;;;;;92.32180903;91.12180722;93.4737726;70.1593386;89.42614403;1.0;HH
13;1344;Bolívar;El Peñón;13268;2016;8027;2.963954985;0.037373863;63.47327769;21;25.0;327;0;1;0;0;0;69.93411322;39.70687105;103.7593985;1589856.25;87.15584901;6996.0;48.06153846;43.90769231;230.4615385;62.77430336;19.95128716;8.273396837;34.54961936;0.782039409;31.7825704;13.17959164;55.03783796;166.7285461;494.5075378;177.7844238;18.05588727;32.0754717;16.93336518;16.71875;34.27083333;16.66666667;;;;;;;;;;87.00056923;85.34404401;88.4907523;67.3119765;84.3941295;0.0;
13;1344;Bolívar;El Peñón;13268;2021;7895;3.061009077;0.050664978;63.31855605;26;25.0;327;0;1;0;0;0;70.27244665;39.10884445;100.8463542;1920071.75;82.01393287;6475.0;45.79729843;43.2297287;213.3108063;106.5196228;51.25919601;9.25417101;46.00625579;1.349203582;48.12183395;8.687761715;43.19040434;166.7285461;494.5075378;177.7844238;17.68543126;31.988403;19.20753805;16.26730564;34.34504792;18.31735889;;;;;;;;;;89.83501167;88.32716947;91.3617725;89.6979026;87.37439152;1.0;HH
13;1330;Bolívar;Hatillo de Loba;13300;2011;12980;1.624935799;;76.64869029;17;26.0;196;0;1;0;0;0;81.88577498;38.49170684;108.8672614;1189276.083;81.8798151;10628.0;37.26271186;38.70338983;192.279661;48.32879218;5.662681756;4.4746686;38.19144182;0.372332759;11.71699416;9.258804945;79.0242009;151.8613129;508.5575256;201.375412;19.53834698;31.70513775;14.02829486;18.75498803;32.17877095;13.31205108;;;;;;;;;;91.0813849;89.66124475;92.3152892;69.2166867;92.80714903;1.0;HH
13;1330;Bolívar;Hatillo de Loba;13300;2016;12410;1.993016385;;75.14101531;22;26.0;196;0;1;0;0;0;80.72530221;38.54105877;102.751911;1635218.458;85.97904915;10670.0;47.25694444;43.77083333;224.875;73.2620316;9.294067141;9.641499479;54.32646498;0.590346749;12.68606253;13.160295;74.15364247;151.8613129;508.5575256;201.375412;18.85750355;32.72842039;16.14328547;18.14589165;32.6691915;15.1160876;;;;;;;;;;87.81761232;86.24171674;89.4959071;67.9441193;;1.0;HH
13;1330;Bolívar;Hatillo de Loba;13300;2021;12899;2.571258754;0.007752539;75.30816342;27;26.0;196;0;1;0;0;0;81.2392292;38.0698731;98.96702424;1810013.167;89.63485542;11562.0;43.09489059;40.8394165;200.6934357;108.4688646;22.0722949;9.278438401;77.11813131;0.840909098;20.34896832;8.554010808;71.09702087;151.8613129;508.5575256;201.375412;18.49377467;33.02459763;18.19010021;17.58276572;32.94788532;16.85411057;;;;;;;;;;91.89852439;90.45445402;93.1886029;91.758266;88.37852934;1.0;HH
13;1351;Bolívar;Magangué;13430;2011;124937;4.079122544;;31.12848876;198;20.0;1102;0;1;0;0;0;38.87949614;46.24702735;85.41238888;533883.3333;98.61690292;123209.0;42.14411326;43.68126677;211.3718331;855.9677908;45.37513738;82.14127484;728.4513786;0.685119533;5.30103327;9.596304408;85.10266232;82.90977478;524.7661743;211.0359039;18.35153051;36.69168779;13.73237148;18.32336841;38.22272003;14.79909764;1134.0;140986.0;405.0;49313.0;446.0;55320.0;90.80717489;89.14135936;0.036804995;89.20044586;87.62092869;90.9457982;67.7872797;88.49280743;1.0;HH
13;1351;Bolívar;Magangué;13430;2016;129878;6.0065985;0.29951185;30.825082;203;20.0;1102;0;1;0;0;0;38.70506375;45.87117323;82.14549819;686534.5833;89.24683164;115912.0;51.25452017;48.50486787;248.4130737;1209.847233;63.61760997;163.6523916;982.5772313;0.931525919;5.258317599;13.52669884;81.21498356;82.90977478;524.7661743;211.0359039;18.11548076;36.96688351;15.23389588;17.66332157;38.71756098;16.62007973;967.0;1705832.0;338.0;47146.0;404.0;56040.0;83.66337;84.1292;0.035187919;84.12618503;81.91238497;86.3281744;65.0880774;81.24263737;1.0;HH
13;1351;Bolívar;Magangué;13430;2021;142069;5.192899225;0.623640625;31.58676418;208;20.0;1102;0;1;0;0;0;39.98496717;44.92681383;81.7659416;906128.0833;83.46718848;118581.0;48.23981094;45.308918;224.5126953;1721.813853;115.3364412;150.5417258;1455.935686;1.211956059;6.698542991;8.743205636;84.55825137;82.90977478;524.7661743;211.0359039;17.83200573;36.66568326;17.15626361;17.32451191;38.08260919;18.11025844;942.0;1869979.0;308.0;625192.0;357.0;718830.0;86.27451;86.97356;0.03152673;86.97589833;84.83969108;89.0693046;86.843153;85.46287558;1.0;HH
13;1331;Bolívar;Mahates;13433;2011;25666;1.952323437;;61.40419232;401;10.0;430;0;1;0;0;0;69.50460043;40.45562297;87.0771355;1194956.875;79.17478376;20321.0;36.28904429;38.52447552;190.6386946;132.8136098;39.16094745;12.61526821;81.03739411;0.517469063;29.48564346;9.498475521;61.01588102;43.5855751;648.3288574;99.52336121;18.51966314;36.0581009;15.28239203;17.49587361;38.21425764;15.18509785;406.0;60385.0;136.0;20668.0;143.0;21591.0;95.1048951;95.72507063;0.026814162;95.38458193;93.09802532;97.2596709;72.4868723;93.44802385;0.0;
13;1331;Bolívar;Mahates;13433;2016;26804;2.308113217;0.014923146;62.28921057;406;10.0;430;0;1;0;0;0;70.12962685;39.74224487;80.15200234;1429360.417;80.09998508;21470.0;44.45176471;39.42823529;209.5341176;263.5154546;105.4438445;34.67232162;123.3992885;0.983119887;40.01429238;13.15760462;46.828103;43.5855751;648.3288574;99.52336121;19.62911383;36.31166166;16.48464414;17.377099;38.23417673;17.17194742;346.0;783900.0;136.0;23187.0;152.0;25988.0;89.47369;89.22195;0.073070166;88.9020123;85.42424272;91.685783;68.783115;88.46548852;0.0;
13;1331;Bolívar;Mahates;13433;2021;29492;2.921413717;0.061033501;64.38017089;411;10.0;430;0;1;0;0;0;72.31940934;38.9251031;78.2753869;1143056.167;79.04855554;23313.0;43.58707809;39.19944;200.1039276;299.4946167;99.20179416;26.07866884;174.2141537;1.015511382;33.1230642;8.707558464;58.16937733;43.5855751;648.3288574;99.52336121;19.44057798;36.17684099;18.58553722;16.89691079;37.92433183;18.98646303;446.0;828425.0;152.0;274893.0;171.0;305364.0;88.88889;90.02142;0.077000516;89.97362029;87.33112008;92.4793891;89.8362997;89.63100849;1.0;HH
13;1330;Bolívar;Margarita;13440;2011;9875;1.853164557;;81.95443038;129;25.0;263;0;1;0;0;0;85.92832557;37.63919822;112.6466276;1211296.417;93.18481013;9202.0;38.42982456;40.14912281;196.9561404;35.71173904;4.503518777;2.854054371;28.35416589;0.361637864;12.61075181;7.991922117;79.39732608;135.4312286;516.7839966;218.4580536;16.23250389;31.41524106;20.52877138;15.19763264;32.17078842;21.11604312;;;;;;;;;;94.14250235;92.90783557;95.2932107;71.5429623;93.09944549;1.0;HH
13;1330;Bolívar;Margarita;13440;2016;10347;1.861248027;0.009664637;82.53600077;134;25.0;263;0;1;0;0;0;86.14686545;37.28122974;98.78757681;1711286.667;81.82081763;8466.0;48.0078125;42.609375;225.203125;66.56029562;16.20888972;8.703625431;41.64778046;0.643281102;24.35219011;13.07630225;62.57150765;135.4312286;516.7839966;218.4580536;16.25395643;32.99199404;22.30497114;16.01688103;34.00321543;21.98553055;;;;;;;;;;87.22580858;85.59123397;88.7611894;67.4862432;87.60743898;1.0;HH
13;1330;Bolívar;Margarita;13440;2021;11435;1.902783851;0.034980324;83.97026672;139;25.0;263;0;1;0;0;0;87.49897867;36.48990931;96.04790419;2244141.25;75.1027547;8588.0;46.52173996;43.06087112;211.2695618;121.3148868;47.9432801;9.970982978;63.40062373;1.060908499;39.51970064;8.219092677;52.26120668;135.4312286;516.7839966;218.4580536;15.93912025;33.03227965;24.83692925;15.39589443;33.87096774;24.23020528;;;;;;;;;;89.37825653;87.93747974;90.6651403;89.2418446;88.37828752;1.0;HH
13;1352;Bolívar;María La Baja;13442;2011;42545;2.938261449;;55.04759666;75;12.0;517;0;1;0;0;0;62.94226702;42.14429329;98.66808527;611983.3333;108.1960277;46032.0;39.19771863;41.19771863;198.2642586;226.4134171;48.13921981;24.51456545;153.7596319;0.532173974;21.26164625;10.82734661;67.91100714;48.72520447;631.2107544;125.1760101;19.3632714;33.58696667;12.33778359;18.87989395;35.50632012;13.16100933;624.0;77166.0;239.0;29349.0;255.0;31586.0;93.7254902;92.91774837;0.034315823;92.92813714;90.71713088;94.7137954;70.6201136;92.23318738;1.0;HH
13;1352;Bolívar;María La Baja;13442;2016;44730;2.563343021;0.049183993;55.45495193;80;12.0;517;0;1;0;0;0;63.40537944;41.9092219;90.65342356;1602502.833;99.45226917;44485.0;44.09771987;40.05863192;211.1091205;373.208766;80.6753689;49.46381056;243.0695865;0.834358967;21.61668649;13.25365722;65.12965629;48.72520447;631.2107544;125.1760101;19.40438034;34.28596866;14.13372507;18.16222043;36.84541453;15.16662176;542.0;998002.0;188.0;31980.0;218.0;37796.0;86.23853;84.61213;0.108712097;84.94135503;81.70708174;87.551656;65.718771;85.52824815;1.0;HH
13;1352;Bolívar;María La Baja;13442;2021;49402;2.778733655;0.168009392;56.58677786;85;12.0;517;0;1;0;0;0;64.9152723;41.22348929;88.65248227;1500302.708;94.9536456;46909.0;42.92442703;39.43761063;197.3690643;482.8477322;145.8275223;42.50966484;294.510545;0.977384989;30.20155477;8.803948328;60.9944969;48.72520447;631.2107544;125.1760101;19.19707443;34.28307346;15.9982318;17.81140387;36.52826495;16.71832939;522.0;967585.0;174.0;307111.0;190.0;326481.0;91.57895;94.06704;0.046609892;93.96837266;91.63239079;95.7685386;93.8249552;91.95544098;1.0;HH
13;1351;Bolívar;Montecristo;13458;2011;13492;0.941298547;;75.29647198;17;50.0;2089;0;1;0;0;0;77.33648957;37.59424864;112.3858001;1001772.25;78.6095464;10606.0;36.92537313;37.8358209;194.2686567;173.7212231;129.7593902;4.669218921;39.29261398;1.28758689;74.69403444;2.687765396;22.61820017;129.688797;394.3121948;176.0491791;17.28497985;35.55648187;10.05974712;16.36219222;33.34392375;9.308975377;;;;;;;;;;91.99493406;90.71971498;93.1769742;69.9109322;89.18884312;1.0;HH
13;1351;Bolívar;Montecristo;13458;2016;15415;1.14336685;0.025948751;75.14758352;22;50.0;2089;0;1;0;0;0;80.06632797;36.42393452;95.09365688;1200524.5;58.37171586;8998.0;44.5;47.0;237.5;105.1988126;28.32260596;12.26894787;64.60725882;0.682444454;26.92293311;11.6626296;61.41443729;129.688797;394.3121948;176.0491791;17.55053508;38.46611177;10.98692033;18.8579586;36.68807994;8.907922912;;;;;;;;;;80.80289136;78.9301393;82.6077285;62.516859;84.56677812;1.0;HH
13;1351;Bolívar;Montecristo;13458;2021;17854;2.36221575;0.005600986;76.72790411;27;50.0;2089;0;1;0;0;0;81.6855271;35.51518761;90.68187992;1337678.167;50.65531534;9044.0;45.0;43.82222366;213.6888885;248.0256276;145.182682;11.91109621;90.93184935;1.389188012;58.53535517;4.802365112;36.66227972;129.688797;394.3121948;176.0491791;17.12252161;39.41026945;12.39450941;18.40628507;37.26150393;9.926424741;;;;;;;;;;83.88274381;82.05515105;85.6192417;83.7547193;84.01480953;1.0;HH
13;1330;Bolívar;Mompós;13468;2011;41786;3.174707637;;46.00583928;159;20.0;630;0;1;0;0;0;53.47977498;44.88882936;92.49852333;774018.2083;111.9848753;46794.0;39.54716981;41.29502573;202.3121784;205.5971715;2.270177464;31.84504351;171.4819505;0.492024055;1.104187109;15.48904748;83.40676541;100.4410934;526.7021484;209.5763397;18.41135727;34.92164857;13.91658889;18.04563909;36.22194223;15.54902235;;;;;;;;;;93.52777867;92.34234002;94.6278968;71.0758072;88.53324013;1.0;HH
13;1330;Bolívar;Mompós;13468;2016;43341;4.227329011;0.200733716;47.4100736;164;20.0;630;0;1;0;0;0;54.82306223;43.96803056;87.85207322;769099.0;98.03188667;42488.0;48.29597198;45.16637478;233.4728546;323.2329102;34.78653388;43.84518506;244.6011913;0.745790153;10.76206437;13.56457949;75.67335613;100.4410934;526.7021484;209.5763397;17.86852963;35.81676669;15.7680045;17.31249716;36.80552401;17.49875074;;;;;;;;;;87.77158499;86.24958023;89.3629239;67.9085081;85.61274436;1.0;HH
13;1330;Bolívar;Mompós;13468;2021;47377;3.670381549;0.335605885;49.58735251;169;20.0;630;0;1;0;0;0;57.46092432;42.92364781;87.19081877;1058156.917;93.41874749;44259.0;47.38488007;43.90206146;218.243988;432.5397265;54.84190271;39.46023774;338.2375861;0.912974073;12.67904411;9.122916422;78.19803947;100.4410934;526.7021484;209.5763397;17.61225793;35.54373271;17.82081294;16.98768947;36.23649611;19.13156352;;;;;;;;;;90.5138916;89.15502834;91.7459814;90.3757465;86.87873145;1.0;HH
13;1347;Bolívar;Morales;13473;2011;19219;1.636835076;;65.61215464;125;41.0;1306;0;1;0;0;0;72.51448827;39.05924717;93.77186247;1189276.083;78.05296842;15001.0;38.16891892;40.21621622;193.7702703;114.4225053;36.42609364;10.05319463;67.943217;0.595361389;31.83472828;8.78602912;59.3792426;140.9993591;427.2595825;153.7833557;17.75766017;36.71906088;12.61440509;17.78117159;37.54772554;11.03959856;271.0;58990.0;107.0;21511.0;114.0;24027.0;93.85964912;89.52844716;0.145670085;89.56614618;86.04635185;92.8879848;68.0651912;93.6870106;0.0;
13;1347;Bolívar;Morales;13473;2016;21179;1.985457293;0.014164975;66.8209075;130;41.0;1306;0;1;0;0;0;73.5915493;38.21428571;89.08745247;1473028.083;62.21256905;13176.0;46.53846154;43.23668639;226.9822485;230.1803445;102.006614;22.41183294;105.7618975;1.086832922;44.31595331;9.73664063;45.94740606;140.9993591;427.2595825;153.7833557;18.0080393;37.4184904;13.39883877;18.14903846;37.47996795;11.79887821;322.0;803193.0;145.0;26840.0;167.0;30844.0;86.82635;87.01855;0.074652256;86.42106821;82.3448635;89.5256314;66.8636189;88.70541735;0.0;
13;1347;Bolívar;Morales;13473;2021;24027;2.104229964;0.120697549;68.06093145;135;41.0;1306;0;1;0;0;0;75.02495768;37.52333001;85.97435386;1792990.375;52.76563866;12678.0;44.90000153;41.15999985;205.75;230.0332009;73.19773643;19.80069601;137.0347684;0.957394601;31.82050946;8.607755721;59.57173482;140.9993591;427.2595825;153.7833557;17.68440856;37.71262836;15.11327115;17.94143744;37.49778172;13.06122449;351.0;855296.0;148.0;517791.0;175.0;657731.0;84.57143;78.72382;0.151027099;79.03062505;74.47868441;83.0623965;78.910006;86.83018599;1.0;HH
13;1347;Bolívar;Norosí;13490;2011;5534;0.250400124;;72.93097217;4;200.0;405;0;1;0;0;0;78.03314917;34.01104972;118.7138264;652396.5714;56.45103;3124.0;35.2;38.0;195.6666667;42.72770885;29.46502521;1.269233834;11.9934498;0.772094486;68.95999343;2.970516951;28.06948962;140.9993591;427.2595825;153.7833557;18.63354037;35.43478261;8.198757764;18.71218669;30.46672429;5.704407952;;;;;;;;;;89.73199789;88.14901068;91.0976967;68.1912291;87.972288;;
13;1347;Bolívar;Norosí;13490;2016;8097;0.407558355;0.012350253;74.34852414;9;200.0;405;0;1;0;0;0;79.70952584;36.01025203;108.2764505;1602502.833;55.1562307;4466.0;46.05555556;44.05555556;216.3888889;66.49424786;33.00758842;5.366447594;28.12021185;0.821220796;49.63976506;8.070544094;42.28969084;140.9993591;427.2595825;153.7833557;16.48302226;37.01371711;10.68135822;18.79452055;33.47945205;7.424657534;;;;;;;;;;80.48507074;78.56149329;82.1978068;62.2709625;82.88840071;;
13;1347;Bolívar;Norosí;13490;2021;10549;1.272632477;0.009479572;76.01668405;14;200.0;405;0;1;0;0;0;81.50698805;36.71257849;89.88404028;1251793.958;54.02407811;5699.0;47.96875;43.4375;224.71875;198.5801587;141.9629154;6.283681925;50.33356135;1.882454817;71.48897269;3.164305018;25.34672229;140.9993591;427.2595825;153.7833557;16.28072675;39.90024938;11.61382259;18.50050659;37.42654509;8.996960486;;;;;;;;;;84.4966347;82.54084746;86.2574156;84.3676733;83.6366841;;
13;1316;Bolívar;Pinillos;13549;2011;22786;1.58138038;;85.2760467;111;20.0;741;0;1;0;0;0;88.45433362;37.29154293;107.2114652;1189276.083;96.62950935;22018.0;37.31877729;38.11353712;191.3318777;90.18613701;12.2223718;8.110584111;69.8531811;0.395796265;13.55238422;8.993160567;77.45445521;124.7723083;497.6567383;226.1938324;18.98206091;32.957864;13.37505215;19.20192575;32.90436071;12.20257384;;;;;;;;;;93.99366974;92.84702012;95.051804;71.429858;93.71144114;1.0;HH
13;1316;Bolívar;Pinillos;13549;2016;23613;1.72892051;0.008469911;84.80498031;116;20.0;741;0;1;0;0;0;88.47522236;37.098687;96.51565482;1603283.167;90.05632491;21265.0;45.33201581;41.92094862;218.9841897;160.0396353;35.4391238;21.02123051;103.579281;0.677760705;22.14396686;13.13501525;64.72101789;124.7723083;497.6567383;226.1938324;19.28236625;34.20882496;14.70825925;19.79713498;34.05996975;13.4531542;;;;;;;;;;89.71595765;88.30300641;91.2407225;69.4128611;87.83543794;1.0;HH
13;1316;Bolívar;Pinillos;13549;2021;25814;1.675447432;0.042612536;85.19020686;121;20.0;741;0;1;0;0;0;88.97264944;36.62777483;92.60633195;2128031.917;85.69380956;22121.0;42.88401413;39.38244629;198.4733582;192.4974318;47.44342986;16.71048079;128.3435211;0.745709428;24.64626641;8.680885059;66.67284853;124.7723083;497.6567383;226.1938324;19.0469154;34.60657554;16.49057998;19.4885577;34.06629204;15.21296523;;;;;;;;;;91.7649836;90.36848631;93.0407847;91.624929;88.2588769;1.0;HH
13;1344;Bolívar;Regidor;13580;2011;6036;2.211729622;;43.90324718;16;10.0;180;0;1;0;0;0;52.88405516;41.46436201;95.84822656;1194279.0;92.34592445;5574.0;35.88;35.18;180.54;34.00056558;11.19900928;3.042368502;19.7591878;0.563296315;32.93771468;8.947993806;58.11429152;165.2762909;483.4042969;165.2762909;18.97998709;36.41058748;11.45900581;18.95847515;35.39823009;9.904697073;;;;;;;;;;92.46451769;91.29726249;93.6350548;70.2677891;93.16202797;0.0;
13;1344;Bolívar;Regidor;13580;2016;6511;2.362668305;0.030717248;39.24128398;21;10.0;180;0;1;0;0;0;48.30769231;43.239819;93.83874239;1510111.083;71.64798034;4665.0;44.49056604;40.28301887;207.7924528;66.55694561;27.13701885;8.73932988;30.68059687;1.022223093;40.77263253;13.13060538;46.09676209;165.2762909;483.4042969;165.2762909;17.52228712;36.61235782;13.00338149;18.2320442;36.4640884;10.77348066;;;;;;;;;;80.64562745;78.88963413;82.4406215;62.3951846;85.02078271;1.0;HH
13;1344;Bolívar;Regidor;13580;2021;7325;2.07963595;0.027303754;37.59726962;26;10.0;180;0;1;0;0;0;47.07953273;43.0468875;92.09521671;1782699.542;70.12969283;5137.0;40.5;38.0;190.5;131.9297516;76.57627377;11.03317859;44.32029923;1.801088759;58.04321834;8.362919246;33.59386241;165.2762909;483.4042969;165.2762909;17.59082218;36.41081672;14.31302923;18.23144105;36.24454148;11.51746725;;;;;;;;;;85.43562025;83.76998263;87.0839939;85.3052257;85.65375899;1.0;HH
13;1344;Bolívar;Río Viejo;13600;2011;11116;1.905661509;;57.34077006;29;10.0;829;0;1;0;0;0;62.67217631;38.95952532;101.7653325;1229019.875;111.7488305;12422.0;38.7962963;37.7962963;191.2777778;69.77777313;16.85864089;5.679209164;47.23992308;0.62772376;24.16047422;8.138994566;67.70053121;169.9783783;454.8120728;178.0462036;16.9720984;35.77678719;13.38946673;16.92033999;36.52895829;11.01008104;320.0;58191.0;126.0;21425.0;135.0;23478.0;93.33333333;91.25564358;0.089657033;91.71283243;88.6658864;94.5075318;69.696551;93.30539438;1.0;HH
13;1344;Bolívar;Río Viejo;13600;2016;10647;2.607933377;0.06574622;53.85554616;34;10.0;829;0;1;0;0;0;60.98196602;39.50797456;91.07635695;1104584.0;68.07551423;7248.0;44.4893617;41.04255319;214.212766;102.0065765;29.92716905;11.91246162;60.16694581;0.958078111;29.33847021;11.67813099;58.9833988;169.9783783;454.8120728;178.0462036;16.35888502;36.14982578;17.5087108;17.46484614;37.61972692;14.44874669;263.0;766819.0;107.0;24483.0;113.0;26170.0;94.69026;93.55369;0.056313956;92.41657924;89.1800141;95.1897743;71.5023207;90.49027596;1.0;HH
13;1344;Bolívar;Río Viejo;13600;2021;11192;3.627591137;0.169764117;51.09899929;39;10.0;829;0;1;0;0;0;59.86779076;39.90228013;83.87325945;981855.375;63.65260901;7124.0;44.14666748;40.59999847;202.3466644;174.2018317;88.9255971;13.67629617;71.59993847;1.556485273;51.04745238;7.850833735;41.10171389;169.9783783;454.8120728;178.0462036;16.31205674;36.99763593;18.70989531;17.09677419;38.74762808;16.24288425;311.0;863766.0;122.0;485207.0;133.0;552250.0;91.72932;87.86002;0.134734507;87.62929754;84.03497702;91.0164699;87.495555;87.19263819;1.0;HH
13;1331;Bolívar;San Cristóbal;13620;2011;7681;1.185826498;;26.61111834;15;5.0;43;0;1;0;0;0;35.14557338;45.90017825;81.79581796;1268138.083;76.50045567;5876.0;36.07936508;42.95238095;196.0952381;23.12024909;1.647573848;1.847752301;19.62492294;0.301005717;7.126107689;7.991922117;84.88197019;47.63362503;668.9723511;74.29990387;18.07291667;36.92708333;15.9375;17.70372299;39.59906274;16.61025775;;;;;;;;;;86.79043407;85.21698735;88.3498067;65.9558074;85.45745507;0.0;
13;1331;Bolívar;San Cristóbal;13620;2016;7959;1.262721447;0.012564393;24.21158437;20;5.0;43;0;1;0;0;0;32.81698221;45.82616179;78.97526502;1673664.958;80.16082422;6380.0;47.43902439;44.95121951;229.6585366;39.0646354;3.469716114;5.108209796;30.48670949;0.490823412;8.881987708;13.07630225;78.04171004;47.63362503;668.9723511;74.29990387;19.10908631;36.34522906;16.95773222;16.14271457;39.49600798;18.13872255;;;;;;;;;;83.2865119;81.5416395;85.0290469;64.4384258;85.37645995;0.0;
13;1331;Bolívar;San Cristóbal;13620;2021;8534;1.910983517;0.058589173;23.51769393;25;5.0;43;0;1;0;0;0;32.29540918;45.16300732;79.64569109;1622740.167;81.69674244;6972.0;43.03845978;39.59230804;196.5461578;65.2024071;13.2449332;5.617324355;46.34014955;0.764031018;20.31356477;8.61521009;71.07122514;47.63362503;668.9723511;74.29990387;18.89745387;35.64587713;18.99088998;15.84763696;38.51399012;19.72725135;;;;;;;;;;87.94387971;86.31375451;89.4162229;87.809657;87.46069774;1.0;HH
13;1331;Bolívar;San Estanislao;13647;2011;17118;1.467753242;;29.71141488;75;25.0;208;0;1;0;0;0;36.94105009;46.08567208;81.66804294;1209905.583;84.54842855;14473.0;36.47804878;39.11707317;190.5560976;81.91719417;16.15290912;7.872708851;57.8915762;0.478544188;19.71858202;9.610569467;70.67084851;33.2396698;670.4372559;80.90528107;18.43879361;36.55824956;15.18628031;17.76520836;38.79718342;15.76820963;;;;;;;;;;88.10042443;86.59252453;89.4699575;66.9513258;89.47205288;0.0;
13;1331;Bolívar;San Estanislao;13647;2016;17777;1.867112936;0.011250492;30.9782303;80;25.0;208;0;1;0;0;0;38.25626143;45.59333796;77.1339076;1382510.333;78.50030939;13955.0;45.6;41.66857143;217.6857143;113.9254789;15.24237535;15.03349717;83.64960643;0.640858857;13.37925062;13.1959043;73.42484508;33.2396698;670.4372559;80.90528107;17.6717774;37.76263487;17.08120386;16.48461881;39.14400357;18.42398573;;;;;;;;;;82.50984945;80.70510077;84.2232509;63.8375253;85.29182619;0.0;
13;1331;Bolívar;San Estanislao;13647;2021;19406;1.943556976;0.025765227;33.53601979;85;25.0;208;0;1;0;0;0;41.42055439;44.41925061;77.14926689;1851502.083;78.13047511;15162.0;42.11999893;38.27636337;194.5163574;162.234723;26.38838138;14.17019572;121.6761459;0.836002901;16.26555702;8.734379088;75.00006389;33.2396698;670.4372559;80.90528107;17.22966014;37.34294542;19.28939238;16.13036304;38.28382838;20.07013201;;;;;;;;;;86.98016591;85.09673284;88.5593099;86.847414;87.67103755;0.0;
13;1330;Bolívar;San Fernando;13650;2011;11493;1.650279881;;81.47568085;179;25.0;288;0;1;0;0;0;85.70927889;38.49995619;104.9461387;1131829.417;88.07970069;10123.0;40.36144578;39.68674699;198.3012048;48.36499359;8.192545221;3.98084729;36.19160108;0.420821314;16.93899784;8.230844242;74.83015791;122.3121948;520.460022;218.9919891;15.87356124;33.01838172;18.29582546;15.14456982;34.22073343;18.45909732;;;;;;;;;;92.85722332;91.61413912;94.0355347;70.5662231;93.63261934;1.0;HH
13;1330;Bolívar;San Fernando;13650;2016;12107;1.70218331;0.016519369;82.50598827;184;25.0;288;0;1;0;0;0;85.81473306;38.23072521;101.4461931;1515976.167;82.19212026;9951.0;46.02222222;42.12222222;222.0888889;76.73536074;14.59837554;10.04600407;52.09098113;0.633809868;19.02431343;13.09175323;67.88393334;122.3121948;520.460022;218.9919891;17.75461107;32.12510024;18.36407378;17.4386921;33.54904632;18.71594005;;;;;;;;;;86.32989918;84.94903453;87.9228447;66.7930818;87.14996188;1.0;HH
13;1330;Bolívar;San Fernando;13650;2021;13439;1.839794628;;83.69670362;189;25.0;288;0;1;0;0;0;87.09053114;37.6818866;98.0474198;1934044.708;70.73442965;9506.0;44.36619568;41.52112579;207.3661957;96.67355776;22.96724477;8.345142308;65.36117068;0.719350828;23.75752512;8.632290464;67.61018441;122.3121948;520.460022;218.9919891;17.29073298;32.34061009;20.6447882;16.94265563;33.60932229;20.76050291;;;;;;;;;;87.38324889;85.63257953;88.9428343;87.2498818;;1.0;HH
13;1352;Bolívar;San Jacinto;13654;2011;24358;2.034581383;;16.3765498;112;239.0;434;0;1;0;0;0;20.38376532;46.85553546;83.81767126;1140540.625;95.4265539;23244.0;41.25932476;44.30305466;206.2411576;134.9642307;26.46305071;19.50471007;88.99646988;0.554085847;19.60745494;14.4517625;65.94078256;66.77159882;612.7597656;132.3905945;17.61340746;37.52316493;16.11473693;16.94986189;37.47384281;17.23445216;;;;;;;;;;91.00755012;89.50585387;92.1887287;69.1605764;89.40268516;0.0;
13;1352;Bolívar;San Jacinto;13654;2016;23888;2.044959812;0.125586068;14.27913597;117;239.0;434;0;1;0;0;0;17.22449392;47.3825029;79.57639939;1626610.792;94.86771601;22662.0;48.17699115;45.64306785;233.7610619;190.4358797;39.81787463;25.76754822;124.8504569;0.797203113;20.90880914;13.53082636;65.56036449;66.77159882;612.7597656;132.3905945;18.00759954;36.90731868;18.69320998;16.95807163;37.36207775;19.32609065;;;;;;;;;;88.21364129;86.74109015;89.8019557;68.2505252;85.72134389;0.0;
13;1352;Bolívar;San Jacinto;13654;2021;25185;2.732446562;0.329561247;14.10760373;122;239.0;434;0;1;0;0;0;17.25825612;46.78070801;80.24932318;1342325.958;90.35139964;22755.0;48.87234116;45.67730331;227.4503479;284.8124195;74.59930996;25.803061;184.4100485;1.130881157;26.19243574;9.059668481;64.74789578;66.77159882;612.7597656;132.3905945;17.66399502;36.18395456;21.03338262;16.71801524;36.41154532;20.87724988;;;;;;;;;;89.56223764;87.96426777;90.9361853;89.4255449;85.95728668;1.0;HH
13;1316;Bolívar;San Jacinto del Cauca;13655;2011;8369;1.383080416;;75.30170869;14;25.0;428;0;1;0;0;0;80.71231502;36.91998997;91.38905124;1206958.583;131.7600669;11027.0;39.89552239;40.55223881;198.4776119;67.45430591;31.8789615;4.093801456;31.48154296;0.806001982;47.2600838;6.068999451;46.67091675;147.4860077;428.6996155;208.2121277;17.70249046;37.85057213;13.52927978;17.7402863;37.16768916;10.71063395;;;;;;;;;;98.76982894;98.23372839;99.2094492;75.0594681;92.90138823;0.0;
13;1316;Bolívar;San Jacinto del Cauca;13655;2016;9379;1.550449586;0.010662117;74.43224224;19;25.0;428;0;1;0;0;0;79.80360065;37.42498636;91.86678352;1602502.833;104.7339802;9823.0;45.4;42.175;219.0875;104.2650784;43.09708795;13.64332337;47.52466704;1.111686516;41.33415389;13.08522814;45.58061797;147.4860077;428.6996155;208.2121277;17.17334407;35.61505939;17.55586873;17.6337262;35.87941976;14.34723481;;;;;;;;;;93.40944277;92.14957364;94.5753661;72.2704951;88.12319891;1.0;HH
13;1316;Bolívar;San Jacinto del Cauca;13655;2021;10781;1.9293201;0.03710231;75.2063816;24;25.0;428;0;1;0;0;0;80.87948789;36.97003433;88.83171913;2000590.917;77.6273073;8369.0;44.45744705;40.27659607;203.3191528;121.0843981;50.71295025;9.289222761;61.08222512;1.123127707;41.882316;7.671692558;50.44599144;147.4860077;428.6996155;208.2121277;16.62578837;35.96706377;19.4639103;17.09047901;36.09304159;16.06544451;;;;;;;;;;90.07097096;88.53499655;91.5304054;89.9335018;88.97416678;0.0;
13;1352;Bolívar;San Juan Nepomuceno;13657;2011;35311;2.799882945;;27.05955651;231;166.0;637;0;1;0;0;0;34.52049472;45.21466036;79.36121201;639435.6667;91.6484948;32362.0;41.53579677;41.31639723;204.187067;198.0958466;47.56602024;20.55763501;129.9721914;0.561003219;24.01161915;10.37762041;65.61076044;66.6894455;625.3800049;116.4148636;17.58445946;38.15315315;16.90315315;16.93920574;38.80120791;17.24118284;;;;;;;;;;90.58483989;89.21673194;91.9597352;68.8393406;89.87792926;1.0;HH
13;1352;Bolívar;San Juan Nepomuceno;13657;2016;36218;3.151517662;0.074548567;26.09199845;236;166.0;637;0;1;0;0;0;33.27764371;45.12097024;74.69203976;872531.9583;88.79286543;32159.0;48.15521064;44.76718404;230.3902439;275.0676504;48.0029909;36.44486919;190.6197903;0.759477747;17.45134;13.24942033;69.29923967;66.6894455;625.3800049;116.4148636;17.19484209;38.38378319;19.32029286;16.58294262;38.87028355;19.95423086;;;;;;;;;;86.84344354;85.15124572;88.4721274;67.190409;86.08675815;1.0;HH
13;1352;Bolívar;San Juan Nepomuceno;13657;2021;39191;3.778503568;0.178612437;26.27899263;241;166.0;637;0;1;0;0;0;33.86243386;44.25487367;74.95949097;1012528.25;85.49922176;33508.0;46.77366257;43.14403152;215.5576172;369.3158226;75.3633644;32.5018134;261.4506448;0.942348556;20.40621056;8.80054723;70.79324221;66.6894455;625.3800049;116.4148636;16.85976828;37.69476628;21.6689972;16.31449888;38.01846924;21.54745135;;;;;;;;;;88.88840118;87.27876492;90.4082168;88.7527369;86.2225246;1.0;HH
13;1344;Bolívar;San Martín de Loba;13667;2011;19426;1.386458012;;66.60146196;321;27.0;414;0;1;0;0;0;73.09004093;39.64301955;107.594597;1189309.417;73.19571708;14219.0;40.00884956;39.47787611;196.8451327;58.88850217;5.639399513;5.015893444;48.23320921;0.303142707;9.576401684;8.51761084;81.90598748;167.8932953;488.0839844;183.1485138;18.37539432;32.40339117;13.91955836;18.17496229;33.83968972;13.01443654;;;;;;;;;;89.12646944;87.71574269;90.4268008;67.7310618;91.59098705;1.0;HH
13;1344;Bolívar;San Martín de Loba;13667;2016;16076;2.460707473;;57.37123663;326;27.0;414;0;1;0;0;0;64.93963436;40.70369093;100.1677501;1579362.625;78.14754914;12563.0;45.99173554;42.19008264;221.392562;100.3704256;19.63072772;11.87966532;68.86003258;0.6243495;19.55827884;11.8358224;68.60589876;167.8932953;488.0839844;183.1485138;17.78093883;32.71692745;15.63537221;17.63089005;35.52356021;15.34031414;;;;;;;;;;83.85720038;82.13632686;85.600846;64.8799651;;1.0;HH
13;1344;Bolívar;San Martín de Loba;13667;2021;15616;2.601498463;0.012807377;51.3960041;331;27.0;414;0;1;0;0;0;59.83052054;40.98127181;96.86530438;1962630.833;88.87038934;13878.0;45.0;41.72608566;208.3695679;260.6193953;168.777001;9.718508426;82.12388592;1.668925431;64.75995418;3.729004287;31.51104154;167.8932953;488.0839844;183.1485138;17.44384766;32.98339844;17.32177734;17.29525862;35.45258621;16.76993534;;;;;;;;;;91.34664468;89.98498269;92.7028954;91.2072286;85.92352467;1.0;HH
13;1347;Bolívar;San Pablo;13670;2011;25116;2.254207146;;27.14604236;43;75.0;1977;0;1;0;0;0;34.08508962;44.95765216;88.88106967;726727.7083;87.43828635;21961.0;40.622;41.41890909;201.2109091;301.4880999;170.7411973;16.42940823;114.3174944;1.200382624;56.63281481;5.449438382;37.91774681;61.28549957;333.3611755;121.2742462;17.77482616;38.40143761;11.22743964;17.99951287;38.71072501;10.33530892;242.0;53902.0;112.0;26322.0;118.0;27607.0;94.91525424;95.34538342;0.042488932;94.91651148;91.91449019;97.3004436;72.1311653;91.09696446;0.0;
13;1347;Bolívar;San Pablo;13670;2016;26436;3.201757704;0.056740808;24.37206839;48;75.0;1977;0;1;0;0;0;30.61167359;45.99449447;87.73402585;801577.7083;86.96474504;22990.0;47.48580442;45.44794953;230.9716088;278.0997567;55.30768709;45.78836261;177.003707;1.05197366;19.88771502;16.46472588;63.6475591;61.28549957;333.3611755;121.2742462;18.72142697;37.60773439;10.90459417;18.76575269;38.76117009;10.35667914;287.0;684271.0;117.0;27062.0;131.0;30243.0;89.31298;89.48186;0.085078244;88.87360306;85.42481352;92.0959462;68.7611349;87.19183177;0.0;
13;1347;Bolívar;San Pablo;13670;2021;28939;3.109989979;0.283354643;19.98341339;53;75.0;1977;0;1;0;0;0;25.89301048;46.05014597;87.09356887;1052691.0;85.61802412;24777.0;46.60526276;43.76608276;216.1637421;364.2406216;80.71068788;40.16043875;243.3694949;1.258649648;22.15861798;11.02579898;66.81558303;61.28549957;333.3611755;121.2742462;18.62731734;37.41139586;12.19329335;18.53928647;38.38228079;11.20067288;229.0;786989.0;87.0;261552.0;104.0;306688.0;83.65385;85.28276;0.107607991;85.58272749;81.5440369;89.793518;85.4521084;86.95846466;0.0;
13;1331;Bolívar;Santa Catalina;13673;2011;13348;1.591998801;;59.61941864;239;33.0;139;0;1;0;0;0;66.92477876;41.84576485;88.2941531;1382104.708;83.63050644;11163.0;39.7295082;41.82786885;200.7459016;66.01449693;7.918457036;6.056322277;52.03971762;0.494564706;11.99502746;9.174230749;78.83074179;43.91639709;707.600708;56.3037529;18.12847901;36.48262374;13.22401083;18.3106999;38.47186987;13.52037009;;;;;;;;;;88.02116657;86.4269582;89.3811836;66.8910943;90.27521406;0.0;
13;1331;Bolívar;Santa Catalina;13673;2016;14061;2.338619823;0.014223739;60.94872342;244;33.0;139;0;1;0;0;0;68.6322805;41.56766155;81.85672841;1397583.125;78.89908257;11094.0;48.18644068;44.80508475;230.8644068;111.9413102;8.988268717;14.71962;88.2334215;0.796112013;8.029447485;13.14940836;78.82114416;43.91639709;707.600708;56.3037529;18.07505013;36.23603552;15.59725007;18.03927108;39.03093657;15.94858031;;;;;;;;;;83.11559544;81.1948018;85.0213909;64.3061885;85.49318812;0.0;
13;1331;Bolívar;Santa Catalina;13673;2021;15547;3.106172681;0.392358654;61.29799961;249;33.0;139;0;1;0;0;0;69.37817504;41.02630056;79.1499599;1039452.042;73.31317939;11398.0;44.46875;41.31874847;205.7875061;151.0813666;26.95393554;13.12608728;111.0013438;0.971771831;17.84067495;8.688091438;73.47123361;43.91639709;707.600708;56.3037529;17.87008282;36.19306418;17.66304348;17.67489449;38.73896918;17.63652641;;;;;;;;;;86.17447071;84.35751649;88.0443252;86.0429485;85.73135201;0.0;
13;1331;Bolívar;Santa Rosa;13683;2011;18989;1.508768234;;8.025699089;212;50.0;151;0;1;0;0;0;10.28984528;49.43584893;80.43033625;1252594.125;70.83574701;13451.0;36.32460733;36.54450262;184.4502618;89.32910426;14.35384231;7.417825682;67.55743627;0.470425532;16.06849462;8.303929322;75.62757606;20.3780365;683.9637451;80.36016083;18.91662241;38.91662241;11.56664896;18.59202005;40.03551285;11.57301024;;;;;;;;;;83.88992116;82.13471818;85.6067189;63.7515821;88.16866657;0.0;
13;1331;Bolívar;Santa Rosa;13683;2016;20291;2.485091913;0.054211227;8.013404958;217;50.0;151;0;1;0;0;0;10.87945879;49.600246;74.60234486;1092740.292;71.67709822;14544.0;44.65972222;40.54166667;213.3263889;131.5502756;11.11552355;17.22545911;103.209293;0.648318346;8.449639116;13.09420222;78.45615866;20.3780365;683.9637451;80.36016083;18.80733945;39.39968089;12.96370164;18.36694924;40.16369483;14.06996005;;;;;;;;;;78.20015044;76.3591682;80.5160354;60.5031293;81.63902549;0.0;
13;1331;Bolívar;Santa Rosa;13683;2021;22327;3.183738672;0.900255296;9.656469745;222;50.0;151;0;1;0;0;0;13.21994588;49.01430228;74.70825087;1169590.167;71.88157836;16049.0;44.05579376;41.3862648;204.6695251;181.6282513;27.6270009;15.65127142;138.349979;0.813491519;15.2107399;8.617200961;76.17205914;20.3780365;683.9637451;80.36016083;18.47422307;38.81489535;14.93159373;18.08680248;39.43312666;15.27900797;;;;;;;;;;82.8061721;80.92334518;84.6023359;82.6797907;83.50659923;0.0;
13;1347;Bolívar;Santa Rosa del Sur;13688;2011;28045;3.278065015;;41.99322517;27;600.0;2360;0;1;0;0;0;50.298732;43.03460133;93.24669297;535600.0;86.50026743;24259.0;45.09404389;47.73040752;222.6018809;241.6752855;102.5864919;16.52142211;122.5673715;0.861741079;42.44806897;6.83620672;50.71572431;99.82272339;375.6865845;142.040863;18.15656039;38.13989025;9.029658957;18.53018757;37.99091442;8.814478312;412.0;78220.0;185.0;32371.0;200.0;35714.0;92.5;90.63952512;0.053283066;90.59768677;87.83356688;93.1008435;68.8491035;90.64408388;0.0;
13;1347;Bolívar;Santa Rosa del Sur;13688;2016;31080;4.124034749;0.045045045;41.24517375;32;600.0;2360;0;1;0;0;0;49.18600753;43.19934434;82.17589121;774647.4167;94.48198198;29365.0;52.2722372;52.03773585;257.4043127;278.9565498;47.94827947;36.10506286;194.9032075;0.897543596;17.1884401;12.94289841;69.86866148;99.82272339;375.6865845;142.040863;20.8698922;37.99824517;9.61393833;20.27241471;39.07696377;9.309706427;503.0;1002065.0;227.0;32870.0;253.0;37371.0;89.72332;87.9559;0.05129968;87.94160199;85.14955922;90.7406643;68.0400496;86.44167755;0.0;
13;1347;Bolívar;Santa Rosa del Sur;13688;2021;35147;7.607097808;0.210544285;39.71035935;37;600.0;2360;0;1;0;0;0;48.04390564;43.07994758;80.21905516;1005771.833;100.4779924;35315.0;53.74687576;53.875;257.7687378;378.6481156;73.01927359;32.50868589;273.1201561;1.077326985;19.28420361;8.585460895;72.13033549;99.82272339;375.6865845;142.040863;20.76151416;38.07570803;10.83522696;20.12394761;38.88564079;10.21983162;507.0;1077381.0;238.0;436629.0;268.0;492000.0;88.80597;88.74574;0.037072599;88.88748605;86.00512149;91.2527531;88.7518232;86.40396663;0.0;
13;1347;Bolívar;Simití;13744;2011;15616;2.05078125;;63.49257172;362;25.0;1345;0;1;0;0;0;69.6986804;39.54555077;92.12582023;1268564.375;100.4226434;15682.0;42.00793651;44.3968254;211.047619;154.5781334;72.47489767;10.99507074;71.10816502;0.989870219;46.88560798;7.11295349;46.00143853;101.1209641;385.23703;129.2877808;17.04282054;38.18470172;11.94339392;17.65736622;38.03747136;11.06618143;;;;;;;;;;93.56785363;92.4864455;94.6102056;71.1062619;92.35531047;0.0;
13;1347;Bolívar;Simití;13744;2016;17260;3.296156817;0.052143685;65.70683662;367;25.0;1345;0;1;0;0;0;71.30804249;39.50834598;84.14901388;1116504.458;93.72537659;16177.0;47.83969466;47.41221374;235.6793893;388.2203927;264.3482626;22.7643934;101.1077367;2.249249089;68.09231756;5.863780942;26.0439015;101.1209641;385.23703;129.2877808;17.81201507;38.06251386;13.71092884;18.17188638;39.2328235;12.86720078;;;;;;;;;;88.76331972;87.1776992;90.2241765;68.6758091;84.08623779;0.0;
13;1347;Bolívar;Simití;13744;2021;19504;3.213016133;0.164068909;67.59126333;372;25.0;1345;0;1;0;0;0;73.42995169;38.62108801;81.38378898;1119657.833;83.53158326;16292.0;49.69599915;48.30400085;231.6719971;273.2071122;104.5440559;22.32619854;146.3368578;1.400774775;38.26549574;8.171895072;53.56260919;101.1209641;385.23703;129.2877808;17.53462064;38.39477277;15.33060269;17.89189189;39.2972973;13.91351351;;;;;;;;;;90.36823435;88.99528864;91.8983301;90.2303115;86.76912483;0.0;
13;1331;Bolívar;Soplaviento;13760;2011;10137;1.481371872;;2.515537141;103;5.0;88;0;1;0;0;0;2.904055876;51.12118613;70.21999114;1241441.625;71.80625432;7279.0;36.67368421;35.04210526;185.0421053;36.53226794;1.456410476;3.339056543;31.73680092;0.360385399;3.986641286;9.140019853;86.87333886;42.90858078;665.9672241;79.61530304;18.36118381;39.90336219;15.44191665;16.09284333;41.99226306;17.52417795;;;;;;;;;;83.88253056;82.33555486;85.5875759;63.7459656;81.58163808;0.0;
13;1331;Bolívar;Soplaviento;13760;2016;10422;2.038156464;0.009595087;2.053348685;108;5.0;88;0;1;0;0;0;2.159468439;51.42382534;71.55963303;1269274.958;60.49702552;6305.0;46.77777778;42.82962963;220.6814815;55.79571504;2.535704615;7.338645364;45.92136507;0.535364758;4.544622491;13.15270421;82.30267329;42.90858078;665.9672241;79.61530304;16.42531244;40.11108907;18.27018449;15.57331351;39.78814347;20.12637056;;;;;;;;;;73.5573642;71.3887699;75.6018956;56.911025;79.45825217;0.0;
13;1331;Bolívar;Soplaviento;13760;2021;11269;1.771822404;0.035495607;1.899014997;113;5.0;88;0;1;0;0;0;2.222948676;50.39773346;72.57010618;1731660.0;64.6108794;7281.0;42.28813553;38.95762634;193.9067841;81.75327016;8.120871863;7.103729027;66.52866927;0.725470496;9.933390856;8.689229205;81.37737994;42.90858078;665.9672241;79.61530304;16.1214531;39.09271643;20.98319176;15.16736402;38.66806137;21.9665272;;;;;;;;;;80.58789526;78.55294673;82.5483392;80.4648995;82.42828396;1.0;HH
13;1330;Bolívar;Talaigua Nuevo;13780;2011;14233;1.540434202;;56.05986089;27;16.0;261;0;1;0;0;0;64.04945904;40.77279753;96.64240432;1289360.208;84.78887093;12068.0;38.84491979;39.10695187;198.2673797;88.10870474;21.87499951;14.21713347;52.01657175;0.61904521;24.82728532;16.13590112;59.03681357;86.87023163;547.6959229;188.0413361;18.59097127;35.18467852;13.70725034;18.4168713;35.01372237;13.93904377;286.0;59895.0;85.0;17376.0;91.0;18507.0;93.40659341;93.88879883;0.08477121;93.63254218;90.9360428;95.8559258;71.1554215;92.91282066;0.0;
13;1330;Bolívar;Talaigua Nuevo;13780;2016;13327;2.435531878;;53.45539131;32;16.0;261;0;1;0;0;0;61.14276278;41.6315746;94.06927486;1634142.333;86.27598109;11498.0;47.24390244;42.89268293;224.5707317;110.30792;21.4789828;14.26292758;74.56600961;0.827702559;19.47184101;12.93010291;67.59805608;86.87023163;547.6959229;188.0413361;18.32687146;35.13271697;14.92693111;17.56532246;36.02174898;14.45400997;308.0;819753.0;116.0;21805.0;124.0;23461.0;93.54839;92.94147;0.105524017;92.29554583;89.42267372;94.9799416;71.4086777;;0.0;
13;1330;Bolívar;Talaigua Nuevo;13780;2021;13597;3.31323086;0.029418254;52.4380378;37;16.0;261;0;1;0;0;0;60.72112317;41.41671985;91.53509837;1293435.5;89.28440097;12140.0;45.1242218;42.60869598;209.2111816;138.1092863;31.07994219;12.34033443;94.68900969;1.015733517;22.50387575;8.935195276;68.56092897;86.87023163;547.6959229;188.0413361;18.05392732;35.06740914;16.86694021;17.20064964;35.84822088;15.85707958;356.0;898374.0;134.0;521475.0;140.0;538137.0;95.71429;96.90376;0.016096415;96.56838157;94.55613678;98.2287623;96.4209959;94.36004048;1.0;HH
13;1316;Bolívar;Tiquisio;13810;2011;16700;1.245508982;;70.37724551;17;25.0;758;0;1;0;0;0;76.94129118;37.58618288;117.2945205;1166012.833;117.8323353;19678.0;37.9375;40.07638889;194.4027778;81.23226726;15.71008601;6.212735296;59.30944596;0.486420762;19.33971134;7.648112635;73.01217602;152.8752899;458.800415;201.2751465;19.02179927;32.62144517;10.31315702;18.24350776;32.46770194;9.160903041;;;;;;;;;;97.27181428;96.46291251;97.9730918;73.9210619;93.15908079;1.0;HH
13;1316;Bolívar;Tiquisio;13810;2016;17515;1.799885812;0.005709392;67.0225521;22;25.0;758;0;1;0;0;0;73.72172899;39.03181907;110.4206214;1369624.25;104.9157865;18376.0;44.41525424;40.58898305;211.9364407;134.596023;41.01019106;13.87639433;79.70943761;0.76846145;30.4690957;10.30966147;59.22124282;152.8752899;458.800415;201.2751465;18.31139158;33.42400174;11.66358394;18.40461317;33.61364728;10.3195579;;;;;;;;;;92.07408674;90.67498932;93.2302646;71.2373357;86.20769812;1.0;HH
13;1316;Bolívar;Tiquisio;13810;2021;19131;1.950150715;0.036589828;66.35303957;27;25.0;758;0;1;0;0;0;73.63488183;38.61334265;106.303699;2075944.0;105.9484606;20269.0;44.67114258;41.09395981;205.4496613;143.5327313;20.80575992;12.11438292;110.6125885;0.750262565;14.49548108;8.440153552;77.06436536;152.8752899;458.800415;201.2751465;17.96913888;34.01692384;13.22050772;17.95069337;34.04138235;11.55624037;;;;;;;;;;95.31790027;94.26985313;96.249822;95.1724231;86.50985333;1.0;HH
13;1331;Bolívar;Turbaco;13836;2011;92862;2.638682489;;7.701750985;412;179.0;196;0;1;0;0;0;10.45801841;49.23252082;82.24744148;536218.75;39.41439986;36601.0;43.41754739;44.90100711;215.4703791;456.529482;53.48901131;130.0599993;272.9804714;0.491621419;11.71644186;28.48884998;59.79470816;16.84434891;672.9025269;90.41441345;17.81842526;38.58895176;12.96808189;17.1986425;40.28267033;13.40750924;558.0;68891.0;172.0;21728.0;243.0;29928.0;70.781893;72.60090885;0.112239423;72.58494768;68.80216139;76.0009905;55.1604434;71.19949583;0.0;
13;1331;Bolívar;Turbaco;13836;2016;100929;3.303147097;0.127812621;7.531036669;417;179.0;196;0;1;0;0;0;10.27399786;49.42655899;75.54934682;694056.625;42.88162966;43280.0;52.26936416;50.37919075;253.8809249;714.1360519;21.31268272;166.4787871;526.344582;0.707562794;2.984400894;23.31191468;73.70368442;16.84434891;672.9025269;90.41441345;17.99052397;39.29168657;14.16228699;17.38761662;40.96889362;15.03836519;490.0;767558.0;142.0;19818.0;199.0;27714.0;71.35678;71.50899;0.126063649;71.07399216;66.9369906;75.0437555;54.9896504;71.13190754;0.0;
13;1331;Bolívar;Turbaco;13836;2021;112533;4.196620843;0.27014298;8.632134574;422;179.0;196;0;1;0;0;0;11.72828303;49.55002082;67.78801964;907307.1667;45.32714848;51008.0;52.11515808;49.17027664;243.2116089;1058.400871;33.66266356;267.9043069;756.833901;0.940524887;3.180521149;25.31217746;71.50730139;16.84434891;672.9025269;90.41441345;17.55781517;41.05642041;15.63394223;16.62863362;42.46243505;17.19561859;447.0;886986.0;121.0;40286.0;165.0;55803.0;73.33334;72.19325;0.148012443;72.11600576;68.65280793;75.9647365;72.00594;70.86515406;0.0;
13;1331;Bolívar;Turbaná;13838;2011;15148;2.236818942;;22.11513071;117;50.0;148;0;1;0;0;0;28.87318351;45.79528309;80.76408197;866574.0417;67.52706628;10229.0;42.94375;42.78125;207.6375;106.3112541;53.32407015;8.612093765;44.37509018;0.701817099;50.15844334;8.100829811;41.74072685;18.7618866;660.6589966;107.1780472;17.18199609;39.94781474;13.22896282;17.8805292;40.18441801;12.70880663;465.0;63365.0;140.0;18291.0;203.0;26540.0;68.96551724;68.91861341;0.114201172;69.89859004;65.53641552;73.9170998;53.118964;76.10595713;0.0;
13;1331;Bolívar;Turbaná;13838;2016;15883;2.571932255;0.050368318;23.63533338;122;50.0;148;0;1;0;0;0;30.73980512;45.54312523;72.68580118;1160753.25;68.67720204;10908.0;47.85185185;46.0617284;231.7592593;105.2134974;20.60783084;13.77037454;70.83529203;0.662428366;19.5866798;13.08803042;67.32528979;18.7618866;660.6589966;107.1780472;17.01280935;40.59196617;15.68212909;17.12573323;41.22672788;16.2076001;467.0;835566.0;131.0;17571.0;187.0;25275.0;70.05347;69.51929;0.138103438;70.29791703;66.50379803;74.4156149;54.3892043;76.44803847;0.0;
13;1331;Bolívar;Turbaná;13838;2021;17455;3.205385276;0.148954454;25.70037239;127;50.0;148;0;1;0;0;0;33.4796643;44.51258877;72.23859892;1015345.958;61.76453738;10781.0;46.47340393;45.03191376;215.8882904;156.9129729;36.65836814;15.09864282;105.155962;0.898957164;23.36222904;9.62230371;67.01546725;18.7618866;660.6589966;107.1780472;16.72837428;40.23336699;17.59228094;16.98665418;40.51744322;17.51346289;400.0;949439.0;121.0;194698.0;155.0;255020.0;78.06451;76.34617;0.112188049;76.71327349;72.18633712;80.5582131;76.5961913;78.71437684;0.0;
13;1331;Bolívar;Villanueva;13873;2011;21926;1.568153486;;12.65164645;241;112.0;134;0;1;0;0;0;17.02663993;47.75136064;82.96880602;1189276.083;85.84785187;18823.0;39.76829268;41.40243902;198.3536585;117.6944467;35.33512731;10.48116662;71.8781528;0.536780292;30.02276513;8.905404554;61.07183032;26.44599915;680.8066406;77.29202271;17.92127698;38.78106294;12.6700526;18.57798165;38.8440367;12.5412844;513.0;56999.0;207.0;25157.0;220.0;26416.0;94.09090909;95.23394912;0.02258562;94.95514096;93.22437906;96.6731613;72.1605216;82.40992126;0.0;
13;1331;Bolívar;Villanueva;13873;2016;23055;1.680040483;0.013012362;12.66102798;246;112.0;134;0;1;0;0;0;16.97900446;47.55409977;80.34026465;1600518.875;74.52179571;17181.0;45.82173913;43.10434783;221.6652174;168.8893073;38.07512434;22.19966607;108.6145169;0.732549587;22.54442567;13.14450656;64.31106777;26.44599915;680.8066406;77.29202271;18.28733557;38.48336343;13.73914539;18.1109944;39.14565826;13.83053221;430.0;744804.0;159.0;24158.0;184.0;28191.0;86.41304;85.69402;0.079565903;85.32859064;81.9551623;88.2897721;66.0183736;77.75192495;0.0;
13;1331;Bolívar;Villanueva;13873;2021;25278;1.656249176;0.166152385;13.91724029;251;112.0;134;0;1;0;0;0;18.72272331;46.33401222;80.94824915;2113248.25;71.78574254;18146.0;44.41588974;42.75233459;207.9766388;242.2276301;68.18208055;21.01792794;153.0276216;0.958254728;28.14793694;8.676932493;63.17513057;26.44599915;680.8066406;77.29202271;18.03012746;37.94515257;15.57358053;17.88696992;38.28752128;14.97608043;359.0;751778.0;132.0;526206.0;151.0;577756.0;87.41722;91.07755;0.0582218;90.71618388;87.89317762;93.1630951;90.57773;81.85307286;0.0;
13;1352;Bolívar;Zambrano;13894;2011;11659;2.319381308;;11.35603397;112;21.0;287;0;1;0;0;0;14.99834455;46.54011698;91.3493841;949268.5;76.85050176;8960.0;37.37579618;39.56050955;194.1401274;56.05564292;2.430777451;10.17120307;43.4536624;0.480792889;4.336365305;18.14483349;77.5188012;79.88333893;598.7888184;137.9067078;17.55222899;35.77891101;15.44661951;18.11827957;36.16487455;14.35483871;;;;;;;;;;86.93867447;85.36607571;88.5621295;66.0684617;86.48387045;1.0;HH
13;1352;Bolívar;Zambrano;13894;2016;11745;3.111962537;0.008514261;11.81779481;117;21.0;287;0;1;0;0;0;15.05857295;46.16613419;82.80160858;1283800.458;81.64325245;9589.0;44.26451613;41.06451613;214.7870968;104.8213413;24.06253444;14.28496963;66.47383723;0.892476299;22.95575895;13.62792105;63.41632;79.88333893;598.7888184;137.9067078;18.35320657;35.67515308;17.19303899;18.48709153;37.51579708;16.26647409;;;;;;;;;;84.98527673;83.37620109;86.6356124;65.7527531;85.52412712;1.0;HH
13;1352;Bolívar;Zambrano;13894;2021;12546;3.595435464;0.175354695;13.36681014;122;21.0;287;0;1;0;0;0;17.3186554;45.01670926;82.90619871;1002969.5;81.21313566;10189.0;44.37795258;40.81102371;206.8031464;136.585893;29.25378886;12.57864568;94.75345849;1.088680799;21.41786989;9.209330044;69.37280006;79.88333893;598.7888184;137.9067078;17.99194391;35.04401014;19.58824407;18.3125107;36.62502139;17.71350334;;;;;;;;;;88.16653745;86.55942722;89.8242086;88.0319749;86.2485397;1.0;HH
15;1521;Boyacá;Tunja;15001;2011;154630;32.68738278;;5.073401022;470;2778.0;118;1;0;0;0;0;6.387574812;53.37999489;60.16234064;582519.5;33.42171636;51680.0;49.60233804;49.92104958;235.5617083;1828.142413;90.96675784;256.9047038;1480.270951;1.182268908;4.975912008;14.05277302;80.97131497;0.0;154.0657349;154.0657349;20.70623113;41.39722384;12.32926052;19.79161613;43.90374072;14.6742031;22781.0;172909.0;5207.0;40474.0;9483.0;73916.0;54.90878414;54.75675091;0.003560707;54.75675589;54.16200025;55.4414707;41.6120288;57.00860298;0.0;
15;1521;Boyacá;Tunja;15001;2016;167207;40.37829357;3.967537244;4.993212007;475;2778.0;118;1;0;0;0;0;6.405194474;52.82300653;58.93124603;713369.4167;30.27863666;50628.0;57.20339637;57.18139714;285.7194134;3023.164098;105.8954644;437.3597578;2479.908876;1.808036803;3.502802395;14.46695395;82.03024366;0.0;154.0657349;154.0657349;19.74826169;41.79439679;14.14378521;18.01911873;44.11448611;17.42858759;21667.0;2283687.0;4577.0;42780.0;9669.0;88042.0;47.33685;48.59045;0.003942383;48.58163422;47.89703997;49.251392;37.5874072;51.32039937;0.0;
15;1521;Boyacá;Tunja;15001;2021;181729;44.26605;6.188335379;4.300359326;480;2778.0;118;1;0;0;0;0;5.579277338;52.65096299;56.55598324;923082.75;31.19920321;56698.0;58.35411835;57.03921509;280.3901978;3979.161355;72.00681074;366.8861787;3540.268365;2.18961275;1.809597659;9.220188526;88.97021381;0.0;154.0657349;154.0657349;19.41666182;42.52081271;15.51493276;17.23634239;44.13317474;19.37419139;19817.0;2536436.0;3458.0;367438.0;7984.0;857556.0;43.31162;42.84711;0.004369339;42.84105203;42.16436994;43.504463;42.7756667;45.76429447;0.0;
15;1562;Boyacá;Almeida;15022;2011;3317;8.127323887;;90.53361471;103;1925.0;57;1;0;0;0;0;93.39184306;35.44140423;89.00152053;903391.0417;49.71359662;1649.0;43.58139535;41.41860465;209.8372093;12.04834009;3.292123992;1.167497962;7.588718139;0.36323003;27.32429502;9.690114596;62.98559038;62.27720261;107.2310257;97.21347809;12.4358243;36.45179692;29.03593839;12.53196931;33.18414322;34.59079284;;;;;;;;;;83.50711487;81.67629865;85.1159101;63.460671;77.74754177;0.0;
15;1562;Boyacá;Almeida;15022;2016;2333;15.59508501;0.085726532;86.62666095;108;1925.0;57;1;0;0;0;0;90.89615932;35.20625889;84.45408532;685696.25;51.65023575;1205.0;49.35714286;50.64285714;251.7142857;18.53362351;5.047422559;2.259576633;11.22662432;0.794411638;27.23386799;12.19176937;60.57436265;62.27720261;107.2310257;97.21347809;11.71171171;36.11793612;35.38083538;10.79136691;31.29496403;41.63669065;;;;;;;;;;78.36459957;76.15393987;80.0711966;60.6303629;65.5928116;0.0;
15;1562;Boyacá;Almeida;15022;2021;1992;22.33517403;0.401606426;80.37148594;113;1925.0;57;1;0;0;0;0;86.21564482;36.02536998;83.27702703;905969.6667;55.97389558;1115.0;51.57143021;53.2142868;256.2142944;24.22093168;6.66723581;1.977852863;15.575843;1.215910225;27.52675206;8.165882672;64.30736527;62.27720261;107.2310257;97.21347809;11.56069364;36.03082852;36.22350674;10.37735849;31.44654088;42.34800839;;;;;;;;;;70.39907413;68.26824113;72.6839779;70.2916288;70.83807983;0.0;
15;1580;Boyacá;Aquitania;15047;2011;15426;3.670750681;;65.46091015;222;3042.0;876;1;0;0;0;0;73.12276132;39.56366005;82.96776851;631053.1667;96.16880591;14835.0;42.38232082;42.21757679;208.7406143;181.1409342;80.92125327;21.66442204;78.55525893;1.17425732;44.67309038;11.9599814;43.36692822;24.97558784;187.2436981;167.2965851;16.19303635;39.3625192;16.28264209;16.58786446;38.07459942;17.0869451;;;;;;;;;;92.72970241;91.54391694;93.9290921;70.4693145;89.36652444;0.0;
15;1580;Boyacá;Aquitania;15047;2016;15315;2.629774731;0.032647731;63.0950049;227;3042.0;876;1;0;0;0;0;70.9293142;39.82493089;83.16019115;996864.875;86.9539667;13317.0;53.40853659;51.1097561;262.5182927;318.831279;162.38052;39.03175864;117.4190003;2.081823565;50.92992147;12.24213595;36.82794257;24.97558784;187.2436981;167.2965851;15.70364664;38.5721623;17.69388803;15.75660954;38.34196891;18.62627873;;;;;;;;;;86.70063301;85.21395277;88.2634488;67.0799171;86.84707667;0.0;
15;1580;Boyacá;Aquitania;15047;2021;15950;3.745559039;0.181818182;60.55799373;232;3042.0;876;1;0;0;0;0;68.79645244;39.74767347;79.61500494;934953.75;81.79937304;13047.0;50.02206039;48.63970566;240.7647095;398.7033843;202.1937934;32.77096873;163.7386221;2.499707738;50.71283601;8.219385644;41.06777835;24.97558784;187.2436981;167.2965851;15.32981206;39.41776195;19.29738361;14.98271226;38.71174286;20.65565373;;;;;;;;;;84.57764424;82.87187704;86.3265794;84.4485592;83.73661452;0.0;
15;1567;Boyacá;Arcabuco;15051;2011;5346;3.580558673;;61.26075571;155;2563.0;137;1;0;0;0;0;68.95252449;41.08892238;82.1735268;570498.25;76.74897119;4103.0;45.7826087;52.17391304;234.0652174;76.03256881;34.56175998;10.75453534;30.71627349;1.422232862;45.45652017;14.14464289;40.39883693;26.75892448;170.7138977;159.3958588;16.66042681;38.26282291;16.81018345;17.19626168;38.5046729;18.05607477;;;;;;;;;;87.72893047;86.23431269;89.2335821;66.6690114;87.15172702;0.0;
15;1567;Boyacá;Arcabuco;15051;2016;5715;4.90376203;0.227471566;59.91251094;160;2563.0;137;1;0;0;0;0;67.89391031;40.98761124;76.82496608;685700.0;65.30183727;3732.0;55.3877551;58.26530612;280.6122449;108.4576293;48.08793286;13.37378202;46.99591437;1.89777129;44.33799004;12.33088176;43.3311282;26.75892448;170.7138977;159.3958588;17.11775044;38.5940246;17.82073814;16.2369338;39.51219512;19.12891986;;;;;;;;;;78.24688781;76.27764631;79.9601061;60.5392898;80.5607405;0.0;
15;1567;Boyacá;Arcabuco;15051;2021;6140;7.289630836;0.325732899;57.8990228;165;2563.0;137;1;0;0;0;0;66.05415861;41.07027724;74.41043653;905965.75;60.76547231;3731.0;51.62337494;51.12987137;247.5584412;126.2634328;55.76601565;10.49742;59.99999714;2.0564077;44.16640227;8.313903537;47.51969419;26.75892448;170.7138977;159.3958588;16.79712981;38.97586432;19.34116112;15.54977228;39.68770332;21.04749512;;;;;;;;;;75.32794347;73.26728721;77.4557058;75.2129756;75.69646127;0.0;
15;1589;Boyacá;Belén;15087;2011;7647;4.494137134;;45.80881391;255;3144.0;143;1;0;0;0;0;55.05542941;44.19660745;80.52894627;550078.9167;76.87982215;5879.0;42.62820513;45.68589744;216.275641;65.06637878;3.676245737;18.97041057;42.41972248;0.850874575;5.649992831;29.1554731;65.19453407;22.26117706;228.4918976;128.6825867;17.36167893;36.24965931;20.49604797;16.16390146;37.83308195;22.37305178;162.0;18796.0;44.0;5526.0;59.0;7191.0;74.57627119;76.84605757;0.367773534;77.93398568;71.95437688;83.9401643;59.2254089;81.36832917;0.0;
15;1589;Boyacá;Belén;15087;2016;7568;5.706042988;0.105708245;42.19080338;260;3144.0;143;1;0;0;0;0;51.83033905;44.57652303;79.45320715;706280.7917;66.38477801;5024.0;53.06766917;54.78195489;268.1954887;105.8279449;41.20175426;13.64079176;50.98539889;1.398360794;38.93277366;12.88959336;48.17763298;22.26117706;228.4918976;128.6825867;16.78186342;37.2408073;21.03953553;15.05947861;37.53480132;24.80384713;121.0;232231.0;42.0;7348.0;60.0;9888.0;70.0;74.31229;0.341509958;74.90441207;68.20520687;81.5145526;57.9532303;76.70992848;0.0;
15;1589;Boyacá;Belén;15087;2021;7726;9.229657434;0.828371732;38.0015532;265;3144.0;143;1;0;0;0;0;47.62283141;45.09336512;77.15632043;905965.75;60.97592545;4711.0;52.30612183;53.81632614;250.7755127;103.3181206;20.94164355;9.690449314;72.68602777;1.337278289;20.26909067;9.379234983;70.35167435;22.26117706;228.4918976;128.6825867;16.67570499;37.82537961;22.20715835;14.28925211;37.46904408;26.9440317;121.0;250929.0;26.0;71781.0;41.0;110110.0;63.41463;65.19026;0.758227659;66.40943824;58.06122776;73.2640872;66.3080821;74.50782222;2.0;LL
15;1543;Boyacá;Berbeo;15090;2011;1639;5.425055928;;67.17510677;74;1525.0;67;1;0;0;0;0;75.59558396;38.17547937;90.27635619;860190.5833;104.2708969;1709.0;47.65217391;47.60869565;225.2173913;14.74629849;4.76131804;1.293601529;8.691378927;0.899713148;32.28822502;8.77238128;58.9393937;46.76034546;149.7086945;132.1457367;16.86320755;33.13679245;25.58962264;14.79140329;34.51327434;27.81289507;35.0;3352.0;16.0;1508.0;17.0;1609.0;94.11764706;93.7228092;0.39386861;94.17734917;86.66013518;98.578732;71.5694439;91.90894911;0.0;
15;1543;Boyacá;Berbeo;15090;2016;1616;4.15119637;0.061881188;73.51485149;79;1525.0;67;1;0;0;0;0;82.1307779;36.9222097;91.1205074;1067070.667;76.91831683;1243.0;53.8;54.76;272.84;20.68249159;7.201399037;2.517302639;10.96378992;1.279857153;34.81881766;12.1711769;53.01000544;46.76034546;149.7086945;132.1457367;14.28571429;32.80871671;30.75060533;10.88607595;34.81012658;31.7721519;45.0;76313.0;19.0;1648.0;25.0;2140.0;76.0;77.00935;0.713450229;81.40149662;72.17768078;88.1739351;62.9799974;78.42579831;0.0;
15;1543;Boyacá;Berbeo;15090;2021;1645;7.092198582;0.121580547;72.03647416;84;1525.0;67;1;0;0;0;0;80.1306478;37.28905825;88.7966805;916635.4167;71.67173252;1179.0;52.59999847;50.59999847;254.6666718;29.91258461;12.77368004;2.434288923;14.70461565;1.818394201;42.70336451;8.13800932;49.15862617;46.76034546;149.7086945;132.1457367;13.55529132;33.05588585;33.53151011;10.19900498;34.70149254;35.07462687;17.0;33325.0;4.0;33388.0;4.0;33388.0;100.0;100.0;;81.55534928;79.57480325;83.413468;81.4308769;75.50973224;0.0;
15;1593;Boyacá;Betéitiva;15092;2011;2226;4.099281222;;84.81581312;257;2570.0;124;1;0;0;0;0;89.56215794;38.31118061;89.48159279;820257.625;65.31895777;1454.0;38.54761905;40.5;202.9285714;10.78812022;1.164362351;0.948250404;8.675507461;0.484641519;10.79300497;8.789764899;80.41723013;26.73667908;225.6563568;140.2375793;17.27019499;32.77623027;24.23398329;15.40469974;33.68146214;28.63359443;107.0;13614.0;45.0;4135.0;51.0;7046.0;88.23529412;58.68577917;1.273829769;64.9991971;56.44420286;72.3413406;49.3957032;87.691188;2.0;LL
15;1593;Boyacá;Betéitiva;15092;2016;1967;3.986612439;0.050838841;84.08744281;262;2570.0;124;1;0;0;0;0;89.10891089;37.40852346;81.84079602;970757.375;57.70208439;1135.0;52.71428571;53.75;265.8214286;19.20090893;5.701849594;1.893648911;11.60541042;0.976151954;29.69572751;9.862287865;60.44198463;26.73667908;225.6563568;140.2375793;16.49484536;34.74226804;26.90721649;14.54363089;32.39719157;33.90170512;63.0;98153.0;29.0;2358.0;34.0;3133.0;85.29412;75.26333;1.960298978;77.53568276;69.02681646;85.3146546;59.9890334;77.11063211;2.0;LL
15;1593;Boyacá;Betéitiva;15092;2021;1995;6.86716792;0.050125313;81.45363409;267;2570.0;124;1;0;0;0;0;87.04793944;37.55256518;79.80376124;941153.9167;49.92481203;996.0;52.5625;57.0;259.125;21.58593753;4.984875945;1.607550196;14.99351138;1.082001881;23.09316396;7.447210454;69.45962558;26.73667908;225.6563568;140.2375793;16.24106231;34.62717058;29.62206333;13.68110236;31.69291339;36.81102362;88.0;220620.0;4.0;20004.0;18.0;89427.0;22.22222;22.36908;0.344535592;33.44919584;24.84907422;42.033974;33.3981446;38.40616736;2.0;LL
15;1558;Boyacá;Boavita;15097;2011;6844;3.274157413;;65.45879603;398;2161.0;146;1;0;0;0;0;74.20553033;40.8997111;96.5010142;938131.1667;76.38807715;5228.0;44.14772727;48.26136364;222.4886364;39.51965587;4.881144485;7.448072328;27.19043905;0.577435065;12.35118165;18.84650097;68.80231737;59.1330719;275.5039063;103.2144394;15.09715994;31.00149477;28.72944694;14.2326379;32.52357817;30.35152901;;;;;;;;;;87.42881277;85.80608486;88.7586805;66.440939;86.83567343;0.0;
15;1558;Boyacá;Boavita;15097;2016;5587;5.001193246;0.017898693;58.86880258;403;2161.0;146;1;0;0;0;0;68.53700516;40.8777969;92.04162841;702611.6667;70.07338464;3915.0;54.42028986;59.02898551;274.2318841;55.2568279;10.55601015;6.475581685;38.22523606;0.989025021;19.10353987;11.71906157;69.17739855;59.1330719;275.5039063;103.2144394;15.26827512;33.23730645;28.37594526;13.23843416;32.66903915;31.886121;;;;;;;;;;81.89233734;80.04848951;83.7982154;63.3597588;80.83449374;0.0;
15;1558;Boyacá;Boavita;15097;2021;5263;12.00202673;0.39901197;51.70055102;408;2161.0;146;1;0;0;0;0;61.79671647;41.76351227;89.52811894;905965.75;71.46114383;3761.0;52.84722137;55.19444275;257.6111145;60.58678088;15.07036254;4.88238651;40.63403183;1.151183372;24.874011;8.058501275;67.06748772;59.1330719;275.5039063;103.2144394;15.08785332;33.80443086;29.64094729;12.24952741;32.93005671;34.3289225;;;;;;;;;;76.74287664;74.51962945;78.8574695;76.6257492;72.6506482;0.0;
15;1549;Boyacá;Boyacá;15104;2011;5020;37.31075697;;87.11155378;474;2411.0;48;1;0;0;0;0;90.60232221;37.11901306;94.38966338;547144.875;82.98804781;4166.0;44.89023923;46.49980861;219.4976077;50.93112699;16.22389107;5.601393396;29.10584253;1.014564283;31.85456915;10.99797654;57.14745431;12.29837418;143.0501099;143.0501099;14.27444795;34.85804416;25.11829653;14.89533011;33.69565217;25.36231884;;;;;;;;;;78.54602906;76.44411207;80.7452208;59.6905272;81.63657696;;
15;1549;Boyacá;Boyacá;15104;2016;5013;53.57902786;2.692998205;85.63734291;479;2411.0;48;1;0;0;0;0;89.35634664;36.80330816;89.13547532;685741.6667;75.34410533;3777.0;53.2037037;53.14506173;264.2561728;128.0888661;22.80056518;39.73562484;65.55267605;2.555133973;17.80058321;31.02191943;51.17749736;12.29837418;143.0501099;143.0501099;15.32790066;35.35118355;23.86495925;14.57307061;35.87848933;25.49261084;;;;;;;;;;67.92862686;65.50759062;70.2742368;52.5560944;70.02825266;;
15;1560;Boyacá;Briceño;15106;2011;2446;3.836195149;;80.13082584;121;1340.0;49;1;0;0;0;0;85.69206843;36.27527216;91.31025119;899927.625;85.48650859;2091.0;43.26;44.04;214.62;19.58003508;5.033346053;2.513333536;12.03335549;0.800492031;25.70652214;12.83620548;61.45727238;11.28007126;143.378067;143.378067;14.96546431;35.5333845;22.48656946;14.26071741;37.00787402;22.04724409;104.0;13182.0;52.0;5769.0;54.0;6244.0;96.2962963;92.39269699;0.26302312;92.28507509;87.55341694;96.2924682;70.1314229;92.52658687;0.0;
15;1560;Boyacá;Briceño;15106;2016;2224;4.147931655;;78.19244604;126;1340.0;49;1;0;0;0;0;83.50687214;36.23490212;85.96620132;860389.75;77.11330935;1715.0;50.28125;51.40625;251.84375;36.68716138;15.65749041;4.494467504;16.53520347;1.64960258;42.67839162;12.2507911;45.07081728;11.28007126;143.378067;143.378067;14.23813489;34.72106578;26.89425479;14.27174976;36.16813294;26.09970674;114.0;199314.0;43.0;5114.0;51.0;6315.0;84.31373;80.98179;0.871211942;82.44498375;76.01314225;87.7061922;63.787339;82.61771952;0.0;
15;1560;Boyacá;Briceño;15106;2021;2237;5.148264044;0.491729996;76.44166294;131;1340.0;49;1;0;0;0;0;82.22854819;35.99023993;81.89717596;939780.4167;78.45328565;1755.0;53.44444275;54.83333206;257.6666565;66.11309607;38.96569075;5.424579704;21.72282561;2.955435676;58.93793071;8.205000259;32.85706903;11.28007126;143.378067;143.378067;14.35684647;35.10373444;29.04564315;13.56589147;36.04651163;28.77906977;82.0;177434.0;21.0;15760.0;27.0;23614.0;77.77778;66.74007;1.081062946;71.69312617;61.74746014;79.590032;71.5837059;72.94173544;0.0;
15;1560;Boyacá;Buenavista;15109;2011;4602;3.293857743;;84.78922208;189;2197.0;111;1;0;0;0;0;88.64282812;36.26574563;88.48484848;1033626.083;96.82746632;4456.0;42.13846154;44.76923077;214.8923077;39.89390302;13.10578518;3.871998645;22.91611919;0.866881856;32.85159935;9.705740358;57.44266029;19.99049759;122.6223984;122.6223984;14.37989287;37.86567779;21.13720643;14.16091954;36.59770115;22.8045977;;;;;;;;;;93.88761924;92.71539486;94.9891603;71.3492656;89.86194848;0.0;
15;1560;Boyacá;Buenavista;15109;2016;4410;5.079365079;0.068027211;83.35600907;194;2197.0;111;1;0;0;0;0;87.87078423;36.36733035;82.86764706;878774.3333;83.24263039;3671.0;50.6969697;49.98484848;251.1363636;50.08773931;16.01689222;6.111593561;27.95925353;1.135776401;31.97767046;12.20177562;55.82055392;19.99049759;122.6223984;122.6223984;13.93728223;36.97735192;25.87108014;12.10974456;37.22800378;28.0037843;;;;;;;;;;87.81455795;86.29601646;89.4946508;67.9417561;84.02092763;0.0;
15;1560;Boyacá;Buenavista;15109;2021;4549;5.165970543;0.06594856;80.808969;199;2197.0;111;1;0;0;0;0;86.01439409;36.35479479;80.07079646;1313468.417;81.4244889;3704.0;50.55769348;50.75;240.384613;81.39017367;39.42072003;6.644006285;35.32544736;1.789188254;48.4342498;8.163155311;43.40259489;19.99049759;122.6223984;122.6223984;13.44289928;37.12600084;28.02359882;11.25919118;36.94852941;31.02022059;;;;;;;;;;85.60607748;83.89099561;87.185714;85.4754228;84.73670077;0.0;
15;1589;Boyacá;Busbanzá;15114;2011;1051;2.743418966;;63.74881066;160;2500.0;25;1;0;0;0;0;71.54398564;40.21543986;82.0;972727.9167;50.33301618;529.0;53.0;52.0;214.0;5.792787675;0.554449219;0.86361787;4.374720586;0.551169141;9.571371334;14.90850206;75.52012661;20.69516945;218.5827179;146.4989471;16.05415861;36.75048356;23.21083172;16.47940075;36.1423221;26.40449438;;;;;;;;;;82.69084509;81.04959478;84.2200206;62.8403523;80.81597091;0.0;
15;1589;Boyacá;Busbanzá;15114;2016;1105;4.034690799;;62.35294118;165;2500.0;25;1;0;0;0;0;71.83098592;39.34859155;92.66055046;694382.9167;36.19909502;400.0;56.0;54.42857143;270.1428571;8.93797656;0.482900352;1.105455102;7.349621106;0.808866657;5.402792778;12.36806894;82.22913829;20.69516945;218.5827179;146.4989471;15.09090909;37.81818182;19.81818182;13.33333333;36.03603604;28.10810811;;;;;;;;;;69.20320757;66.92866984;71.4890657;53.5422322;;0.0;
15;1589;Boyacá;Busbanzá;15114;2021;1164;6.400343643;;59.96563574;170;2500.0;25;1;0;0;0;0;69.66666667;39.25;90.18759019;905965.75;37.97250859;442.0;56.36363602;54.63636398;267.9090881;12.61384146;1.279328159;1.043841189;10.29067211;1.083663356;10.14225653;8.275363155;81.58238032;20.69516945;218.5827179;146.4989471;14.55479452;39.04109589;20.71917808;13.10344828;36.03448276;29.31034483;;;;;;;;;;68.92807346;66.65307087;70.9441219;68.8228733;;2.0;LL
15;1560;Boyacá;Caldas;15131;2011;3349;2.819249527;;92.98297999;174;2650.0;88;1;0;0;0;0;95.07096774;36.92903226;84.64163823;1296719.542;92.71424306;3105.0;41.21296296;40.7962963;206.9351852;26.28739655;7.87062737;2.425245853;15.99152332;0.784932713;29.94068795;9.225888342;60.83342371;8.63133812;133.3006744;133.3006744;14.89104116;36.56174334;23.84987893;14.84973483;36.59398939;24.39599293;;;;;;;;;;92.65463625;91.37975828;93.8026097;70.4122684;67.45643242;0.0;
15;1560;Boyacá;Caldas;15131;2016;3245;2.835130971;0.092449923;92.60400616;179;2650.0;88;1;0;0;0;0;94.69816273;36.7191601;82.68268268;1100413.375;73.52850539;2386.0;52.43137255;55.21568627;262.8039216;33.16045033;6.129943867;4.04064145;22.98986501;1.021893693;18.48570754;12.18512237;69.32917009;8.63133812;133.3006744;133.3006744;14.20560748;35.57632399;26.66666667;14.45121951;37.19512195;25.6097561;;;;;;;;;;84.41934017;82.67682603;86.1686256;65.3148903;59.58521647;0.0;
15;1560;Boyacá;Caldas;15131;2021;3223;13.28989554;0.558485883;90.56779398;184;2650.0;88;1;0;0;0;0;93.3767927;36.61016949;82.0668693;905965.75;66.2116041;2134.0;51.65116119;50.3255806;247.7441864;45.61126614;15.46422347;3.718685579;26.42835709;1.415180457;33.9043942;8.152997918;57.94260789;8.63133812;133.3006744;133.3006744;13.8836773;35.64727955;28.83051907;13.66995074;36.51477833;28.75615764;;;;;;;;;;76.92237125;74.82496124;78.8846874;76.8049699;49.36401142;0.0;
15;1543;Boyacá;Campohermoso;15135;2011;3500;3.347619048;;78.48571429;188;1300.0;302;1;0;0;0;0;82.96931158;37.43433785;92.7168184;1224434.625;76.25714286;2669.0;44.31578947;48.36842105;225.3684211;23.22722015;4.289783908;2.778677304;16.15875894;0.663634861;18.46877879;11.96302134;69.56819987;62.77109146;130.5775909;107.9895782;15.51535088;34.10087719;23.46491228;15.33412888;33.94988067;22.55369928;;;;;;;;;;89.40533796;88.01019732;90.7956175;67.942986;91.35925638;0.0;
15;1543;Boyacá;Campohermoso;15135;2016;3252;3.859163592;0.215252153;77.24477245;193;1300.0;302;1;0;0;0;0;82.25998807;38.01431127;94.21875;1086006.083;67.74292743;2203.0;53.7;55.0;267.35;32.96313216;8.261119272;4.04182157;20.66019131;1.01362645;25.06169387;12.26164295;62.67666318;62.77109146;130.5775909;107.9895782;14.75704859;34.67306539;23.51529694;14.57413249;33.4384858;24.41640379;;;;;;;;;;82.48175073;80.66168096;84.351873;63.8157855;80.74554187;0.0;
15;1543;Boyacá;Campohermoso;15135;2021;3189;5.960593708;0.595798056;72.93822515;198;1300.0;302;1;0;0;0;0;78.53482062;38.40820018;92.23817119;1143868.083;65.03606146;2074.0;52.40000153;51.40000153;251.6499939;43.71126499;13.54977707;3.598040712;26.56344721;1.370688774;30.99836409;8.231380887;60.77025503;62.77109146;130.5775909;107.9895782;14.10177805;35.13182097;26.05763335;13.86392811;32.92682927;27.72785623;;;;;;;;;;78.94769474;76.93662451;80.9685381;78.8272023;78.45177623;0.0;
15;1589;Boyacá;Cerinza;15162;2011;3912;2.336826858;;61.1196319;229;3269.0;72;1;0;0;0;0;70.44534413;41.03357942;77.42326333;1249010.292;60.71063395;2375.0;43.79591837;47.97959184;226.877551;23.29755392;2.336676827;3.678888691;17.2819884;0.595540744;10.02970885;15.79087961;74.17941155;13.23782444;219.6351929;133.1141205;17.85714286;35.60767591;22.60127932;15.12770138;37.91748527;25.44204322;117.0;19919.0;36.0;7216.0;45.0;8270.0;80.0;87.25513906;0.225921907;86.81427446;81.24679305;91.8714865;65.9739247;83.09300945;0.0;
15;1589;Boyacá;Cerinza;15162;2016;3808;2.770483193;0.210084034;57.90441176;234;3269.0;72;1;0;0;0;0;68.40724845;41.08249881;71.98697068;918369.3333;55.48844538;2113.0;56.21428571;55.11904762;277.1190476;30.48241194;3.608149521;3.772356616;23.10190581;0.800483507;11.83682422;12.37551879;75.78765699;13.23782444;219.6351929;133.1141205;17.54768392;36.51226158;24.85013624;15.00253421;37.81044095;29.24480487;78.0;189279.0;43.0;7996.0;49.0;9314.0;87.7551;85.84926;0.467868568;83.23170432;75.79325129;89.4904045;64.3960214;81.87226752;0.0;
15;1589;Boyacá;Cerinza;15162;2021;3830;5.230635335;0.130548303;53.81201044;239;3269.0;72;1;0;0;0;0;64.73108044;41.17087101;71.62052117;928873.8333;57.98955614;2221.0;53.63636398;54.11363602;259.4090881;40.98603401;4.91712638;3.430967436;32.63794019;1.070131436;11.99707778;8.371064728;79.63185749;13.23782444;219.6351929;133.1141205;16.97198276;37.12284483;26.61637931;14.1337386;37.18338399;31.408308;60.0;165958.0;14.0;97379.0;20.0;139860.0;70.0;69.62605;1.921522617;71.37245987;62.37520699;79.4805908;71.263529;71.12571476;2.0;LL
15;1554;Boyacá;Chinavita;15172;2011;3340;3.992015968;;65.2994012;185;1757.0;128;1;0;0;0;0;73.03149606;40.66366704;94.58051068;590567.125;76.79640719;2565.0;44.71111111;49.37777778;219.0666667;25.85411039;3.284802575;5.792094756;16.77721306;0.774075161;12.7051464;22.40299383;64.89185977;37.87611389;127.043251;123.5499573;13.6725935;33.53770693;30.22685469;12.81451141;33.35283792;31.48039789;;;;;;;;;;87.59638921;85.8430162;89.0398013;66.5682876;86.82640507;0.0;
15;1554;Boyacá;Chinavita;15172;2016;3202;4.200499688;0.187382886;62.4609619;190;1757.0;128;1;0;0;0;0;70.85978073;40.59434507;87.19030047;736629.75;65.67770144;2103.0;50.20512821;49.20512821;251.1282051;34.4703583;7.222665194;4.335672559;22.91202055;1.076525868;20.95326405;12.57797358;66.46876237;37.87611389;127.043251;123.5499573;11.90626979;33.94553515;33.56554782;12.81577326;33.33333333;34.25754775;;;;;;;;;;80.81777785;78.91543313;82.6960597;62.5283766;77.03640632;0.0;
15;1554;Boyacá;Chinavita;15172;2021;3295;5.04552352;0.364188164;60.36418816;195;1757.0;128;1;0;0;0;0;68.94824708;40.76238175;85.80215274;923710.25;64.58270106;2128.0;54.62162018;53.2702713;257.3513489;40.2357273;8.547509724;3.468965837;28.21925174;1.221114637;21.243582;8.621605896;70.1348121;37.87611389;127.043251;123.5499573;11.67387276;34.15688697;35.26868437;12.17183771;32.45823389;37.11217184;;;;;;;;;;77.6391336;75.82427458;79.6351019;77.5206383;80.30804273;0.0;
15;1560;Boyacá;Chiquinquirá;15176;2011;51297;10.93809904;;13.58364037;235;2565.0;171;1;0;0;0;0;18.10209182;50.41419845;72.91488798;533883.3333;54.1025791;27753.0;43.85932986;43.85571243;214.5588809;479.4674082;7.972760591;61.87962351;409.6150241;0.934688984;1.662836818;12.90590819;85.43125499;0.0;139.1727448;139.1727448;20.38029033;38.18850951;13.19566551;17.97928619;41.04761195;15.84457194;422.0;52990.0;151.0;21153.0;191.0;25043.0;79.05759162;84.46671725;0.058406213;83.94421288;80.18529404;87.0977144;63.7928407;75.20420014;0.0;
15;1560;Boyacá;Chiquinquirá;15176;2016;54562;11.69663258;1.301271948;12.6864851;240;2565.0;171;1;0;0;0;0;17.20913312;50.4354711;69.19907218;685696.25;52.07287123;28412.0;52.71783496;52.5501331;262.4960071;768.3564486;20.66212107;94.43299765;653.2613298;1.408226327;2.689132252;12.29025901;85.02060874;0.0;139.1727448;139.1727448;19.71728191;38.62021281;15.06933507;17.59613025;41.58224964;17.75736969;316.0;668761.0;101.0;19027.0;143.0;27184.0;70.62937;69.99338;0.124672544;69.49245883;64.17000471;74.1089981;53.7660247;68.41923892;0.0;
15;1560;Boyacá;Chiquinquirá;15176;2021;58918;13.04100614;1.529244034;11.81981737;245;2565.0;171;1;0;0;0;0;16.1863048;50.32067577;66.11437868;905965.75;51.44777487;30312.0;54.75444412;52.8544426;259.1344299;980.5340585;23.04435588;80.78793328;876.7017693;1.664235138;2.350184135;8.239176659;89.41063921;0.0;139.1727448;139.1727448;19.39916906;39.49433614;16.49089166;16.701889;41.78886107;19.87840166;401.0;717516.0;88.0;230583.0;151.0;382806.0;58.27814;60.23495;0.226135761;60.45080103;55.56349137;65.1637607;60.3585391;61.35321005;0.0;
15;1540;Boyacá;Chiscas;15180;2011;4468;2.961802447;;80.66248881;250;2400.0;664;1;0;0;0;0;85.60129791;38.41005881;90.04881712;1095614.292;90.17457475;4029.0;40.33707865;42.4494382;206.5955056;26.48490376;3.457997773;3.612281624;19.41462437;0.592768661;13.05648608;13.63902114;73.30449278;76.97902679;318.6468506;91.15618134;15.14878269;32.64201984;27.32191163;15.55555556;34.84444444;25.95555556;;;;;;;;;;90.9215644;89.55387068;92.0401204;69.0952321;92.13242956;0.0;
15;1540;Boyacá;Chiscas;15180;2016;4175;3.425149701;;79.32934132;255;2400.0;664;1;0;0;0;0;84.48830723;38.14632053;88.3339992;1024436.167;75.13772455;3137.0;47.85106383;48.04255319;242.1489362;38.76243421;8.439763567;4.764477029;25.55819361;0.928441538;21.77304842;12.29148047;65.93547112;76.97902679;318.6468506;91.15618134;15.46489564;32.77988615;27.79886148;14.99758104;34.15578133;29.46298984;;;;;;;;;;85.05072692;83.32000952;86.720705;65.8033916;;0.0;
15;1540;Boyacá;Chiscas;15180;2021;4063;3.833374354;0.024612355;76.66748708;260;2400.0;664;1;0;0;0;0;82.36323851;38.18380744;86.78703324;1822178.5;66.65025843;2708.0;49.95555496;48.79999924;238.422226;42.21562581;10.5057702;3.458857549;28.25099805;1.039025986;24.88597528;8.193311086;66.92071363;76.97902679;318.6468506;91.15618134;15.21633447;32.62032086;29.99513855;14.35692921;33.54935194;32.20338983;;;;;;;;;;80.27181934;78.49314717;82.3950429;80.149306;84.63449424;0.0;
15;1593;Boyacá;Chita;15183;2011;9580;3.787404315;;79.81210856;242;2949.0;614;1;0;0;0;0;84.16223543;39.18256699;117.8931061;645244.75;93.94572025;9000.0;41.73;43.71;212.72;54.07450764;7.329099937;7.943151242;38.80225646;0.564452063;13.55370628;14.6892715;71.75702222;66.74563599;267.453949;142.6868286;16.34095634;28.46153846;22.41164241;15.55555556;30.81761006;22.70440252;;;;;;;;;;91.32721617;90.02224209;92.5683738;69.4035045;88.75041042;0.0;
15;1593;Boyacá;Chita;15183;2016;8362;3.537829865;;76.90743841;247;2949.0;614;1;0;0;0;0;81.46317946;38.65252501;116.4932477;926184.8333;86.2951447;7216.0;49.06557377;48.67213115;244.4508197;68.93154385;10.99577676;8.417254783;49.51851231;0.824342787;15.95173435;12.21103476;71.83723088;66.74563599;267.453949;142.6868286;16.33849039;29.91092358;22.3628692;14.6484375;31.54296875;22.70507813;;;;;;;;;;86.23307828;84.44115986;87.8496738;66.7181719;;0.0;
15;1593;Boyacá;Chita;15183;2021;8135;3.999180496;0.172095882;73.46035648;252;2949.0;614;1;0;0;0;0;78.72807018;38.54775828;110.7999104;1616524.792;80.86047941;6578.0;47.63207626;47.07546997;227.7641449;71.55156955;9.822344961;5.914958475;55.81426612;0.879552176;13.7276443;8.266706813;78.00564888;66.74563599;267.453949;142.6868286;16.14758026;30.66602779;24.38907523;13.83489018;31.86064125;25.42287301;;;;;;;;;;84.54860598;82.70110509;86.3205729;84.4195652;84.06648891;0.0;
15;1567;Boyacá;Chitaraque;15185;2011;5846;2.811038887;;81.91926103;390;1650.0;155;1;0;0;0;0;85.86956522;36.63879599;86.62420382;876098.5;91.17345193;5330.0;38.89090909;40.89090909;201.6363636;37.87668904;4.924288286;8.487246031;24.46515472;0.647907784;13.00084144;22.40757111;64.59158745;40.458992;193.8773041;134.944809;15.54977228;38.8093689;18.31489915;15.25974026;36.3997114;18.10966811;214.0;25363.0;84.0;8936.0;87.0;9914.0;96.55172414;90.1351624;0.288751256;90.30934739;85.97207155;93.6484916;68.6299819;94.48420949;0.0;
15;1567;Boyacá;Chitaraque;15185;2016;5736;3.287715016;;80.4567643;395;1650.0;155;1;0;0;0;0;85.17842324;37.29460581;86.70454545;822319.5;85.07670851;4880.0;50.75471698;53.73584906;259.2641509;60.34761558;7.469523553;14.79364807;38.08444396;1.052085348;12.37749575;24.51405566;63.1084486;40.458992;193.8773041;134.944809;12.98920378;38.19163293;22.19973009;13.85281385;37.48196248;21.64502165;180.0;246841.0;72.0;9689.0;76.0;10273.0;94.73684;94.31519;0.064371334;93.2124658;89.54022324;96.3261191;72.1180948;;1.0;HH
15;1567;Boyacá;Chitaraque;15185;2021;6038;3.345478635;0.066247102;78.48625373;400;1650.0;155;1;0;0;0;0;83.63721365;37.16690042;83.23081038;1216696.792;79.54620735;4803.0;50.45098114;50.2156868;243.2745056;76.21899444;10.08061667;19.94493207;46.19344571;1.262321869;13.22585891;26.16792863;60.60621246;40.458992;193.8773041;134.944809;12.55190035;38.80549345;24.17757905;13.0374957;37.70209838;23.59821121;160.0;316311.0;48.0;48823.0;49.0;51628.0;97.95918;94.5669;0.321625127;93.31014121;89.15967372;96.3954012;93.1677283;92.05309525;1.0;HH
15;1521;Boyacá;Chivatá;15187;2011;2779;3.433489265;;84.81468154;35;2900.0;51;1;0;0;0;0;87.70811194;37.7612469;104.7348485;808090.9583;82.97948902;2306.0;44.51612903;45.35483871;213.6451613;25.8737608;4.841153889;2.994992004;18.03761491;0.931045729;18.71066957;11.57540269;69.71392774;13.74809074;166.0300903;166.0300903;15.8493248;33.33333333;19.61620469;16.47230321;32.14285714;20.55393586;119.0;19259.0;45.0;7268.0;52.0;8588.0;86.53846154;84.62971588;0.310942065;85.80981869;79.74468654;91.2761118;65.2105953;87.87429639;0.0;
15;1521;Boyacá;Chivatá;15187;2016;2793;4.066714405;;84.10311493;40;2900.0;51;1;0;0;0;0;88.36477987;37.31656184;100.2475248;777309.4583;66.59505908;1860.0;52.86363636;55.81818182;271.8181818;27.46784253;4.221740242;3.156073802;20.09002849;0.983453009;15.36975551;11.49006806;73.14017643;13.74809074;166.0300903;166.0300903;15.51107934;34.95353824;19.37097927;14.27546628;33.71592539;20.87517934;99.0;234046.0;31.0;4907.0;48.0;7538.0;64.58334;65.09684;0.642363261;69.86934307;62.15103865;76.4949572;54.0576184;;0.0;
15;1521;Boyacá;Chivatá;15187;2021;2913;7.077468818;0.240302094;81.49673876;45;2900.0;51;1;0;0;0;0;86.46864686;37.29372937;96.06807512;905965.75;55.06350841;1604.0;50.5;53.58333206;250.5833282;33.75413332;5.887870456;2.619369663;25.2468932;1.158741274;17.44340582;7.760144924;74.79644926;13.74809074;166.0300903;166.0300903;15.4109589;35.89041096;20.75342466;14.10874054;33.10392292;23.33103923;122.0;299964.0;23.0;42773.0;37.0;58070.0;62.16216;73.65765;0.813446101;74.00441039;67.34539002;80.1528499;73.8914625;73.47734695;0.0;
15;1549;Boyacá;Ciénega;15189;2011;4721;4.079291111;;75.7678458;194;2400.0;55;1;0;0;0;0;82.09739341;39.24025056;92.01977401;604874.75;82.41897903;3891.0;44.42317073;44.45109756;216.3658537;37.16066843;8.300214624;6.655639172;22.20481464;0.787135531;22.33602078;17.91043986;59.75353936;15.86852264;149.5626526;149.0552063;14.93811353;35.7234315;20.61459667;15.7275021;35.36585366;22.28763667;;;;;;;;;;88.94292625;87.56941513;90.4251596;67.5915794;89.00965014;0.0;
15;1549;Boyacá;Ciénega;15189;2016;4650;4.302867384;0.064516129;74.60215054;199;2400.0;55;1;0;0;0;0;81.51191454;39.05094495;91.1637931;767166.2083;72.68817204;3380.0;52.72881356;53.27118644;263.4745763;56.87805519;10.70205333;14.20266365;31.97333821;1.223183983;18.81578633;24.97037495;56.21383871;15.86852264;149.5626526;149.0552063;14.30434783;35.13043478;23.0;15.14893617;34.76595745;23.53191489;;;;;;;;;;81.4485676;79.75013213;83.1575868;63.016416;82.48663205;0.0;
15;1549;Boyacá;Ciénega;15189;2021;4780;5.742677824;0.167364017;72.11297071;204;2400.0;55;1;0;0;0;0;79.49276798;39.17178522;89.56005587;973521.3333;71.79916318;3432.0;52.25;52.93333435;255.4499969;92.09544147;36.04404453;14.7276867;41.32371024;1.926682876;39.13770753;15.99176513;44.87052734;15.86852264;149.5626526;149.0552063;13.69978858;35.34883721;25.03171247;14.12008282;34.94824017;25.92132505;;;;;;;;;;79.5730151;77.52895674;81.524844;79.4515683;77.27568593;0.0;
15;1521;Boyacá;Cómbita;15204;2011;11953;2.340416632;;90.88095039;234;2825.0;149;1;0;0;0;0;93.652261;30.10553886;57.88850752;916782.1667;64.00903539;7651.0;44.3592233;47.11650485;219.4951456;81.46131403;11.55024899;14.80476887;55.10629617;0.681513545;14.17881497;18.1739873;67.64719772;18.29890633;170.9813232;164.0471039;14.58160729;54.90196078;12.5932063;17.29993632;37.29569094;19.6985778;244.0;26476.0;100.0;10385.0;116.0;12182.0;86.20689655;85.24872763;0.175339472;85.90240273;81.32500125;89.4109368;65.2809539;86.91003542;0.0;
15;1521;Boyacá;Cómbita;15204;2016;12585;3.539266322;0.039729837;90.13905443;239;2825.0;149;1;0;0;0;0;92.7522604;28.79566004;51.81000439;1088684.583;52.2924116;6581.0;52.75925926;53.03703704;264.287037;133.6146936;33.34032909;16.58630369;83.68806086;1.061698003;24.9525918;12.4135327;62.6338755;18.29890633;170.9813232;164.0471039;13.06013022;57.32158815;14.5538108;15.46717172;38.11026936;22.97979798;232.0;279347.0;84.0;8388.0;111.0;10969.0;75.67567;76.47005;0.369086117;78.44981931;73.36947179;83.2501594;60.696297;77.78244821;0.0;
15;1521;Boyacá;Cómbita;15204;2021;13615;5.194026197;0.6022769;88.68160118;244;2825.0;149;1;0;0;0;0;91.66058999;28.86973815;50.77982581;1319604.917;47.32280573;6443.0;52.52747345;51.81318665;253.6813202;172.5587768;37.80410092;14.40544496;120.349231;1.267416649;21.90795601;8.348138079;69.74390591;18.29890633;170.9813232;164.0471039;12.31132075;57.60613208;15.94339623;14.7224927;37.99415774;25.43330088;162.0;238419.0;45.0;131901.0;60.0;195350.0;75.0;67.52035;0.73660356;69.55017349;63.41213022;76.0544877;69.4440238;69.58388118;0.0;
15;1560;Boyacá;Coper;15212;2011;3896;2.934633812;;80.33880903;227;950.0;172;1;0;0;0;0;84.74409449;37.03248031;90.41737649;1072434.208;87.11498973;3394.0;43.29166667;45.04166667;224.3333333;29.37409508;8.315666615;3.809727496;17.24870097;0.753955213;28.3095244;12.96968463;58.72079097;29.62228966;118.3453751;118.3453751;14.95098039;33.48039216;24.95098039;14.0625;36.9612069;21.82112069;;;;;;;;;;91.68318468;90.40718515;92.8760076;69.6740204;93.26994604;1.0;HH
15;1560;Boyacá;Coper;15212;2016;3760;3.260195035;;77.81914894;232;950.0;172;1;0;0;0;0;83.37874659;37.00767897;87.64291996;1120541.292;73.48404255;2763.0;50.5;51.86111111;254.0;42.69163901;14.18861461;5.243313292;23.25971111;1.135415931;33.23511334;12.2818271;54.48305955;29.62228966;118.3453751;118.3453751;14.23487544;32.89273005;28.46975089;12.93920803;37.36754044;26.04573341;;;;;;;;;;84.48031095;82.66749408;86.1080993;65.3620632;;1.0;HH
15;1560;Boyacá;Coper;15212;2021;3712;4.092582615;0.080818966;73.86853448;237;950.0;172;1;0;0;0;0;80.11477046;37.3502994;85.79064588;1580551.958;63.84698276;2370.0;48.40476227;47.7142868;235.0714264;86.40759467;50.44075159;7.103292146;28.86355093;2.327790805;58.37536826;8.220680339;33.4039514;29.62228966;118.3453751;118.3453751;13.90180879;33.38501292;30.28423773;12.21159257;37.1412493;28.58750703;;;;;;;;;;80.15206878;78.21236359;81.8122816;80.0297382;83.6973707;0.0;
15;1589;Boyacá;Corrales;15215;2011;2428;11.37081274;;39.86820428;222;2388.0;59;1;0;0;0;0;48.26403772;44.79211316;76.15384615;533916.6667;46.45799012;1128.0;40.11864407;44.50847458;211.2372881;120.8891295;106.4391137;3.142716812;11.30729897;4.978959203;88.04688573;2.59966866;9.353445609;16.00124931;215.2589111;151.5014496;17.39495798;38.31932773;19.24369748;16.72051696;38.52988691;22.85945073;;;;;;;;;;78.05450122;76.34672143;79.7571779;59.3169939;71.12032191;2.0;LL
15;1589;Boyacá;Corrales;15215;2016;2448;14.26674837;0.285947712;38.07189542;227;2388.0;59;1;0;0;0;0;46.10111397;43.83033419;71.17393977;685696.25;40.76797386;998.0;55.59574468;56.17021277;272.2978723;62.35324775;42.35583997;2.802934225;17.19447355;2.547109794;67.92884332;4.495249768;27.57590691;16.00124931;215.2589111;151.5014496;17.18875502;39.59839357;17.51004016;16.37572735;40.73150457;23.69077307;;;;;;;;;;65.17762691;63.19104926;67.5913261;50.4276573;62.77678598;2.0;LL
15;1589;Boyacá;Corrales;15215;2021;2595;13.87925498;2.928709056;37.30250482;232;2388.0;59;1;0;0;0;0;45.26946108;43.27345309;69.03523975;905965.75;39.53757225;1026.0;54.79166794;57.20833206;265.5;59.03580245;31.877651;2.793216633;24.36493482;2.274982753;53.99715033;4.73139437;41.2714553;16.00124931;215.2589111;151.5014496;16.64167916;39.95502249;19.64017991;15.70182395;40.28548771;26.09040444;;;;;;;;;;64.27730164;61.84175366;66.5981232;64.1791996;63.60409057;2.0;LL
15;1558;Boyacá;Covarachía;15218;2011;3232;2.789810231;;85.67450495;189;2350.0;104;1;0;0;0;0;89.7733711;36.40226629;90.42224511;1042205.917;84.65346535;2736.0;41.8125;46.20833333;209.75;16.22807409;2.489586504;1.423588534;12.31489905;0.502106253;15.34123205;8.77238128;75.88638667;42.00059509;285.882843;78.97525024;15.92920354;31.74041298;26.54867257;15.81001952;35.26350033;23.8776838;;;;;;;;;;91.12148258;89.81722945;92.332291;69.2471586;91.90837609;1.0;HH
15;1558;Boyacá;Covarachía;15218;2016;2966;3.472690492;0.033715442;83.37828726;194;2350.0;104;1;0;0;0;0;88.52206109;36.74791731;93.8646789;837426.625;79.19757249;2349.0;50.85185185;50.44444444;248.8148148;25.71575532;5.936345501;3.129910071;16.64949974;0.867018048;23.08446875;12.1711769;64.74435435;42.00059509;285.882843;78.97525024;13.66580311;33.29015544;27.59067358;13.29113924;34.95077356;27.98874824;;;;;;;;;;86.42046239;84.67632385;87.928981;66.8631502;81.90620825;0.0;
15;1558;Boyacá;Covarachía;15218;2021;2854;4.292221444;0.490539594;80.51857043;199;2350.0;104;1;0;0;0;0;86.38826905;36.94612687;93.76124775;1311296.167;86.01962158;2455.0;53.82222366;53.26666641;258.1111145;54.72667281;29.01114536;4.453661734;21.26186572;1.917542845;53.0109796;8.13800932;38.85101108;42.00059509;285.882843;78.97525024;13.20754717;33.35579515;29.44743935;12.26277372;34.30656934;30.94890511;;;;;;;;;;86.7269059;85.03412892;88.2934007;86.5945406;83.46433241;0.0;
15;1540;Boyacá;Cubará;15223;2011;8809;1.847542286;;78.07923714;46;357.0;1166;1;0;0;0;0;81.58321888;39.5180422;112.0631116;860351.0;72.02860711;6345.0;42.05970149;39.94029851;201.8507463;58.29439032;2.916739865;8.867266757;46.5103837;0.661759454;5.003465768;15.21118363;79.7853506;78.78356171;355.3847656;107.9044495;17.55759338;33.59427421;10.51218967;18.85661595;33.95573997;9.520516367;;;;;;;;;;85.46780744;83.86535242;87.0408346;64.9506862;90.61813556;0.0;
15;1540;Boyacá;Cubará;15223;2016;9827;2.288762254;0.020352091;78.49801567;51;357.0;1166;1;0;0;0;0;81.05716336;40.40899306;129.4050343;892958.4167;68.26091381;6708.0;49.62121212;50.18181818;251.4090909;68.62214892;6.244647569;8.512103668;53.86539768;0.698302116;9.100046658;12.4043094;78.49564394;78.78356171;355.3847656;107.9044495;17.80349168;30.06496143;9.419407227;17.93511528;31.60579474;9.018567639;;;;;;;;;;76.88967111;74.81274678;78.9196864;59.4892169;83.55658252;3.0;LH
15;1540;Boyacá;Cubará;15223;2021;10944;3.839242203;0.557383041;77.66812865;56;357.0;1166;1;0;0;0;0;80.47988265;40.20326907;121.0938803;1122151.542;72.3501462;7918.0;47.45161438;50.5;231.0967712;92.23188703;6.109610649;7.705229044;78.41704734;0.842762126;6.624184809;8.354192126;85.02162307;78.78356171;355.3847656;107.9044495;17.52238261;31.82897862;10.25031975;17.29117163;32.80935844;10.03472857;;;;;;;;;;80.4362055;78.62644222;82.1050546;80.3134412;83.13494612;0.0;
15;1521;Boyacá;Cucaita;15224;2011;3580;3.298417132;;63.37988827;35;2634.0;43;1;0;0;0;0;70.34363269;39.90759457;87.73669973;993643.125;88.99441341;3186.0;47.17714286;49.275;229.5714286;36.22555269;11.39182703;5.516388381;19.31733728;1.011886947;31.44693782;15.22789294;53.32516924;9.300538063;148.7504425;148.7504425;17.03743896;36.46228974;16.60336408;17.15601612;36.96027634;17.44386874;;;;;;;;;;90.74497493;89.3047523;91.9969213;68.9610342;88.73077145;4.0;HL
15;1521;Boyacá;Cucaita;15224;2016;3728;3.632421316;0.026824034;61.40021459;40;2634.0;43;1;0;0;0;0;68.75848954;39.9076338;79.23497268;987405.0833;80.28433476;2993.0;49.85454545;50.6;253.1454545;61.18867317;24.92630851;7.334305122;28.92805954;1.64132707;40.73680179;11.98637712;47.27682108;9.300538063;148.7504425;148.7504425;18.05702218;37.59239704;17.687434;16.30316249;38.22246456;18.5387132;;;;;;;;;;85.28697053;83.64239621;86.8001955;65.9861723;84.7770119;0.0;
15;1521;Boyacá;Cucaita;15224;2021;3876;5.011609907;0.103199174;59.21052632;45;2634.0;43;1;0;0;0;0;66.959442;39.98966675;76.42570281;1277502.25;73.52941176;2850.0;50.37931061;49.41379166;242.379303;52.45849273;9.85094161;4.398838097;38.20871302;1.353418285;18.7785449;8.385368828;72.83608627;9.300538063;148.7504425;148.7504425;17.95523906;37.84333672;19.37945066;15.4973822;38.63874346;20.41884817;;;;;;;;;;81.46593625;79.64882701;83.2704565;81.3416004;82.6976467;4.0;HL
15;1580;Boyacá;Cuítiva;15226;2011;1858;3.332436311;;87.62109795;311;2750.0;43;1;0;0;0;0;91.43852663;38.37730214;101.8639329;726408.3333;75.08073197;1395.0;46.45625;46.7428125;220.1875;13.08328223;3.710918135;1.395392582;7.976971515;0.704159431;28.36381628;10.66546266;60.97072106;11.26099491;189.6541443;173.0882416;16.06557377;32.56830601;19.78142077;15.37645811;34.252386;23.0116649;;;;;;;;;;88.6786583;87.25801385;90.2425049;67.3907507;87.63420225;0.0;
15;1580;Boyacá;Cuítiva;15226;2016;1803;3.780735811;;86.07875763;316;2750.0;43;1;0;0;0;0;90.14227642;38.56707317;98.00380228;794013.8333;67.33222407;1214.0;52.25;54.625;267.1875;21.16463441;6.171458831;2.585756754;12.40741883;1.173856595;29.15929805;12.21734665;58.6233553;11.26099491;189.6541443;173.0882416;13.84790011;33.93870602;22.13393871;14.42516269;34.59869848;25.1626898;;;;;;;;;;79.66003068;77.67179434;81.6876489;61.6326325;;0.0;
15;1580;Boyacá;Cuítiva;15226;2021;1873;5.161060687;0.053390283;83.60918313;321;2750.0;43;1;0;0;0;0;88.35091083;38.87823586;95.16864175;908526.0;65.02936466;1218.0;53.6896553;55.72413635;261.5862122;26.26414535;8.208903059;2.151051019;15.90419127;1.402250152;31.25516917;8.190066686;60.55476415;11.26099491;189.6541443;173.0882416;13.00992282;34.72987872;24.3660419;13.45755694;34.88612836;27.95031056;;;;;;;;;;78.14297221;76.20863754;79.993044;78.0237079;76.97719282;0.0;
15;1521;Boyacá;Chíquiza;15232;2011;4656;2.482459908;;94.09364261;35;2600.0;117;1;0;0;0;0;95.96855473;35.83954848;89.08647141;1249877.0;114.604811;5336.0;38.69491525;41.77966102;203.2881356;58.18256705;27.28246926;5.709278315;25.19081947;1.249625581;46.8911405;9.812695804;43.2961637;15.45639038;158.3954773;158.3954773;18.18933444;36.66804465;15.41959487;18.05990165;36.20920876;14.9754135;;;;;;;;;;96.05575623;95.16050467;96.8650843;72.9969267;92.4408316;0.0;
15;1521;Boyacá;Chíquiza;15232;2016;4638;2.607086388;0.021561018;93.18671841;40;2600.0;117;1;0;0;0;0;95.39269051;35.96423017;86.41456583;1255262.167;94.50194049;4383.0;48.91666667;48.13333333;244.8;91.34534329;52.84840584;11.14138443;27.35555301;1.969498562;57.8556103;12.19699224;29.94739746;15.45639038;158.3954773;158.3954773;15.04424779;36.74673409;20.8596713;14.79028698;37.35099338;21.45695364;;;;;;;;;;90.32504097;88.94866513;91.6219117;69.8841063;86.274529;0.0;
15;1521;Boyacá;Chíquiza;15232;2021;4853;2.864207707;0.020605811;91.8194931;45;2600.0;117;1;0;0;0;0;94.41279177;35.63683146;83.48288468;1869942.833;83.98928498;4076.0;47.79999924;49.8571434;237.3428497;76.88128214;31.31691017;6.290788661;39.27358331;1.584201157;40.73411538;8.182471059;51.08341356;15.45639038;158.3954773;158.3954773;14.89191353;37.22978383;22.57806245;14.14012739;36.73036093;23.82165605;;;;;;;;;;87.15885622;85.6124353;88.9388463;87.0258316;86.87997685;0.0;
15;1562;Boyacá;Chivor;15236;2011;2781;2.606975908;;70.08270406;21;1850.0;111;1;0;0;0;0;77.0767613;36.69821241;81.4793578;999270.6667;64.43725279;1792.0;47.62068966;47.44827586;223.2758621;15.47685369;1.784866772;2.154986049;11.53700087;0.556521168;11.53249109;13.92392855;74.54358036;69.80436707;104.6180344;89.04210663;15.03659348;39.05522289;21.75648703;14.71048513;36.85446009;23.39593114;;;;;;;;;;87.77729587;86.31210682;89.1416051;66.7057664;89.56151777;0.0;
15;1562;Boyacá;Chivor;15236;2016;2527;3.241656774;0.158290463;71.3494262;26;1850.0;111;1;0;0;0;0;78.50396675;36.64525878;85.68665377;1261364.958;57.41986545;1451.0;48.14285714;46.85714286;235.75;21.34045615;2.461957303;2.626557121;16.25194172;0.844497671;11.536573;12.30787713;76.15554987;69.80436707;104.6180344;89.04210663;13.2020423;37.92851933;24.50765864;15.57093426;35.46712803;26.03806228;;;;;;;;;;81.37602108;79.42809662;83.1160086;62.9602871;78.71716784;0.0;
15;1562;Boyacá;Chivor;15236;2021;2572;5.180793157;0.155520995;71.85069984;31;1850.0;111;1;0;0;0;0;78.68020305;36.3306744;82.23062382;958186.1667;58.51477449;1505.0;49.57894897;47.42105103;234.0;27.90023538;2.276666679;2.31841104;23.30515766;1.084768094;8.16002678;8.309646885;83.53032633;69.80436707;104.6180344;89.04210663;12.62553802;38.23529412;27.54662841;14.68590832;35.05942275;29.11714771;;;;;;;;;;78.96707361;77.06052222;80.9119047;78.8465516;79.10287217;0.0;
15;1589;Boyacá;Duitama;15238;2011;110498;16.64404182;;12.87353617;221;2532.0;229;1;0;0;0;0;17.32661311;51.22696488;65.91780676;533883.3333;36.42871364;40253.0;49.70301813;51.13317981;239.1700147;1185.829616;14.55040106;321.420563;849.8586521;1.073168398;1.227022909;27.1051219;71.66785519;0.0;207.7173004;138.17659;17.87599071;40.77222745;15.3869773;16.77713268;44.07679529;17.35087088;838.0;143147.0;253.0;44618.0;367.0;63255.0;68.9373297;70.53671647;0.05915229;70.32005934;67.11976716;73.6017789;53.4392568;65.91378697;0.0;
15;1589;Boyacá;Duitama;15238;2016;118852;19.75650389;2.052132063;12.30606132;226;2532.0;229;1;0;0;0;0;16.72072003;50.77529793;62.03092921;685696.25;34.62878201;41157.0;57.3196347;57.95383054;286.3221715;1923.500829;28.52760185;466.5828728;1428.390354;1.618400051;1.483108373;24.2569624;74.25992923;0.0;207.7173004;138.17659;18.0094116;40.87853377;17.15139936;16.28373392;43.67519173;20.07990245;670.0;1894324.0;149.0;25413.0;290.0;48725.0;51.37931;52.15598;0.098770927;52.19612454;48.79076402;56.0416038;40.3839232;53.94819338;0.0;
15;1589;Boyacá;Duitama;15238;2021;128898;21.41150367;2.838678645;11.20265636;231;2532.0;229;1;0;0;0;0;15.31391688;50.74762995;59.93247234;905965.75;35.37758538;45601.0;57.98452377;57.15528107;278.1216736;2546.950462;26.73216078;512.1898737;2008.028427;1.975942576;1.049575215;20.10992681;78.84049797;0.0;207.7173004;138.17659;17.58239969;41.52553413;18.69463262;15.46747666;43.56793599;22.15291154;641.0;1907662.0;110.0;149626.0;229.0;341760.0;48.03493;43.78102;0.129960442;44.06296759;40.26011728;47.4631968;43.9957173;47.1552311;0.0;
15;1540;Boyacá;El Cocuy;15244;2011;4812;4.580562483;;52.93017456;286;2700.0;191;1;0;0;0;0;59.67567568;42.96216216;86.69125042;583668.8333;86.72069825;4173.0;44.19354839;45.98924731;219.2150538;40.99390071;6.774122067;7.802784766;26.41699387;0.851909823;16.52470721;19.03401392;64.44127887;83.79241943;293.410675;118.3483429;16.48079306;33.91160677;20.19826518;16.22751987;38.43580092;20.99539941;122.0;13085.0;48.0;5052.0;54.0;5722.0;88.88888889;88.29080741;0.210593734;88.1748398;82.34807515;93.0767606;67.0078772;88.0986316;0.0;
15;1540;Boyacá;El Cocuy;15244;2016;4374;5.61080628;0.228623685;50.13717421;291;2700.0;191;1;0;0;0;0;55.82822086;42.82208589;89.82482296;865683.625;78.94375857;3453.0;52.31343284;55.11940299;268.7313433;49.29188165;9.652587052;6.167313891;33.4719807;1.126929164;19.58250878;12.51182484;67.90566638;83.79241943;293.410675;118.3483429;15.31933899;33.76507369;20.32157213;14.42622951;39.57845433;20.98360656;104.0;176838.0;45.0;6816.0;50.0;7492.0;90.0;90.97704;0.296261371;88.61831042;83.1685902;93.3400003;68.563616;87.85266918;0.0;
15;1540;Boyacá;El Cocuy;15244;2021;4298;13.70404839;0.209399721;45.97487203;296;2700.0;191;1;0;0;0;0;51.91216383;43.02985443;86.32768362;942772.5;75.33736622;3238.0;54.75925827;55.0;262.944458;56.56322822;8.271091855;4.840939442;43.45119692;1.316036022;14.62273657;8.558456784;76.81880665;83.79241943;293.410675;118.3483429;15.10204082;34.28571429;22.58503401;13.8079312;39.27376971;23.98471094;77.0;213764.0;22.0;49742.0;27.0;65609.0;81.48148;75.81582;0.596051197;76.07630836;68.25302375;83.0481344;75.9601983;76.18019562;0.0;
15;1540;Boyacá;El Espino;15248;2011;3317;2.710782836;;60.1748568;219;2128.0;70;1;0;0;0;0;68.03327392;36.6607249;73.84183435;929393.0;75.24871872;2496.0;39.97029703;41.32673267;204.3861386;22.59348152;1.766119438;4.306246495;16.52111559;0.681142042;7.816942403;19.05968538;73.12337222;69.8221283;297.9431152;99.69658661;26.02150538;33.49462366;20.37634409;14.75634866;35.82704187;27.38503775;;;;;;;;;;90.57225037;89.20102785;91.7338149;68.8297733;89.31916024;0.0;
15;1540;Boyacá;El Espino;15248;2016;3079;4.333116813;;56.90159143;224;2128.0;70;1;0;0;0;0;65.25689223;39.7556391;79.66804979;690670.0;62.87755765;1936.0;48.97368421;51.15789474;246.4736842;29.57793181;4.131746592;3.699279803;21.74690541;0.960634356;13.96901791;12.50689138;73.52409071;69.8221283;297.9431152;99.69658661;19.43925234;33.45794393;24.48598131;14.11126187;37.31343284;29.03663501;;;;;;;;;;80.64195239;78.62144892;82.2938257;62.3923412;;0.0;
15;1540;Boyacá;El Espino;15248;2021;3141;5.253104107;0.127347978;54.40942375;229;2128.0;70;1;0;0;0;0;63.57078449;40.48692516;76.58067779;968884.2083;58.834766;1848.0;49.94871902;49.28205109;239.1025696;35.39167424;6.128801215;3.002695575;26.26017745;1.126764541;17.3170706;8.484186293;74.19874311;69.8221283;297.9431152;99.69658661;19.3081761;33.58490566;26.41509434;13.08833011;36.81495809;31.65699549;;;;;;;;;;76.24452093;74.16174243;78.2598575;76.1281541;80.01385975;0.0;
15;1580;Boyacá;Firavitoba;15272;2011;6324;3.030782205;;63.0455408;293;2500.0;108;1;0;0;0;0;71.35707978;41.86046512;81.86925434;604442.1667;59.80392157;3782.0;42.86468085;45.53680851;219.2659574;51.01746232;4.398203246;13.91660339;32.70265568;0.806727741;8.620976124;27.27811765;64.10090622;11.88696766;191.2150726;166.4550629;15.72996342;36.28200865;23.17924842;14.19957793;38.76997287;26.28881519;130.0;12681.0;36.0;3144.0;46.0;4363.0;78.26086957;72.06050882;0.576177053;73.90695713;67.208848;81.0244571;56.1650956;80.93180582;2.0;LL
15;1580;Boyacá;Firavitoba;15272;2016;6523;3.964178037;0.076651847;62.85451479;298;2500.0;108;1;0;0;0;0;71.30372493;40.68767908;79.81290005;743453.2083;50.95814809;3324.0;52.94545455;52.81818182;264.9636364;63.41490554;8.97489318;15.72147067;38.71854169;0.972173931;14.1526556;24.7914438;61.0559006;11.88696766;191.2150726;166.4550629;15.83939298;36.23142586;24.66013279;13.51190476;37.29166667;28.27380952;107.0;211605.0;34.0;2447.0;45.0;3284.0;75.55556;74.51279;0.495678838;74.16949934;66.94956068;81.2445611;57.3846314;75.62329476;2.0;LL
15;1580;Boyacá;Firavitoba;15272;2021;6961;5.640951971;0.086194512;62.03131734;303;2500.0;108;1;0;0;0;0;70.62176853;40.302267;78.64391144;925502.8333;44.79241488;3118.0;52.5686264;53.45098114;256.5490112;82.80448821;12.8829174;20.05933673;49.86223408;1.189548746;15.55823564;24.22493897;60.21682539;11.88696766;191.2150726;166.4550629;15.40041068;36.52097389;26.34203579;12.61261261;36.93693694;31.05292793;107.0;217310.0;17.0;34752.0;38.0;79315.0;44.73684;43.81517;0.70462944;48.76310065;41.36748019;57.2517145;48.6886769;51.81582287;2.0;LL
15;1589;Boyacá;Floresta;15276;2011;3480;2.923850575;;68.47701149;193;2500.0;92;1;0;0;0;0;76.79916862;41.25746947;86.0807601;1168391.667;77.61494253;2701.0;44.16666667;48.27083333;224.6041667;23.04383144;1.545490056;5.444662297;16.05367909;0.662179064;6.706740847;23.62741765;69.6658415;15.12415314;213.3500977;143.6752167;15.55826724;34.10616229;25.44234289;14.34003259;35.74144487;29.82074959;;;;;;;;;;87.08864025;85.5255298;88.6199963;66.1824272;86.03336428;4.0;HL
15;1589;Boyacá;Floresta;15276;2016;3350;2.870646766;;66.3880597;198;2500.0;92;1;0;0;0;0;74.98656636;41.21440086;85.62904028;1250237.375;73.2238806;2453.0;52.65714286;54.85714286;270.9142857;27.99160528;2.829399506;3.541168271;21.6210375;0.835570307;10.10802874;12.6508224;77.24114886;15.12415314;213.3500977;143.6752167;16.50732951;34.92670491;25.74888464;13.36327906;33.35204941;33.85738349;;;;;;;;;;82.86367859;81.17550674;84.673051;64.1112815;;4.0;HL
15;1589;Boyacá;Floresta;15276;2021;3362;4.513682332;0.0594884;62.04640095;203;2500.0;92;1;0;0;0;0;71.3368984;41.20320856;83.23442136;1277896.0;71.74301011;2412.0;52.5;50.58333206;248.972229;34.70542897;3.827104282;3.018342382;27.85998231;1.032285216;11.02739368;8.697032341;80.27557398;15.12415314;213.3500977;143.6752167;15.72327044;35.66037736;28.42767296;12.75395034;32.78781038;36.34311512;;;;;;;;;;79.67061032;77.73211126;81.5373296;79.5490145;80.7405252;4.0;HL
15;1567;Boyacá;Gachantivá;15293;2011;2896;3.004143646;;82.94198895;217;2450.0;88;1;0;0;0;0;87.05386113;37.50811162;96.57412877;1249877.0;93.05939227;2695.0;38.8;43.925;211.8;24.37861664;2.859880257;7.096237382;14.422499;0.841803061;11.73110148;29.10844978;59.16044874;31.15156555;163.5045929;163.5045929;13.72155288;34.67202142;24.29718876;15.04992867;33.80884451;25.60627675;;;;;;;;;;91.11769035;89.78935657;92.2729576;69.2442767;92.07372731;0.0;
15;1567;Boyacá;Gachantivá;15293;2016;2794;3.671558101;0.214745884;80.78024338;222;2450.0;88;1;0;0;0;0;85.55555556;36.76767677;94.18181818;1221991.667;81.81818182;2286.0;48.58333333;50.83333333;246.4444444;29.13565229;5.223942717;3.736351684;20.17535789;1.042793568;17.92972632;12.82398502;69.24628866;31.15156555;163.5045929;163.5045929;12.89884589;37.13509844;23.55736592;14.00454201;35.35200606;25.81377744;;;;;;;;;;87.088951;85.66354673;88.5959482;67.3803571;81.5882275;0.0;
15;1567;Boyacá;Gachantivá;15293;2021;2857;5.425271264;0.0700035;78.64893245;227;2450.0;88;1;0;0;0;0;84.11003236;36.66666667;89.90610329;1253916.5;77.91389569;2226.0;47.97058868;49.26470566;233.2352905;44.33389774;13.13700021;3.897704175;27.29919335;1.551764009;29.63195407;8.791702002;61.57634393;31.15156555;163.5045929;163.5045929;12.8;38.06666667;25.2;13.04347826;35.4458364;28.22402358;;;;;;;;;;84.28903431;82.32266194;85.7784709;84.1603897;82.40170237;0.0;
15;1580;Boyacá;Gámeza;15296;2011;4948;5.424750741;;73.03961196;235;2750.0;117;1;0;0;0;0;78.7836767;39.54041204;93.54404842;533883.3333;67.68391269;3349.0;42.23728814;45.30508475;214.8983051;41.25785647;16.56864482;4.050665468;20.63854619;0.833828951;40.15876305;9.817925153;50.0233118;21.97384834;222.7653656;155.6252594;17.38085703;34.00080096;18.06167401;16.36066911;36.14851081;20.76703386;;;;;;;;;;86.1026858;84.7548719;87.5975999;65.4331577;85.90815704;0.0;
15;1580;Boyacá;Gámeza;15296;2016;4841;5.091923156;;73.08407354;240;2750.0;117;1;0;0;0;0;78.69689542;39.07271242;93.52839931;686213.3333;64.32555257;3114.0;52.67272727;55.38181818;268.4181818;58.14704418;23.69001744;5.759841726;28.69718502;1.201137042;40.74156782;9.905648355;49.35278383;21.97384834;222.7653656;155.6252594;15.36595228;35.82693085;18.76263647;14.69594595;35.72635135;22.97297297;;;;;;;;;;79.2057637;77.38665989;81.2281164;61.281168;;0.0;
15;1580;Boyacá;Gámeza;15296;2021;5028;6.488663484;0.139220366;71.49960223;245;2750.0;117;1;0;0;0;0;77.37495153;38.98797984;90.29605263;906337.6667;59.10898966;2972.0;48.69491577;49.25423813;234.6101685;56.14545119;15.33585709;4.073899706;36.73569439;1.116655752;27.31451394;7.255974652;65.42951141;21.97384834;222.7653656;155.6252594;14.78599222;36.26459144;20.93385214;13.79170057;35.59804719;25.50854353;;;;;;;;;;76.37611635;74.41541957;78.441356;76.2595487;74.82414999;2.0;LL
15;1554;Boyacá;Garagoa;15299;2011;16906;6.236444655;;32.21933042;257;1675.0;210;1;0;0;0;0;42.06843913;46.6670907;84.64426687;533883.3333;58.39938483;9873.0;45.11746988;46.08433735;219.5301205;122.1110931;9.549838229;21.61596744;90.94528747;0.722294411;7.820614806;17.70188677;74.47749843;49.51817703;123.891716;113.464386;14.92240844;35.38175047;23.31471136;14.38255564;37.56637668;25.11580612;;;;;;;;;;79.8601674;77.98934439;81.5001685;60.6891978;79.36210409;0.0;
15;1554;Boyacá;Garagoa;15299;2016;17504;7.983413315;0.874085923;31.03861974;262;1675.0;210;1;0;0;0;0;39.70543669;46.86950724;80.33299604;685696.25;48.41179159;8474.0;56.18686869;57.67676768;283.2272727;163.5539677;18.66765258;20.36683343;124.5194817;0.934380529;11.41375709;12.45266851;76.1335744;49.51817703;123.891716;113.464386;14.37634666;36.05458463;25.97558056;13.59562842;37.51912568;28.43715847;;;;;;;;;;67.77685825;65.38652599;69.8958244;52.4386717;70.38661681;0.0;
15;1554;Boyacá;Garagoa;15299;2021;18793;7.984799305;1.803863141;29.45777683;267;1675.0;210;1;0;0;0;0;38.12632519;47.0315813;78.68276807;905965.75;46.65566966;8768.0;53.86826324;53.85628891;260.0598755;199.5422198;17.56038967;16.82098557;165.1608445;1.061790133;8.800337937;8.429787734;82.76987433;49.51817703;123.891716;113.464386;14.0382251;36.3809098;27.89761931;12.77676214;37.16229941;31.06845419;;;;;;;;;;65.90695503;63.28868348;68.1114859;65.8063658;66.76955449;0.0;
15;1540;Boyacá;Guacamayas;15317;2011;2069;2.618011922;;72.88545191;248;2195.0;59;1;0;0;0;0;78.75392201;40.07171672;99.14602904;1135187.25;65.29724505;1351.0;43.33333333;47.77777778;225.4444444;11.2711789;0.711871431;1.833253017;8.726054455;0.544764568;6.315856014;16.26496246;77.41918153;68.88091278;294.3552246;101.2221298;14.61232604;28.72763419;32.30616302;15.23988711;32.36124177;28.97460019;;;;;;;;;;85.1798346;83.35419539;86.7633976;64.7318431;86.80379444;0.0;
15;1540;Boyacá;Guacamayas;15317;2016;1899;3.234158329;;67.82517114;253;2195.0;59;1;0;0;0;0;73.71631927;41.17946111;103.9289055;919121.4167;61.13744076;1161.0;51.32;50.28;254.36;15.60676786;1.559557063;1.929461568;12.11774923;0.821841383;9.992825401;12.36297986;77.64419474;68.88091278;294.3552246;101.2221298;13.90086207;30.06465517;27.47844828;15.96292482;32.4407827;28.11534501;;;;;;;;;;76.83753469;74.92114889;78.7542181;59.4488791;;0.0;
15;1540;Boyacá;Guacamayas;15317;2021;1907;6.20520888;0.10487677;64.97115889;258;2195.0;59;1;0;0;0;0;71.63437655;40.73522106;100.7428041;920685.0833;60.09438909;1146.0;56.65000153;53.90000153;269.25;22.45133033;5.331316998;1.878213537;15.2417998;1.177311501;23.74610733;8.365711561;67.88818111;68.88091278;294.3552246;101.2221298;12.81779661;30.93220339;30.61440678;14.33021807;32.81412253;31.98338525;;;;;;;;;;75.45448587;73.57341151;77.4506732;75.3393249;74.94315183;0.0;
15;1562;Boyacá;Guateque;15322;2011;10448;6.908818275;;29.63246554;257;1810.0;37;1;0;0;0;0;38.22181485;47.27568999;75.94841805;533883.3333;57.80053599;6039.0;44.37773196;45.53469072;215.5;120.5163986;26.40193578;19.96658049;74.14788233;1.153487735;21.90733882;16.5675217;61.52513948;49.23789215;103.0545349;103.0545349;15.65900846;37.92825474;22.28939944;13.99927087;39.44586219;25.6288735;;;;;;;;;;79.19620771;77.16375946;81.1047302;60.1846261;77.01255891;0.0;
15;1562;Boyacá;Guateque;15322;2016;10599;8.522816618;0.528351731;28.69138598;262;1810.0;37;1;0;0;0;0;37.64879488;46.65027054;71.64835165;685696.25;43.09840551;4568.0;53.45251397;53.23463687;264.0949721;141.3269549;31.12682389;17.5810228;92.61910816;1.333398951;22.02469014;12.43996435;65.53534551;49.23789215;103.0545349;103.0545349;14.52347929;38.91420646;25.97582722;12.66210375;38.63472622;29.30475504;;;;;;;;;;66.38481836;64.09438919;68.5911828;51.3616562;67.38774805;0.0;
15;1562;Boyacá;Guateque;15322;2021;11161;11.63276887;1.245408118;28.38455336;267;1810.0;37;1;0;0;0;0;37.43674671;46.71082896;70.62351792;907815.5;44.52110026;4969.0;52.70588303;52.18487549;252.4117584;168.8295442;32.46050544;14.2599425;122.1090963;1.512673992;19.22679208;8.446354908;72.32685301;49.23789215;103.0545349;103.0545349;14.03177005;39.0128593;28.1580938;11.79976162;38.05550826;32.18116806;;;;;;;;;;63.734924;61.64302048;65.848808;63.6376498;65.52933572;0.0;
15;1562;Boyacá;Guayatá;15325;2011;4107;3.45548251;;73.36255174;191;1700.0;81;1;0;0;0;0;80.64110622;36.62266918;82.57142857;852985.25;79.71755539;3274.0;45.23404255;45.38297872;216.1276596;47.49855043;17.54771724;7.05418175;22.89665143;1.156526672;36.94369004;14.85136217;48.20494779;55.5168457;95.65920258;93.67047882;11.11630079;35.17048108;37.73937412;10.42726348;35.50356053;37.99593082;;;;;;;;;;91.59722782;90.35526646;92.7330451;69.608698;88.70330465;0.0;
15;1562;Boyacá;Guayatá;15325;2016;3639;3.702940368;;69.66199505;196;1700.0;81;1;0;0;0;0;77.38209817;38.20981713;94.77539063;1088779.375;71.11843913;2588.0;53.57692308;55.76923077;273.2307692;54.74822857;22.64136783;6.645795219;25.46106552;1.504485534;41.35543455;12.13883151;46.50573394;55.5168457;95.65920258;93.67047882;10.98961181;33.02351011;37.94423182;8.839779006;31.7679558;41.93370166;;;;;;;;;;84.3342546;82.64358542;85.7607473;65.24906;;0.0;
15;1562;Boyacá;Guayatá;15325;2021;3425;5.180048662;0.467153285;65.75182482;201;1700.0;81;1;0;0;0;0;74.23625255;38.79837067;93.60374415;1171553.375;66.94890511;2293.0;49.30769348;49.15384674;236.7307739;57.00883788;19.76617893;4.830465188;32.41219376;1.664491617;34.67213097;8.473186558;56.85468247;55.5168457;95.65920258;93.67047882;10.66822978;33.00117233;39.97655334;7.969749855;31.12274578;44.85165794;;;;;;;;;;79.81581855;77.97661796;81.6702085;79.6940011;80.41459051;0.0;
15;1540;Boyacá;Güicán de La Sierra;15332;2011;4605;4.987332609;;70.09771987;212;2880.0;917;1;0;0;0;0;74.18410984;41.05334234;99.92576095;560000.0;86.71009772;3993.0;40.47619048;40.64285714;200.7261905;27.91301262;2.445878335;3.654767447;21.81236684;0.606145768;8.762502165;13.0934181;78.14407973;95.506073;318.5804443;116.2155304;17.32040546;33.01013662;17.18818863;17.6369863;33.51883562;18.9640411;217.0;23635.0;83.0;8860.0;92.0;9798.0;90.2173913;90.42661768;0.096179295;90.21120382;86.41913611;93.4693684;68.5553984;89.01429108;0.0;
15;1540;Boyacá;Güicán de La Sierra;15332;2016;4313;4.169564881;0.023185718;69.34848134;217;2880.0;917;1;0;0;0;0;73.40998043;40.50880626;103.253012;691596.7083;84.975655;3665.0;48.96078431;47.70588235;241.5294118;41.30077157;4.378201539;6.775858595;30.14671143;0.957588026;10.60077421;16.40613078;72.99309502;95.506073;318.5804443;116.2155304;17.16383662;33.04268013;17.16383662;14.94845361;34.53608247;19.96251172;167.0;350858.0;59.0;9509.0;69.0;11043.0;85.50725;86.10885;0.218016235;85.79916011;80.71130399;89.8723778;66.3824512;85.3066772;0.0;
15;1540;Boyacá;Güicán de La Sierra;15332;2021;4402;5.588368923;0.113584734;67.71921854;222;2880.0;917;1;0;0;0;0;72.13883677;40.36116323;98.67755737;1088259.5;82.84870513;3647.0;52.63158035;50.89473724;247.4473724;49.16302341;6.288873682;6.479934667;36.39421506;1.116833789;12.7918774;13.18050481;74.02761778;95.506073;318.5804443;116.2155304;16.79389313;33.857207;19.2635833;14.43678161;34.52873563;22.62068966;139.0;377902.0;44.0;28525.0;50.0;31551.0;88.0;90.40918;0.131624611;89.34425658;84.44284835;93.7052567;89.2078966;88.22088474;0.0;
15;1580;Boyacá;Iza;15362;2011;1892;5.263389711;;45.77167019;232;2500.0;34;1;0;0;0;0;54.69168901;44.12868633;76.05284889;543144.3333;63.53065539;1202.0;44.8125;46.28125;223.34375;17.4764402;2.085437602;4.527365198;10.8636374;0.923701913;11.93285119;25.90553423;62.16161458;9.873702049;191.2033081;170.1352386;16.06160616;38.17381738;21.23212321;16.27670397;38.65717192;22.38046796;;;;;;;;;;81.80079017;80.2262076;83.5236621;62.163961;82.27344991;0.0;
15;1580;Boyacá;Iza;15362;2016;1920;6.284722222;0.15625;41.51041667;237;2500.0;34;1;0;0;0;0;49.11111111;44.77777778;78.55402112;703577.9583;54.21875;1041.0;58.2;59.73333333;289.6;22.06756109;2.744958959;2.667355725;16.65524641;1.14935214;12.43888687;12.08722484;75.47388829;9.873702049;191.2033081;170.1352386;15.61181435;35.97046414;20.56962025;14.81481481;41.04938272;21.81069959;;;;;;;;;;70.49730841;68.2450639;72.5585407;54.5434726;71.70810619;0.0;
15;1580;Boyacá;Iza;15362;2021;2032;9.616961942;0.098425197;39.02559055;242;2500.0;34;1;0;0;0;0;46.51041667;44.79166667;76.9348659;905965.75;52.55905512;1068.0;55.0;57.0;266.0499878;29.58068531;5.002014232;2.334364111;22.24430697;1.455742387;16.90973072;7.891514637;75.19875464;9.873702049;191.2033081;170.1352386;15.13353116;36.39960435;22.35410485;13.80999021;41.03819785;24.38785504;;;;;;;;;;69.14398056;66.94603692;71.4130711;69.0384508;69.90697606;0.0;
15;1549;Boyacá;Jenesano;15367;2011;6943;3.400307264;;77.56013251;182;2075.0;53;1;0;0;0;0;83.5924933;39.02144772;89.11222781;866162.7083;78.75558116;5468.0;44.58333333;46.38095238;222.1785714;52.72064165;12.65008856;6.146758191;33.9237949;0.759335181;23.99456487;11.65911112;64.34632401;16.50484848;140.7355957;140.7355957;14.21842802;36.97380041;22.34324404;14.26959955;35.44839255;24.33728144;;;;;;;;;;89.56794162;88.01751202;90.9911052;68.0665556;90.31574568;0.0;
15;1549;Boyacá;Jenesano;15367;2016;7013;3.393697419;0.342221588;76.45800656;187;2075.0;53;1;0;0;0;0;82.82427608;38.87346291;89.56397427;926939.3333;70.42635106;4939.0;50.81481481;53.51851852;263.5061728;84.6214613;23.99889713;10.36325312;50.25931105;1.206637121;28.36029627;12.24660146;59.39310227;16.50484848;140.7355957;140.7355957;14.31480943;36.04887984;23.85801571;13.42281879;35.17897092;26.09060403;;;;;;;;;;82.097848;80.31649057;83.8227743;63.5187615;78.9706911;0.0;
15;1549;Boyacá;Jenesano;15367;2021;7508;4.160007104;0.572722429;74.82685136;192;2075.0;53;1;0;0;0;0;81.60331384;38.65740741;86.89395617;912086.2917;67.38145978;5059.0;53.24637604;51.92753601;254.072464;152.8658024;63.81559124;12.52229974;76.52791145;2.036038924;41.74615265;8.191694639;50.06215271;16.50484848;140.7355957;140.7355957;14.03081914;36.5233847;25.73668559;12.60173274;34.73352586;28.90522447;;;;;;;;;;80.01048105;78.09994823;81.8781433;79.8883665;80.37578129;0.0;
15;1593;Boyacá;Jericó;15368;2011;4170;6.472821743;;74.62829736;290;3100.0;117;1;0;0;0;0;81.22401848;38.08314088;94.51219512;533950.0;80.16786571;3343.0;39.64102564;42.8974359;200.4615385;33.99629641;12.21724588;2.749348395;19.02970213;0.815258907;35.9369907;8.087199741;55.97580956;60.29560471;263.2884216;124.4427948;16.8071161;33.47378277;22.65917603;15.88003933;33.87413963;23.00884956;;;;;;;;;;89.57299405;88.16794975;90.8372497;68.0703952;77.88398456;0.0;
15;1593;Boyacá;Jericó;15368;2016;4058;3.714884179;0.049285362;71.61163135;295;3100.0;117;1;0;0;0;0;79.14374552;38.02917962;89.35562806;720675.4167;69.76343026;2831.0;45.78431373;43.78431373;224.4117647;45.24436681;13.92449547;5.147586404;26.17228494;1.114942504;30.77619703;11.37729792;57.84650506;60.29560471;263.2884216;124.4427948;15.43239369;36.69374104;21.45246058;15.01272265;36.08142494;22.49363868;;;;;;;;;;82.94310423;80.92524431;84.529521;64.1727328;77.44105403;0.0;
15;1593;Boyacá;Jericó;15368;2021;4032;11.98743386;0.27281746;67.01388889;300;3100.0;117;1;0;0;0;0;75.44492544;38.11928812;88.65979381;905965.75;67.95634921;2740.0;45.68181992;42.79545593;216.0227203;55.43636902;13.18823479;4.256674739;37.9914595;1.374909946;23.78986037;7.678487632;68.53165199;60.29560471;263.2884216;124.4427948;14.88038278;37.1291866;23.3492823;14.21215242;36.09680742;24.5623069;;;;;;;;;;78.01531571;75.92593419;79.9122188;77.8962463;69.73995611;0.0;
15;1542;Boyacá;Labranzagrande;15377;2011;3818;2.32888074;;72.78679937;257;1100.0;686;1;0;0;0;0;77.89020997;36.73159626;81.09348915;1249877.0;93.76636983;3580.0;47.16129032;47.96774194;227.4516129;25.50929609;3.427331804;2.994921856;19.08704243;0.668132428;13.43561889;11.74051156;74.82386955;37.34233475;215.8141174;188.5592651;16.04095563;38.17649927;21.89176012;14.37464629;35.71024335;23.93887946;;;;;;;;;;94.82696147;93.68070449;95.667172;72.0631124;93.17494614;0.0;
15;1542;Boyacá;Labranzagrande;15377;2016;3625;2.92183908;0.110344828;69.82068966;262;1100.0;686;1;0;0;0;0;76.45822386;35.9169732;74.75183427;1345959.667;75.50344828;2737.0;49.025;49.65;250.5;37.0771213;9.06513958;4.543099955;23.46888176;1.022817139;24.44941587;12.25310865;63.29747548;37.34233475;215.8141174;188.5592651;13.70070779;40.44489383;25.58139535;13.72191864;35.03339405;28.35458409;;;;;;;;;;89.32803534;87.67128479;90.8713965;69.1127272;84.20396886;0.0;
15;1542;Boyacá;Labranzagrande;15377;2021;3615;4.681881051;0.055325035;65.44951591;267;1100.0;686;1;0;0;0;0;72.85528031;36.50586701;72.01894102;1385090.625;67.82849239;2452.0;48.42856979;47.95238113;230.8571472;46.96497654;15.53888141;3.862890647;27.56320448;1.299169475;33.08610491;8.225045411;58.68884967;37.34233475;215.8141174;188.5592651;13.86189258;40.25575448;27.51918159;13.19277108;35.18072289;30.54216867;;;;;;;;;;82.42247779;80.3672584;84.2343184;82.296682;84.5548192;0.0;
15;1562;Boyacá;La Capilla;15380;2011;2851;3.048637905;;66.67835847;218;1975.0;54;1;0;0;0;0;74.95145631;39.48220065;92.46534057;610884.25;81.86601193;2334.0;39.31578947;46.18421053;205.5;24.34528118;6.468685139;4.820749604;13.05584644;0.853920771;26.5705912;19.80157702;53.62783178;44.96276093;111.7936554;111.7936554;11.84302733;35.0385424;30.55360897;11.44662921;35.53370787;32.09269663;88.0;13633.0;42.0;5309.0;47.0;6473.0;89.36170213;82.01761162;0.612146361;84.01047458;76.61565064;89.3938722;63.8431959;88.53742441;0.0;
15;1562;Boyacá;La Capilla;15380;2016;2674;4.911493393;;63.12640239;223;1975.0;54;1;0;0;0;0;71.22327375;39.71258325;97.03947368;963451.9167;72.43829469;1937.0;54.11111111;56.0;279.1111111;38.92094953;16.58280329;4.835110691;17.50303554;1.455532892;42.60636879;12.42290013;44.97073108;44.96276093;111.7936554;111.7936554;12.59204713;31.36966127;33.65243004;11.32218845;34.19452888;34.57446809;47.0;126203.0;22.0;4213.0;24.0;4686.0;91.66666;89.90611;0.487269321;86.66930081;78.37628541;92.9179002;67.0556755;;0.0;
15;1562;Boyacá;La Capilla;15380;2021;2757;5.64321122;0.036271309;60.57308669;228;1975.0;54;1;0;0;0;0;69.07251265;39.79763912;94.78371501;1041249.583;64.8531012;1788.0;45.72727203;47.59090805;229.0;50.64560918;23.54742735;4.285625007;22.81255682;1.83698256;46.49450907;8.46198728;45.04350365;44.96276093;111.7936554;111.7936554;11.84867951;32.33404711;35.33190578;10.39823009;33.99705015;37.16814159;79.0;159350.0;34.0;120563.0;34.0;120563.0;100.0;100.0;;78.38934645;76.35773792;80.5474363;78.2697062;78.67853839;0.0;
15;1560;Boyacá;La Victoria;15401;2011;1378;3.694968553;;73.51233672;46;1400.0;111;1;0;0;0;0;79.16366258;36.55371305;88.54415274;995191.2917;91.29172714;1258.0;45.14285714;45.85714286;222.2380952;8.094228505;0.678963844;1.275181088;6.140083572;0.587389587;8.388246565;15.75420174;75.85755169;47.51330566;124.2717972;124.2717972;13.93442623;38.52459016;21.31147541;13.00309598;34.05572755;23.374613;;;;;;;;;;93.33494065;91.97326847;94.3906952;70.9292612;85.64115314;0.0;
15;1560;Boyacá;La Victoria;15401;2016;1178;4.605263158;;66.04414261;51;1400.0;111;1;0;0;0;0;72.24025974;38.87987013;69.51530612;1009809.0;80.475382;948.0;46.15384615;45.0;236.8461538;22.59163188;3.118902721;2.773111669;16.69961749;1.917795576;13.80556631;12.27495067;73.91948302;47.51330566;124.2717972;124.2717972;15.22435897;40.86538462;21.31410256;16.42599278;40.07220217;23.64620939;;;;;;;;;;86.00885611;84.42635484;87.4450423;66.5446922;75.58072634;0.0;
15;1560;Boyacá;La Victoria;15401;2021;1163;5.631986242;;62.33877902;56;1400.0;111;1;0;0;0;0;69.40894569;40.09584665;68.05736636;1749853.208;76.09630267;885.0;51.6875;50.9375;254.125;16.61292525;4.323168674;1.38263103;10.90712554;1.428454449;26.02292257;8.32262235;65.65445508;47.51330566;124.2717972;124.2717972;14.09395973;40.26845638;25.83892617;15.52028219;39.15343915;28.57142857;;;;;;;;;;81.78905969;80.07128852;83.6062264;81.6642307;74.30120168;0.0;
15;1558;Boyacá;La Uvita;15403;2011;4587;3.578955018;;69.91497711;245;2367.0;177;1;0;0;0;0;77.36916549;39.48272378;93.82716049;670386.875;53.19380859;2440.0;42.72972973;43.09459459;212.8243243;25.72664769;3.823998895;5.297626035;16.60502276;0.560859989;14.86396106;20.59197957;64.54405937;65.85134888;270.8502502;116.6101608;14.42307692;32.77972028;28.4965035;14.0060896;33.753806;29.92605481;;;;;;;;;;82.51310587;80.6043737;84.1800165;62.7052806;84.51392427;0.0;
15;1558;Boyacá;La Uvita;15403;2016;3445;3.872762458;0.029027576;63.57039187;250;2367.0;177;1;0;0;0;0;71.86052847;39.06292563;87.84909358;846958.0833;54.45573295;1876.0;55.52380952;57.42857143;279.1428571;36.11522582;7.025937562;4.067205683;25.02208257;1.048337469;19.45422575;11.26174789;69.28402635;65.85134888;270.8502502;116.6101608;14.17953116;36.53516295;28.47341338;14.1509434;31.83962264;32.60613208;;;;;;;;;;79.44848973;77.45441109;81.4218475;61.4689641;79.91530422;0.0;
15;1558;Boyacá;La Uvita;15403;2021;3118;11.27057943;;53.97690827;255;2367.0;177;1;0;0;0;0;63.09633733;40.01231148;86.91639522;905965.75;55.4842848;1730.0;48.79999924;49.52000046;239.9600067;40.56008051;9.548408064;3.259583596;27.75208885;1.30083645;23.54139327;8.036432756;68.42217397;65.85134888;270.8502502;116.6101608;14.45631678;35.76367065;30.672533;13.42501637;31.89259987;34.38113949;;;;;;;;;;72.99990877;71.07022028;75.0595803;72.888494;;0.0;
15;1567;Boyacá;Villa de Leyva;15407;2011;13695;9.448703907;;50.71193866;226;2143.0;121;1;0;0;0;0;58.60959365;43.40342737;76.44073531;533883.3333;45.9437751;6292.0;46.2327044;47.9245283;225.2578616;280.9681969;142.5001873;38.09241557;100.375594;2.051611514;50.71755055;13.5575542;35.72489525;24.52468109;158.2522736;158.2522736;16.0130719;39.54248366;17.20142602;16.35789171;41.56254488;18.87117622;;;;;;;;;;76.67503119;74.83088945;78.643993;58.2686749;72.96375982;0.0;
15;1567;Boyacá;Villa de Leyva;15407;2016;15386;12.52328957;0.57844794;50.64344209;231;2143.0;121;1;0;0;0;0;59.15474642;42.87386216;69.45394158;685696.25;43.90354868;6755.0;53.63636364;56.32057416;273.2200957;230.8137443;43.25432064;28.77524989;158.7841738;1.500154324;18.73992416;12.46687019;68.79320564;24.52468109;158.2522736;158.2522736;16.91714324;40.52400585;18.03431307;15.82560061;41.93466379;20.27456464;;;;;;;;;;66.13142412;64.10086975;68.441253;51.1656062;64.85515184;0.0;
15;1567;Boyacá;Villa de Leyva;15407;2021;17106;14.49442691;1.601777154;50.09938033;236;2143.0;121;1;0;0;0;0;58.78864644;42.62766999;66.75390386;905965.75;46.90167193;8023.0;56.31867981;57.6428566;274.2857056;594.6524981;334.0670827;49.01199334;211.5734221;3.476280241;56.17853851;8.242123509;35.57933798;24.52468109;158.2522736;158.2522736;16.40811456;41.18138425;19.86873508;14.989686;41.96653679;22.53036901;;;;;;;;;;65.91840827;63.6670489;68.1907905;65.8178015;65.79777249;0.0;
15;1554;Boyacá;Macanal;15425;2011;4843;3.197054168;;78.83543258;203;1850.0;198;1;0;0;0;0;84.45869483;37.91022256;93.22990127;795290.875;74.99483791;3632.0;45.07843137;44.35294118;216.0980392;33.81441585;8.667337526;3.733949974;21.41312835;0.698212179;25.63207824;11.0424796;63.32544216;63.61776352;115.9469147;99.62935638;14.29745275;34.18241578;26.9104355;13.03445413;34.16355334;28.76712329;;;;;;;;;;89.38746878;87.90818813;90.7895808;67.9294065;90.39226262;0.0;
15;1554;Boyacá;Macanal;15425;2016;4888;3.597244954;0.020458265;77.2913257;208;1850.0;198;1;0;0;0;0;82.67254038;37.84875184;86.86556927;829144.9583;59.04255319;2886.0;51.50819672;50.54098361;258.9344262;47.30996901;9.284566913;7.476224363;30.54917773;0.96787989;19.62496934;15.80264059;64.57239007;63.61776352;115.9469147;99.62935638;14.3437627;34.49817148;29.7440065;12.11372064;34.7342398;31.60280181;;;;;;;;;;79.73279131;77.9183053;81.5964066;61.6889271;80.72251393;0.0;
15;1554;Boyacá;Macanal;15425;2021;5184;4.988104424;0.289351852;75.67515432;213;1850.0;198;1;0;0;0;0;81.45616134;37.63459238;85.82089552;1004760.083;52.98996914;2747.0;53.4313736;53.47058868;258.1568604;56.52533692;10.48180134;4.641067527;41.40246805;1.090380728;18.5435451;8.21059684;73.24585806;63.61776352;115.9469147;99.62935638;14.04109589;34.24657534;32.26788432;11.3458529;33.60719875;35.13302034;;;;;;;;;;75.7464435;73.41396289;77.5594674;75.6308369;80.55509038;0.0;
15;1560;Boyacá;Maripí;15442;2011;6202;3.98661722;;88.31022251;234;1250.0;112;1;0;0;0;0;91.4250078;35.03274088;88.82769473;890311.9167;102.8539181;6379.0;41.32142857;43.78571429;212.5;51.99706432;8.335303146;12.96033891;30.70142226;0.838391879;16.03033413;24.92513583;59.04453004;27.10645676;131.2567139;131.2567139;15.28851874;37.44794765;19.18500892;15.91549296;36.93661972;16.79577465;;;;;;;;;;93.29623784;91.95585972;94.3726564;70.8998493;92.23192609;1.0;HH
15;1560;Boyacá;Maripí;15442;2016;5805;4.702842377;0.051679587;87.14900947;239;1250.0;112;1;0;0;0;0;90.36334913;34.61295419;80.71135431;887407.1667;83.96210164;4874.0;49.81609195;49.37931034;245.8275862;71.23445744;14.44407464;9.008412608;47.78197019;1.227122436;20.27680866;12.64614476;67.07704658;27.10645676;131.2567139;131.2567139;14.92771842;37.02074167;24.3557511;14.71597408;38.35303088;22.03583683;;;;;;;;;;89.26805334;87.676049;90.6044477;69.0663194;84.26335753;0.0;
15;1560;Boyacá;Maripí;15442;2021;5894;7.383214568;0.39022735;85.05259586;244;1250.0;112;1;0;0;0;0;88.72087641;34.30026231;78.76344086;949888.4167;73.66813709;4342.0;49.328125;49.1875;236.9375;94.57481375;27.88126961;8.165922835;58.5276213;1.604594736;29.48064977;8.634352542;61.88499769;27.10645676;131.2567139;131.2567139;14.52650935;37.29696598;26.41740729;13.98707716;38.00836184;24.43937666;;;;;;;;;;83.96656204;82.22799611;85.6621474;83.8384096;77.72402123;0.0;
15;1543;Boyacá;Miraflores;15455;2011;8794;8.172238648;;43.98453491;234;1523.0;265;1;0;0;0;0;53.28407225;44.15904293;80.21284271;1074322.167;60.09779395;5285.0;45.5248227;45.57446809;220.3546099;75.7107216;11.11122352;11.37214121;53.22735686;0.860936111;14.67589172;15.02051622;70.30359206;46.47676849;140.9080658;125.2666855;14.94571495;37.56063756;21.57542158;15.07278835;39.10414334;23.89697648;183.0;16902.0;77.0;6836.0;96.0;8612.0;80.20833333;79.37761263;0.18651922;79.57276389;74.14959023;84.7738688;60.4707874;86.74735036;0.0;
15;1543;Boyacá;Miraflores;15455;2016;8816;6.547754083;1.270417423;41.76497278;239;1523.0;265;1;0;0;0;0;51.03686636;44.03225806;76.30507875;721175.75;58.55263158;5162.0;55.54861111;55.88194444;276.3125;115.1991352;29.97699012;14.21846749;71.00367761;1.306705254;26.02188815;12.34251235;61.6355995;46.47676849;140.9080658;125.2666855;14.38620377;37.0773769;23.98457;14.17555001;40.23588115;26.99024722;100.0;163979.0;43.0;6493.0;56.0;9153.0;76.78571;70.93849;0.422795955;71.65491296;63.89922344;78.3441354;55.4391064;78.0410909;0.0;
15;1543;Boyacá;Miraflores;15455;2021;9176;7.77027027;3.138622493;38.57890148;244;1523.0;265;1;0;0;0;0;47.72953265;44.12772069;74.64358452;995071.5833;58.43504795;5362.0;54.99090958;54.88181686;268.6181946;150.1063032;39.88239103;12.4688893;97.75502283;1.635857707;26.56943126;8.306706003;65.12386274;46.47676849;140.9080658;125.2666855;14.03470716;37.37527115;25.7483731;13.38151555;39.7065265;29.52255804;147.0;245331.0;32.0;151605.0;48.0;222693.0;66.66666;68.07803;0.46974984;68.79086182;60.93106984;75.0953155;68.685871;74.43529177;0.0;
15;1580;Boyacá;Mongua;15464;2011;4828;5.576843413;;59.27920464;212;3000.0;354;1;0;0;0;0;67.41200828;42.79503106;87.90431267;533916.6667;75.26926263;3634.0;42.2967033;44.82417582;219.3516484;46.58215457;21.25748315;4.109336302;21.21533512;0.964833359;45.63439227;8.821696506;45.54391122;23.65628815;221.2630463;165.6377106;16.50943396;33.96226415;19.38250429;16.58653846;36.77884615;21.875;;;;;;;;;;86.73500404;85.09622831;88.2063648;65.9136837;85.5274502;0.0;
15;1580;Boyacá;Mongua;15464;2016;4678;5.338820009;0.021376657;57.86660966;217;3000.0;354;1;0;0;0;0;67.48281787;42.56872852;90.20091646;725813.9583;58.9354425;2757.0;47.75510204;50.7755102;249.6734694;50.34331287;15.43399906;5.126385406;29.7829284;1.076171716;30.65749586;10.18285273;59.15965141;23.65628815;221.2630463;165.6377106;16.41526176;33.45164153;20.14196983;16.17161716;35.27227723;22.97854785;;;;;;;;;;74.8331575;72.75249125;76.8293762;57.8981009;78.43470912;0.0;
15;1580;Boyacá;Mongua;15464;2021;4803;7.946422375;0.083281283;55.94420154;222;3000.0;354;1;0;0;0;0;65.81967213;42.35655738;84.63356974;909216.8333;52.82115345;2537.0;45.89473724;44.59649277;220.7894745;56.10483521;17.21333465;3.843391758;35.0481088;1.168120658;30.68066163;6.850375274;62.46896309;23.65628815;221.2630463;165.6377106;15.70319241;34.68507334;22.69197584;14.80885312;36.05633803;25.79476861;;;;;;;;;;71.10128287;68.86414549;73.3079475;70.9927659;74.42696003;0.0;
15;1580;Boyacá;Monguí;15466;2011;4538;3.551491112;;44.40282063;390;2900.0;70;1;0;0;0;0;52.06378987;45.59099437;89.28830792;755149.1667;60.3790216;2740.0;43.44444444;45.25;215.6805556;36.28038846;8.393545851;6.531688586;21.35515402;0.799479693;23.13521494;18.00335901;58.86142605;7.5133214;208.059433;163.409729;18.31381733;33.44262295;18.78220141;16.10486891;36.07990012;21.30669996;;;;;;;;;;81.77860216;79.89221591;83.4953484;62.1470994;83.21975405;0.0;
15;1580;Boyacá;Monguí;15466;2016;4302;3.645591198;0.162715016;44.65364947;395;2900.0;70;1;0;0;0;0;51.78833905;45.73738364;84.53142642;833199.9167;58.0427708;2497.0;52.97368421;53.92105263;264.5263158;38.12846124;6.010620531;4.378055876;27.73978484;0.88629617;15.76413088;11.4823828;72.75348632;7.5133214;208.059433;163.409729;17.49502982;34.49304175;20.07952286;15.72052402;35.54585153;23.44978166;;;;;;;;;;73.49397367;71.36996726;75.7442114;56.86198;76.64984638;0.0;
15;1580;Boyacá;Monguí;15466;2021;4352;5.445772059;0.068933824;46.02481618;400;2900.0;70;1;0;0;0;0;53.22274882;44.83412322;82.93680297;991914.3333;54.59558824;2376.0;51.14035034;50.84210587;243.1403503;45.87887609;6.139294611;3.812056909;35.92752457;1.054202116;13.38152792;8.308958794;78.30951329;7.5133214;208.059433;163.409729;16.82061254;35.05104521;22.21682061;14.72766885;34.90196078;26.31808279;;;;;;;;;;71.17206105;69.02889105;73.3803736;71.063436;75.92253589;0.0;
15;1567;Boyacá;Moniquirá;15469;2011;21811;7.027035288;;50.61666132;221;1669.0;220;1;0;0;0;0;58.75876347;42.92570461;82.17321219;533883.3333;66.50772546;14506.0;43.92215569;45.15868263;216.8952096;219.2820563;67.66107965;32.05592519;119.5650515;1.005373694;30.85573018;14.61858108;54.52568874;39.9058876;175.9968567;151.649765;15.00138902;36.50337994;22.08537828;15.77370142;38.16745369;21.69451507;;;;;;;;;;83.84574293;82.10709109;85.3224546;63.7180091;83.16115573;0.0;
15;1567;Boyacá;Moniquirá;15469;2016;22302;8.312782112;0.336292709;49.33638239;226;1669.0;220;1;0;0;0;0;58.03916285;42.82762957;77.03254896;685696.25;61.95856874;13818.0;52.66037736;53.40377358;263.7962264;273.8713393;60.9205941;36.4702602;176.480485;1.228012462;22.24423857;13.31656693;64.4391945;39.9058876;175.9968567;151.649765;15.04168177;36.29938383;24.61036607;14.59257944;39.02006036;25.02219066;;;;;;;;;;75.4755694;73.32794988;77.5247474;58.3951323;75.31454918;0.0;
15;1567;Boyacá;Moniquirá;15469;2021;23560;8.851867572;0.772495756;47.32173175;231;1669.0;220;1;0;0;0;0;56.14950753;42.85714286;75.07155695;908526.0;65.48387097;15428.0;51.99245453;51.33207703;247.4981079;347.675588;81.52401175;33.54567478;232.6059015;1.475702835;23.44829909;9.648556279;66.90314463;39.9058876;175.9968567;151.649765;14.62474297;36.60897875;26.74777245;13.77018843;38.6692463;27.64973082;;;;;;;;;;75.16698978;73.15089319;77.1018943;75.0522676;72.82616049;0.0;
15;1521;Boyacá;Motavita;15476;2011;5263;2.457407056;;87.85863576;35;2908.0;61;1;0;0;0;0;91.22492837;38.10888252;88.27692308;1253002.333;83.37450124;4388.0;43.34482759;45.45977011;219.7816092;36.4094589;9.026144352;3.323965422;24.05934912;0.691800473;24.79065777;9.129400774;66.07994145;9.394146919;160.580368;160.580368;17.90409899;36.62026295;14.50116009;18.60291371;35.89839372;15.76391483;;;;;;;;;;90.15341062;88.78901748;91.5261654;68.5114788;91.20266341;0.0;
15;1521;Boyacá;Motavita;15476;2016;5474;3.309584703;0.091340884;86.71903544;40;2908.0;61;1;0;0;0;0;90.29927761;38.11489508;88.07829181;721531.75;74.22360248;4063.0;50.58730159;51.15873016;256.6190476;75.93366584;31.04409705;9.01455826;35.87501052;1.387169635;40.8831797;11.87162263;47.24519767;9.394146919;160.580368;160.580368;16.61080074;36.42458101;16.42458101;16.17067049;37.32520617;17.46145572;;;;;;;;;;82.56280006;80.7777546;84.3518675;63.878493;83.3532402;0.0;
15;1521;Boyacá;Motavita;15476;2021;5826;3.658885456;1.407483694;84.7751459;45;2908.0;61;1;0;0;0;0;88.84811742;37.97064454;84.21922335;963050.125;64.57260556;3762.0;50.68888855;48.86666489;243.7333374;87.65702986;31.09324415;6.972147843;49.59163787;1.504583417;35.4714781;7.95389469;56.57462721;9.394146919;160.580368;160.580368;16.32937893;37.40404745;17.86461968;15.50675676;37.5;19.29054054;;;;;;;;;;79.42672567;77.43087787;81.1330418;79.3055021;80.64288834;0.0;
15;1560;Boyacá;Muzo;15480;2011;9386;6.58161091;;45.34412955;453;843.0;136;1;0;0;0;0;53.65304914;39.58555358;79.6185738;575775.8333;80.91838909;7595.0;41.24444444;40.45185185;200.9703704;62.72268689;6.844405322;7.189409451;48.68887212;0.668257904;10.91216857;11.46221536;77.62561607;33.47808838;125.7675476;125.7675476;14.63271303;40.94025465;17.72771792;16.95865452;39.3366036;14.36580238;;;;;;;;;;89.59865312;88.21713549;90.8752641;68.0898946;82.12970164;1.0;HH
15;1560;Boyacá;Muzo;15480;2016;8766;9.148984714;0.250969655;39.80150582;458;843.0;136;1;0;0;0;0;48.36085778;39.65984718;69.80257511;685696.25;70.727812;6200.0;50.53225806;49.00806452;248.6612903;90.23283196;7.904200704;11.04840567;71.28022559;1.029350125;8.759783476;12.24432995;78.99588657;33.47808838;125.7675476;125.7675476;15.56346879;41.85169669;20.52785924;17.63527054;38.75250501;17.61022044;;;;;;;;;;84.509603;82.79271095;86.2268324;65.3847263;75.59105067;1.0;HH
15;1560;Boyacá;Muzo;15480;2021;8831;5.92515004;0.158532443;33.34843166;463;843.0;136;1;0;0;0;0;41.42398815;40.89338598;67.24137931;908565.5;68.8370513;6079.0;51.58762741;48.10309219;238.4329834;105.9702366;11.85107036;8.718959218;85.40020703;1.199980032;11.1833952;8.227743466;80.58886133;33.47808838;125.7675476;125.7675476;15.20050388;42.53621667;21.39407936;16.8633235;39.35594887;19.1986234;;;;;;;;;;80.57569803;78.76288747;82.5365215;80.4527209;76.75163319;0.0;
15;1580;Boyacá;Nobsa;15491;2011;14576;9.68715697;;68.85976948;215;2500.0;53;1;0;0;0;0;76.52427184;40.89320388;73.257631;580466.6667;38.95444566;5678.0;46.18591398;48.87693548;229.7204301;820.6917751;6.698592628;653.8464588;160.1467237;5.630432047;0.81621296;79.67016103;19.51362601;10.81572914;206.0141907;154.9885406;16.53283625;40.78004015;15.07026097;16.5614312;42.40989213;17.06129966;;;;;;;;;;62.42016084;60.12568363;64.5524788;47.4357819;65.52563796;0.0;
15;1580;Boyacá;Nobsa;15491;2016;15533;9.635936393;0.991437584;68.33837636;220;2500.0;53;1;0;0;0;0;75.30311175;40.90067491;69.25226441;775241.7917;32.23459731;5007.0;54.16666667;54.15686275;269.9117647;1596.353763;16.38239809;1330.136185;249.8351804;10.2771761;1.026238574;83.32339707;15.65036436;10.81572914;206.0141907;154.9885406;17.15206013;39.94094752;17.35337539;16.35733729;41.6975996;20.06928978;;;;;;;;;;48.19436148;45.90802225;50.6135277;37.2877759;59.49022254;2.0;LL
15;1580;Boyacá;Nobsa;15491;2021;16799;12.28842987;2.083457349;67.1170903;225;2500.0;53;1;0;0;0;0;74.38147139;40.69754768;66.64307202;940665.5833;31.47211144;5287.0;57.02155304;56.8146553;275.625;1734.017319;15.97588901;1351.185173;366.8562575;10.32214608;0.921322344;77.92224205;21.1564356;10.81572914;206.0141907;154.9885406;16.70585324;40.7746566;18.92092563;15.59990824;41.55769672;22.35604496;;;;;;;;;;51.33837815;48.90105458;53.8968077;51.2600239;56.99527594;2.0;LL
15;1549;Boyacá;Nuevo Colón;15494;2011;5084;2.961906635;;82.08103855;228;2450.0;50;1;0;0;0;0;86.59926471;37.26102941;85.50446999;754937.8333;96.30212431;4896.0;44.2;49.2875;219.175;60.22359982;27.40092674;7.056829967;25.76584311;1.1845712;45.49865306;11.71771529;42.78363165;21.10094833;133.543808;133.543808;14.19205553;38.29541072;21.13382183;14.93376154;36.97310317;21.51746287;160.0;20065.0;62.0;6450.0;63.0;6780.0;98.41269841;95.13274336;0.224538404;94.889022;91.17389528;97.3092179;72.1102749;94.74000435;0.0;
15;1549;Boyacá;Nuevo Colón;15494;2016;5053;3.087274886;0.019790224;80.70453196;233;2450.0;50;1;0;0;0;0;85.89628566;37.08953885;81.78356077;796619.9583;88.42271918;4468.0;52.45454545;53.43181818;263.25;104.6620773;52.30552255;12.81576088;39.54079383;2.071285914;49.97562051;12.24489444;37.77948505;21.10094833;133.543808;133.543808;14.51177152;37.47587804;23.4658433;14.21608448;37.93663688;24.45166531;120.0;244236.0;61.0;9129.0;68.0;10305.0;89.70588;88.58807;0.235685497;88.58785743;82.97283465;92.9553016;68.5400547;87.2811268;0.0;
15;1549;Boyacá;Nuevo Colón;15494;2021;5307;3.947616356;0.018843037;79.08422838;238;2450.0;50;1;0;0;0;0;84.59847844;36.92307692;79.70490816;963149.125;77.95364613;4137.0;53.15714264;52.07143021;252.1714325;113.228214;57.39385216;9.306878927;46.52748295;2.133563483;50.68864916;8.219575842;41.091775;21.10094833;133.543808;133.543808;14.18647166;37.65996344;25.41133455;13.72472784;37.09175739;27.25505443;128.0;250233.0;29.0;36759.0;33.0;40318.0;87.87878;91.17268;0.293594343;90.1722954;85.26275127;94.3499153;90.0346716;89.05668082;0.0;
15;1521;Boyacá;Oicatá;15500;2011;2661;5.104597269;;86.69673055;35;2525.0;62;1;0;0;0;0;90.74138531;37.48694744;97.00063816;571034.1667;65.68959038;1748.0;42.08695652;44.5;213.5;30.32708926;11.0591789;6.611555843;12.65635452;1.139687684;36.46633808;21.80082561;41.7328363;12.02830029;165.8756714;165.8756714;15.24796447;33.75277572;21.24352332;15.41984733;35.57251908;22.51908397;30.0;3420.0;14.0;1451.0;16.0;1723.0;87.5;84.21358096;1.118256617;84.55529845;74.05956666;92.7667546;64.2572311;87.30554037;2.0;LL
15;1521;Boyacá;Oicatá;15500;2016;2819;5.06385243;0.070947144;85.91699184;40;2525.0;62;1;0;0;0;0;90.35725577;37.33797028;83.22946176;689272.0833;53.316779;1503.0;50.88;52.68;255.96;35.18918512;8.358096111;4.890609055;21.94047995;1.248286099;23.75188878;13.89804577;62.35006545;12.02830029;165.8756714;165.8756714;17.03910615;34.4273743;21.08938547;15.86157174;37.99567412;24.22494593;48.0;70942.0;9.0;1748.0;19.0;4015.0;47.36842;43.53674;1.571146958;58.20168749;47.78141219;67.471707;45.0304021;60.23476503;0.0;
15;1521;Boyacá;Oicatá;15500;2021;2966;6.771184536;0.20229265;83.91773432;45;2525.0;62;1;0;0;0;0;89.11097852;37.20167064;81.39784946;905965.8333;48.21308159;1430.0;55.59999847;56.66666794;268.7666626;46.37205746;10.27378316;5.023787905;31.07448639;1.563454398;22.15511608;10.83365324;67.01123068;12.02830029;165.8756714;165.8756714;16.51193634;34.8806366;22.94429708;15.02057613;37.72290809;26.33744856;24.0;37404.0;7.0;38350.0;9.0;45968.0;77.77778;83.4276;1.49990404;78.08200194;64.96371473;86.7877292;77.9628307;79.07918817;4.0;HL
15;1560;Boyacá;Otanche;15507;2011;7898;5.272431839;;61.55988858;52;1040.0;501;1;0;0;0;0;68.55543419;39.69142545;88.03175249;795529.7083;92.28918714;7289.0;46.25609756;44.8902439;217.6585366;57.83509284;10.62210944;6.936127974;40.27685543;0.732275169;18.36620108;11.99293998;69.64085894;47.34889221;148.396698;148.396698;16.16038882;39.07654921;13.99756987;17.34073487;37.642083;13.4284959;;;;;;;;;;91.24230857;89.84478447;92.4371342;69.3389795;90.0089827;0.0;
15;1560;Boyacá;Otanche;15507;2016;7937;6.646087943;0.277182815;57.9564067;57;1040.0;501;1;0;0;0;0;65.98867147;39.79145211;79.6875;872803.0833;72.13052791;5725.0;48.3814433;45.94845361;236.3298969;80.1755512;14.82288465;9.83719379;55.51547276;1.010149316;18.48803586;12.26956802;69.24239612;47.34889221;148.396698;148.396698;15.83577713;39.44281525;18.35288368;16.33289987;37.68530559;19.06371912;;;;;;;;;;82.85979993;81.08735471;84.5924679;64.1082806;78.7797636;0.0;
15;1560;Boyacá;Otanche;15507;2021;8334;4.542636589;1.091912647;54.49964003;62;1040.0;501;1;0;0;0;0;63.02285992;40.26021401;75.72039413;967623.6667;64.49484041;5375.0;46.97752762;45.85393143;221.617981;102.5925145;26.87289003;8.447773996;67.27185043;1.231011692;26.19381167;8.234298615;65.57188971;47.34889221;148.396698;148.396698;15.72533396;40.16873682;19.52191235;15.95770838;38.0132776;20.65404475;;;;;;;;;;78.75535653;76.58256153;80.6942339;78.6351576;82.45751389;0.0;
15;1554;Boyacá;Pachavita;15511;2011;2672;2.738273453;;82.33532934;215;2000.0;67;1;0;0;0;0;87.52047167;36.06288896;94.16775885;903056.8333;76.12275449;2034.0;42.8;43.0;215.45;30.08072264;7.515700258;8.251736327;14.31328606;1.125775548;24.9851054;27.43197504;47.58291956;41.71450424;121.8210144;119.2588959;12.0950324;34.84521238;33.40532757;11.6913484;33.6710834;34.06079501;122.0;17149.0;53.0;6734.0;56.0;7540.0;94.64285714;89.31034483;0.347831682;89.31860308;84.07029782;93.6172887;67.8770724;92.12917862;0.0;
15;1554;Boyacá;Pachavita;15511;2016;2535;3.139381986;0.078895464;80.23668639;220;2000.0;67;1;0;0;0;0;85.65037853;35.96008259;98.36298932;809291.0833;62.4852071;1584.0;54.31034483;53.62068966;266.5172414;34.94950428;13.49259969;4.457575017;16.99932957;1.37867867;38.60598303;12.75432974;48.63968723;41.71450424;121.8210144;119.2588959;11.78247734;33.6102719;36.70694864;9.744013212;31.29644922;38.7283237;83.0;187129.0;37.0;6978.0;41.0;7769.0;90.2439;89.81851;0.339322397;87.86806814;80.84346336;92.710809;67.9831567;84.59035203;0.0;
15;1554;Boyacá;Pachavita;15511;2021;2524;4.10723719;0.039619651;77.25832013;225;2000.0;67;1;0;0;0;0;83.4017796;36.61875428;98.55907781;1068673.5;58.47860539;1476.0;53.0;52.40000153;252.3600006;55.32434625;27.76501487;4.846793835;22.71253754;2.191931309;50.18588878;8.760688853;41.05342237;41.71450424;121.8210144;119.2588959;11.29900077;33.82013836;38.20138355;8.912510221;30.9893704;41.86426819;100.0;241883.0;24.0;164282.0;30.0;192924.0;80.0;85.15374;0.497375894;83.89140399;77.00977977;89.9335413;83.7633663;84.50098079;0.0;
15;1543;Boyacá;Páez;15514;2011;3533;3.02622889;;65.4118313;49;1500.0;326;1;0;0;0;0;72.1316166;38.65522175;88.26530612;1233219.792;61.50580243;2173.0;44.51162791;47.1627907;218.8139535;26.29664951;6.374919148;3.075326869;16.84640349;0.744315016;24.24232466;11.69474791;64.06292743;66.59767151;152.5957184;123.6905365;15.88075881;36.15176152;21.0298103;14.51421801;36.5521327;21.44549763;;;;;;;;;;86.65887761;85.00043072;88.0857979;65.8558319;90.6206827;0.0;
15;1543;Boyacá;Páez;15514;2016;3386;4.018999803;1.151801536;61.39988187;54;1500.0;326;1;0;0;0;0;68.78338279;38.48664688;80.76743098;1381386.167;68.60602481;2323.0;52.44444444;52.44444444;258.1944444;42.63591681;11.84929893;5.218484693;25.56813318;1.259182422;27.79182394;12.23964461;59.96853145;66.59767151;152.5957184;123.6905365;15.90401786;37.109375;21.65178571;14.30363864;37.45294856;23.71392723;;;;;;;;;;83.37673665;81.65010052;84.9692719;64.5082323;81.59437727;0.0;
15;1543;Boyacá;Páez;15514;2021;3369;5.649549817;1.899673494;56.24814485;59;1500.0;326;1;0;0;0;0;63.99164678;38.75298329;78.49109653;1061817.625;63.75779163;2148.0;54.0;53.44444275;258.305542;50.45927724;15.0529535;4.150653581;31.25567016;1.497752367;29.83188488;8.225749176;61.94236594;66.59767151;152.5957184;123.6905365;15.92178771;37.31843575;23.29608939;13.61621279;37.17542749;26.15579481;;;;;;;;;;79.36647183;77.27600688;81.4237175;79.2453402;81.78644228;0.0;
15;1589;Boyacá;Paipa;15516;2011;30386;11.60594791;;43.12512341;409;2513.0;395;1;0;0;0;0;51.94447315;44.92094657;76.2703252;533883.3333;44.20785888;13433.0;49.61796943;51.55336245;236.2270742;325.0750772;41.82122542;44.0515252;239.2023266;1.069818591;12.86509743;13.55118503;73.58371754;12.3810339;195.9384918;145.5002441;16.2396666;38.86725422;17.38744278;16.45183821;40.98037971;18.76944568;488.0;52599.0;122.0;13062.0;196.0;21460.0;62.24489796;60.8667288;0.13140504;61.59810994;57.16999504;65.9234066;46.8110699;67.63034079;0.0;
15;1589;Boyacá;Paipa;15516;2016;32500;12.53358974;0.763076923;40.85538462;414;2513.0;395;1;0;0;0;0;49.81974575;45.08569983;70.8383735;685696.25;42.92;13949.0;57.60805085;59.98516949;292.0805085;567.4295543;48.01345193;76.16362263;443.2524797;1.74593709;8.461570527;13.42256886;78.11586062;12.3810339;195.9384918;145.5002441;16.89699296;38.48368522;19.37300064;16.02252519;40.88322466;21.63011263;513.0;699147.0;108.0;10926.0;211.0;21446.0;51.18483;50.94656;0.143661653;51.84551809;47.97243691;56.4644946;40.1126605;58.37359247;0.0;
15;1589;Boyacá;Paipa;15516;2021;35324;15.10233835;1.409806364;38.34503454;419;2513.0;395;1;0;0;0;0;47.36021257;45.09011091;68.34694572;905965.75;41.73649643;14743.0;57.72146225;58.53881454;281.401825;723.2095643;31.92528477;63.77454371;627.5097358;2.047360334;4.414389181;8.818266082;86.76734474;12.3810339;195.9384918;145.5002441;16.50155343;39.0820095;21.126678;15.24226663;40.77196825;23.92554065;391.0;801865.0;53.0;114678.0;145.0;318197.0;36.55172;36.03994;0.21858234;37.6283472;33.52618343;42.2547388;37.5709176;45.10729899;2.0;LL
15;1542;Boyacá;Pajarito;15518;2011;2493;3.924321433;;64.34015243;158;793.0;322;1;0;0;0;0;71.52182783;37.82129743;84.17680974;743283.5833;70.27677497;1752.0;44.16666667;41.35714286;208.9761905;23.1004095;8.487497539;2.891794137;11.72111782;0.92661089;36.74176226;12.51836743;50.73987031;40.88862991;200.328537;171.077179;18.15453863;36.15903976;18.67966992;16.46551724;37.67241379;17.67241379;;;;;;;;;;88.95172775;87.45452288;90.1937531;67.598268;89.75704099;0.0;
15;1542;Boyacá;Pajarito;15518;2016;2395;4.328462074;0.083507307;61.1691023;163;793.0;322;1;0;0;0;0;68.49489796;38.86054422;80.57932851;840036.9583;56.78496868;1360.0;49.80769231;51.23076923;253.6923077;22.82382323;4.074616386;2.807232313;15.94197453;0.952978005;17.85247084;12.29957087;69.84795829;40.88862991;200.328537;171.077179;16.45264848;38.20224719;18.78009631;14.96953873;39.59965187;18.79895561;;;;;;;;;;77.95539872;75.96188267;79.9818109;60.3137659;80.92917502;0.0;
15;1542;Boyacá;Pajarito;15518;2021;2462;4.291903601;0.649878148;58.28594639;168;793.0;322;1;0;0;0;0;66.19318182;39.04220779;76.44078531;944791.3333;56.25507717;1385.0;51.34782791;50.21739197;243.3913116;40.24008254;13.02568017;3.329513306;23.88488906;1.634446894;32.36991416;8.274121462;59.35596438;40.88862991;200.328537;171.077179;15.8183242;39.23257635;20.90837901;14.85232068;39.15611814;21.35021097;;;;;;;;;;76.95963793;74.86139621;78.7837449;76.8421797;82.48924526;0.0;
15;1540;Boyacá;Panqueba;15522;2011;1886;3.835277483;;61.18769883;211;2250.0;38;1;0;0;0;0;69.28972918;40.01021972;88.49241748;853917.375;99.89395546;1884.0;44.94444444;47.19444444;218.8333333;13.04777893;2.945368721;1.807557015;8.294853193;0.691822849;22.57371724;13.85336941;63.57291335;74.30861664;296.3505249;105.9536209;16.54294804;34.14634146;26.93531283;14.20996819;34.7826087;26.61717922;61.0;7731.0;20.0;2401.0;25.0;2952.0;80.0;81.33468835;0.623434782;85.44881254;77.4411883;91.5305003;64.9362511;83.63684572;0.0;
15;1540;Boyacá;Panqueba;15522;2016;1737;4.14507772;;54.40414508;216;2250.0;38;1;0;0;0;0;62.12211025;41.84943687;91.29158513;802435.5833;79.62003454;1383.0;55.81481481;54.59259259;271.037037;19.84383718;6.273453448;2.439588771;11.13079496;1.142420102;31.61411471;12.29393665;56.09194865;74.30861664;296.3505249;105.9536209;14.95877503;37.45583039;23.55712603;12.83783784;35.58558559;23.87387387;47.0;69475.0;21.0;2594.0;27.0;3444.0;77.77778;75.3194;0.873099081;79.13647496;69.8090347;86.7055193;61.2275596;;0.0;
15;1540;Boyacá;Panqueba;15522;2021;1761;6.714934696;;49.74446337;221;2250.0;38;1;0;0;0;0;58.47651775;42.61168385;86.74928503;927491.4583;70.30096536;1238.0;52.70000076;52.84999847;254.3500061;25.70614486;7.894374426;2.132885282;15.67888515;1.459747011;30.71006745;8.29718067;60.99275188;74.30861664;296.3505249;105.9536209;14.43661972;37.44131455;26.29107981;11.77117712;36.85368537;26.95269527;48.0;95841.0;16.0;55037.0;21.0;67006.0;76.19048;82.13742;1.057992317;80.6983135;71.50368898;88.4896996;80.5751492;;0.0;
15;1560;Boyacá;Pauna;15531;2011;7693;3.386195242;;74.53529182;169;1121.0;260;1;0;0;0;0;80.07852077;37.55065856;88.5099126;925404.5833;91.10880021;7009.0;39.32098765;40.03703704;200.2098765;64.47393253;18.95475185;7.140020899;38.37915979;0.838085695;29.39909371;11.07427548;59.52663081;28.63564301;147.3576202;147.3576202;15.57962097;36.47551071;21.33891213;15.50964187;36.22589532;21.32231405;270.0;35706.0;112.0;13308.0;122.0;15242.0;91.80327869;87.31137646;0.148940913;87.85096938;84.15493445;91.2591976;66.7617541;92.13862133;1.0;HH
15;1560;Boyacá;Pauna;15531;2016;7278;3.86782083;0.082440231;71.87414125;174;1121.0;260;1;0;0;0;0;78.38864961;37.83886496;77.88440567;1003433.375;77.06787579;5609.0;51.16513761;52.03669725;257.853211;85.01512915;24.78557842;10.41041259;49.81913814;1.168111145;29.15431485;12.24536467;58.60032048;28.63564301;147.3576202;147.3576202;14.72295515;37.59894459;26.04221636;13.84747706;38.21674312;26.00344037;253.0;507522.0;94.0;12962.0;111.0;15275.0;84.68468;84.85761;0.248041819;84.98472602;80.74711227;89.3069568;65.752327;84.64520252;0.0;
15;1560;Boyacá;Pauna;15531;2021;7372;4.653870501;0.176342919;69.31633207;179;1121.0;260;1;0;0;0;0;76.30990812;38.01837596;76.54533707;1204737.583;71.12045578;5243.0;51.23809433;50.76190567;247.3571472;136.1704058;66.91923995;11.15992491;58.09124095;1.847129759;49.14374717;8.195558237;42.6606946;28.63564301;147.3576202;147.3576202;14.22605064;37.69250848;28.08666145;13.10364304;37.67297374;28.63597854;251.0;549268.0;81.0;82966.0;90.0;97808.0;90.0;84.82537;0.210891617;84.5600716;80.15044185;88.5906476;84.4310134;84.32393355;0.0;
15;1542;Boyacá;Paya;15533;2011;2507;3.024863715;;83.00757878;212;980.0;584;1;0;0;0;0;85.29411765;36.05042017;101.6227181;1149877.458;81.73115277;2049.0;39.61904762;40.42857143;198.7619048;13.15520258;1.670796485;1.345069574;10.13933652;0.524738835;12.70065189;10.22462076;77.07472736;59.60276794;243.2197571;189.2218323;19.58610495;35.10716925;11.97339246;16.11785095;34.05545927;13.51819757;;;;;;;;;;91.98313679;90.74226693;93.099344;69.9019669;91.08324939;0.0;
15;1542;Boyacá;Paya;15533;2016;2574;3.532116032;;81.77933178;217;980.0;584;1;0;0;0;0;85.43307087;36.69291339;90.44303797;1175726.792;71.87257187;1850.0;45.51851852;45.2962963;232.6666667;19.04922136;2.58868392;2.326232381;14.13430506;0.74006299;13.58944742;12.21169274;74.19885984;59.60276794;243.2197571;189.2218323;19.77941176;38.38235294;11.61764706;17.21581549;35.17298188;14.41515651;;;;;;;;;;84.88403539;83.25833799;86.6005506;65.6744231;;0.0;
15;1542;Boyacá;Paya;15533;2021;2706;5.530918946;;79.04656319;222;980.0;584;1;0;0;0;0;83.17343173;36.49446494;85.14792899;1296453.208;63.96895787;1731.0;48.05555725;53.11111069;244.3888855;25.55008856;4.688732735;2.089533141;18.77182268;0.944201351;18.35114084;8.178183556;73.47067561;59.60276794;243.2197571;189.2218323;19.77715877;39.48467967;12.95264624;16.53543307;35.82677165;16.2992126;;;;;;;;;;80.17649548;78.17762337;82.0441593;80.0541276;;0.0;
15;1593;Boyacá;Paz de Río;15537;2011;4840;8.438360882;;39.33884298;328;2213.0;117;1;0;0;0;0;49.73909413;44.66708412;74.73447055;533983.3333;44.54545455;2156.0;46.96247312;47.67827957;220.5806452;66.98660363;35.38676825;4.508007991;27.09182739;1.384020736;52.82663448;6.729715714;40.44364981;36.27630234;238.0050507;133.1032715;16.13597246;38.51118761;21.77280551;14.38791733;39.30842607;25.7154213;170.0;18142.0;36.0;3914.0;71.0;7657.0;50.70422535;51.11662531;0.37419186;55.07582398;48.23308797;61.8458491;41.8545025;61.29619457;0.0;
15;1593;Boyacá;Paz de Río;15537;2016;4501;6.944753018;0.288824706;36.61408576;333;2213.0;117;1;0;0;0;0;47.29109275;44.0312213;76.85314685;699341.875;34.83670295;1568.0;53.07317073;59.41463415;275.8536585;65.71326894;23.54790769;5.448688821;36.71667243;1.459970427;35.83432703;8.291611282;55.87406169;36.27630234;238.0050507;133.1032715;16.43213799;37.85746709;21.92464821;13.18537859;37.29329852;28.11140122;129.0;343362.0;38.0;9112.0;68.0;14966.0;55.88235;60.88467;0.383585179;62.08103328;54.44163718;69.2942261;48.0318357;62.94785753;0.0;
15;1593;Boyacá;Paz de Río;15537;2021;4370;11.7791762;0.800915332;33.89016018;338;2213.0;117;1;0;0;0;0;44.48356808;44.22535211;75.89317936;1048297.792;35.2173913;1539.0;52.15000153;53.09999847;254.3500061;101.2802038;50.86908923;4.378194759;46.03291976;2.3176248;50.2260929;4.322853428;45.45105367;36.27630234;238.0050507;133.1032715;16.00559963;37.89080728;24.03173122;12.66277503;36.59631792;30.75886843;158.0;358171.0;30.0;106053.0;56.0;217362.0;53.57143;48.79096;0.475596916;50.79606846;43.94377335;57.8316798;50.7185419;53.73777536;2.0;LL
15;1580;Boyacá;Pesca;15542;2011;7888;2.633747465;;69.42190669;257;2600.0;247;1;0;0;0;0;76.15384615;39.82905983;86.20974401;1051011.0;81.27535497;6411.0;40.48534653;41.96613861;205.2277228;45.62274904;3.029660436;6.627761625;35.96532698;0.578381707;6.640679267;14.52731754;78.83200319;25.52665329;175.3665009;165.6520538;16.00505689;36.13147914;21.011378;15.7640478;36.63869819;22.90872108;;;;;;;;;;89.86475669;88.4467409;91.2163709;68.2921182;88.6841199;0.0;
15;1580;Boyacá;Pesca;15542;2016;7088;3.235515425;0.098758465;67.57900677;262;2600.0;247;1;0;0;0;0;73.88624264;40.01120762;94.73934777;730558.0833;78.89390519;5592.0;51.75;54.38888889;264.3888889;66.13961368;10.00086594;8.118110372;48.02063738;0.933120961;15.12084117;12.27420289;72.60495594;25.52665329;175.3665009;165.6520538;16.08586563;33.34262615;21.71731252;14.42445016;35.41845187;24.27877749;;;;;;;;;;84.08067964;82.41347447;85.7230014;65.0528701;84.21694744;0.0;
15;1580;Boyacá;Pesca;15542;2021;6976;6.92254396;0.65940367;65.625;267;2600.0;247;1;0;0;0;0;72.22066255;39.73891072;91.60654161;905965.75;76.34747706;5326.0;50.18823624;51.85882187;244.4235229;77.38514315;15.09384586;6.457417889;55.83387941;1.109305378;19.50483677;8.344518891;72.15064434;25.52665329;175.3665009;165.6520538;15.67689277;33.77427526;24.12046158;13.61378907;34.88168273;27.25679229;;;;;;;;;;81.48743679;79.47897996;83.3179407;81.3630681;74.96390762;0.0;
15;1542;Boyacá;Pisba;15550;2011;1723;3.264654672;;73.24434127;212;1500.0;298;1;0;0;0;0;77.71639042;36.89379988;95.18768046;1218790.958;92.10679048;1587.0;38.15384615;42.46153846;210.0769231;9.800503171;1.86637052;0.919804111;7.01432854;0.568804595;19.04361937;9.385274357;71.57110628;50.23116684;244.058075;171.3201752;21.05263158;34.21052632;12.93859649;14.67324291;35.6350185;14.79654747;;;;;;;;;;93.88881102;92.70043276;94.8461162;71.3501713;90.81182183;0.0;
15;1542;Boyacá;Pisba;15550;2016;1727;3.96641575;;70.75854082;217;1500.0;298;1;0;0;0;0;77.25894482;36.74954518;89.60302457;1200171.625;73.6537348;1272.0;47.76470588;50.29411765;245.7058824;14.66942969;2.787841383;1.787735933;10.09385237;0.84941689;19.00442923;12.18681279;68.80875798;50.23116684;244.058075;171.3201752;20.15250545;36.38344227;14.59694989;16.68726823;35.22867738;15.08034611;;;;;;;;;;86.12539657;84.57592099;87.7606558;66.634859;;0.0;
15;1542;Boyacá;Pisba;15550;2021;1826;5.362358525;0.054764513;67.63417306;222;1500.0;298;1;0;0;0;0;74.53416149;37.32354602;86.69032831;1266877.875;71.96056955;1314.0;52.34999847;51.20000076;250.8000031;19.99866144;4.543197537;1.630924614;13.82453929;1.095216946;22.71750813;8.155168881;69.12732299;50.23116684;244.058075;171.3201752;19.75180972;36.7114788;16.23578077;16.41443539;35.8556461;17.34575087;;;;;;;;;;82.64946206;80.71677851;84.3989051;82.5233198;81.8887068;0.0;
15;1560;Boyacá;Puerto Boyacá;15572;2011;42895;14.55414384;;30.4627579;54;144.0;1472;1;0;0;0;0;36.81058348;45.99393101;73.63601141;792455.0833;72.08066208;30919.0;44.0231453;42.07957265;206.0700855;2852.516484;2515.315777;40.11434723;297.0863601;6.649997631;88.17883405;1.406279244;10.41488671;51.78232956;169.476944;139.4312439;17.42513006;40.39930637;14.09757698;17.93301791;41.99833009;13.51238519;344.0;54842.0;102.0;15458.0;135.0;20473.0;75.55555556;75.50432277;0.150505279;76.00873557;71.777907;80.2735562;57.762328;75.80198393;0.0;
15;1560;Boyacá;Puerto Boyacá;15572;2016;45509;12.23256206;4.142037839;29.60513305;59;144.0;1472;1;0;0;0;0;36.14929267;46.04695495;73.02747417;691043.5833;62.21406755;28313.0;50.42649728;47.59528131;243.5462795;1882.56942;1363.217876;76.07020735;443.2813362;4.13669696;72.41262191;4.040765061;23.54661302;51.78232956;169.476944;139.4312439;17.12891058;39.8402485;15.57133348;16.23139201;41.94741882;15.58283277;340.0;680495.0;103.0;16568.0;152.0;24918.0;67.76316;66.49009;0.158985506;66.93484214;61.96865148;71.2794563;51.7872073;66.6156877;0.0;
15;1560;Boyacá;Puerto Boyacá;15572;2021;49106;13.59915285;5.482018491;28.15338248;64;144.0;1472;1;0;0;0;0;34.60186143;46.03010456;69.68571081;1003162.0;60.03543355;29481.0;49.76547241;46.89902115;231.1140137;2456.81404;1751.244189;66.33639485;639.2334556;5.003083207;71.28110475;2.70009833;26.01879692;51.78232956;169.476944;139.4312439;16.69269335;40.70025479;17.05432728;15.37623123;42.30179235;17.38656548;287.0;802599.0;75.0;150781.0;109.0;218856.0;68.80734;68.89507;0.218954217;69.03289364;63.52370043;73.6366131;68.9275335;69.35539945;0.0;
15;1560;Boyacá;Quípama;15580;2011;4825;3.98791019;;75.23316062;25;1200.0;184;1;0;0;0;0;81.39534884;34.41452468;72.28651861;835955.6667;116.6217617;5627.0;42.22857143;43.15714286;212.9142857;33.04050732;2.361500049;4.104572505;26.57443477;0.684777354;7.147287496;12.42284952;80.42986298;47.30092621;130.5888672;130.5888672;14.14437523;42.6896299;19.4576768;14.98091603;41.03053435;16.60305344;320.0;42368.0;115.0;14504.0;126.0;16789.0;91.26984127;86.38989815;0.175357319;87.47501214;84.03246095;90.6783725;66.4760479;90.43675104;1.0;HH
15;1560;Boyacá;Quípama;15580;2016;4931;6.276617319;;73.37254107;30;1200.0;184;1;0;0;0;0;79.9924713;36.13777527;72.05973864;685696.25;77.02291624;3798.0;47.75471698;48.71698113;242.5283019;53.34523107;10.46231117;6.539923631;36.34299627;1.08183393;19.61245825;12.2596219;68.12791985;47.30092621;130.5888672;130.5888672;14.61769115;36.8065967;27.5862069;15.33362793;39.46089262;22.62483429;261.0;467416.0;81.0;10122.0;101.0;12752.0;80.19802;79.37579;0.333181093;80.41413771;75.68128418;84.4347184;62.2160819;;1.0;HH
15;1560;Boyacá;Quípama;15580;2021;5104;4.932405956;;71.27742947;35;1200.0;184;1;0;0;0;0;78.31563793;36.49451143;70.55639098;1028430.25;72.60971787;3706.0;47.90909195;44.95454407;221.8863678;83.61532993;26.85178423;6.872840718;49.89070499;1.638231386;32.1134704;8.21959409;59.66693551;47.30092621;130.5888672;130.5888672;14.13956887;36.49981732;30.03288272;14.65990706;39.12125053;24.96831432;207.0;490784.0;43.0;24086.0;57.0;35202.0;75.4386;68.42225;0.553699676;70.27269531;64.43598053;76.1112244;70.1654429;;0.0;
15;1549;Boyacá;Ramiriquí;15599;2011;9576;4.352896129;;60.74561404;257;2313.0;139;1;0;0;0;0;68.09161917;41.58750264;88.96882494;537916.6667;80.86883876;7744.0;44.61673759;48.29659574;222.964539;64.36660202;4.392333264;13.76871479;46.20555398;0.672165852;6.823932172;21.39108536;71.78498246;20.76174355;141.6693573;141.465332;16.2202381;36.54336735;18.26105442;16.19458128;36.37110016;20.09441708;290.0;39815.0;105.0;14387.0;130.0;17212.0;80.76923077;83.5870323;0.100732956;83.90361583;79.33113454;87.4626662;63.7619893;82.92331294;3.0;LH
15;1549;Boyacá;Ramiriquí;15599;2016;9676;4.803982362;0.165357586;59.10500207;262;2313.0;139;1;0;0;0;0;66.48548867;41.04194442;80.95551895;704483.4583;75.41339396;7297.0;51.625;52.25694444;260.7222222;95.83430774;17.82921665;11.98720111;66.01788998;0.99043311;18.60421082;12.50825658;68.88753259;20.76174355;141.6693573;141.465332;17.99916283;37.40058602;19.0874843;15.98611678;36.66802777;21.29440588;319.0;503298.0;144.0;20299.0;179.0;25110.0;80.44693;80.8403;0.07946266;81.09831717;76.61538603;85.1513561;62.7454287;81.32841511;0.0;
15;1549;Boyacá;Ramiriquí;15599;2021;10310;6.812964759;1.435499515;57.50727449;267;2313.0;139;1;0;0;0;0;65.32021568;40.80030271;77.09352078;905965.75;69.214355;7136.0;51.63768005;51.81884003;250.4927521;134.8016727;30.72406849;11.42515075;92.65245349;1.307484701;22.79205285;8.475525945;68.73242121;20.76174355;141.6693573;141.465332;17.58607199;38.30203443;20.83333333;15.14043863;36.95652174;23.70142362;220.0;482999.0;58.0;122985.0;72.0;142195.0;80.55556;86.49038;0.167740765;85.72795852;81.72317653;89.675367;85.5971178;82.40141493;0.0;
15;1567;Boyacá;Ráquira;15600;2011;7383;9.185516276;;74.23811459;231;2150.0;233;1;0;0;0;0;80.70953437;37.58314856;98.73766353;534016.6667;59.47446837;4391.0;43.8556701;44.53608247;215.8556701;125.057403;54.87533671;25.31145106;44.87061527;1.693856197;43.88011855;20.23986621;35.88001524;23.22154236;135.7585907;135.7585907;16.61928147;36.28844663;15.68880848;16.16391577;35.60045532;17.64371087;481.0;36396.0;199.0;15774.0;218.0;17749.0;91.28440367;88.87261254;0.087447319;88.55551886;85.17772635;91.4422088;67.2971717;86.94014883;0.0;
15;1567;Boyacá;Ráquira;15600;2016;7684;7.43861704;0.052056221;72.09786569;236;2150.0;233;1;0;0;0;0;79.01387512;36.96729435;76.75970874;685703.75;50.61166059;3889.0;51.04225352;51.45070423;258.0140845;121.5203835;49.42178184;11.77177925;60.32682242;1.581472977;40.66954071;9.687082041;49.64337725;23.22154236;135.7585907;135.7585907;16.53562654;40.29484029;18.5995086;15.0802435;39.42999447;21.25069175;286.0;795260.0;101.0;11564.0;136.0;16440.0;74.26471;70.34063;0.17624076;71.0503324;66.24239021;75.973;54.9713449;72.20855537;0.0;
15;1567;Boyacá;Ráquira;15600;2021;8248;12.06858228;0.315227934;67.74975752;241;2150.0;233;1;0;0;0;0;75.47148114;37.20101196;72.36842105;907878.0833;53.50387973;4413.0;54.62963104;53.18518448;259.4629517;145.1598215;67.73211817;8.943468028;68.48423531;1.75993964;46.66037576;6.161118094;47.17850615;23.22154236;135.7585907;135.7585907;16.37279597;41.03503549;19.76185024;14.45503736;39.93816027;22.67456841;291.0;764642.0;95.0;149605.0;129.0;196868.0;73.64341;75.99255;0.193286757;75.82981483;71.11668943;80.1201302;75.714081;75.19728184;0.0;
15;1549;Boyacá;Rondón;15621;2011;2647;3.758972422;;78.95731016;107;2075.0;159;1;0;0;0;0;84.57300275;37.12121212;90.1774398;1226272.958;85.30411787;2258.0;43.31034483;45.34482759;219.6551724;18.14727272;1.247756992;5.39341442;11.50610131;0.685578871;6.875727344;29.7202478;63.40402486;25.8862896;152.5963287;146.0547028;15.89403974;32.59749816;27.07873436;14.13043478;34.9378882;26.78571429;;;;;;;;;;89.81578374;88.41157031;91.0547997;68.2549016;90.56394608;1.0;HH
15;1549;Boyacá;Rondón;15621;2016;2425;3.501718213;0.082474227;76.0;112;2075.0;159;1;0;0;0;0;83.16981132;38.37735849;101.795977;1292609.458;77.15463918;1871.0;50.87878788;51.78787879;258.4545455;27.89957664;8.243966629;3.545686828;16.10992319;1.150498006;29.54871586;12.70874778;57.74253636;25.8862896;152.5963287;146.0547028;13.17891374;29.31309904;28.35463259;14.32225064;34.27109974;31.37254902;;;;;;;;;;83.75754086;82.09609167;85.3842243;64.802859;79.9637276;0.0;
15;1549;Boyacá;Rondón;15621;2021;2472;4.490291262;0.040453074;72.85598706;117;2075.0;159;1;0;0;0;0;80.99383388;39.10047153;96.8641115;1708118.833;73.58414239;1819.0;52.53845978;50.65384674;252.0769196;31.63761039;9.890173383;2.785714382;18.96172262;1.279838608;31.26081035;8.805072028;59.93411762;25.8862896;152.5963287;146.0547028;12.67150928;29.94350282;30.58918483;13.38199513;34.30656934;33.57664234;;;;;;;;;;81.45884195;79.58703155;83.3836931;81.3345169;83.15503338;0.0;
15;1560;Boyacá;Saboyá;15632;2011;13144;2.587999594;;93.47991479;227;2625.0;251;1;0;0;0;0;95.18987342;37.85836469;92.73906409;1171455.083;77.26719416;10156.0;43.07058824;44.77647059;213.1882353;118.0416362;50.23038777;11.58472786;56.22652054;0.898064791;42.55311041;9.814103087;47.6327865;13.09198189;152.2612152;152.2612152;15.74594257;35.01872659;19.75655431;15.70665083;35.59976247;21.80819477;;;;;;;;;;89.09991159;87.67605792;90.4275017;67.7108793;90.76788349;0.0;
15;1560;Boyacá;Saboyá;15632;2016;13345;3.05545148;0.014986886;92.9636568;232;2625.0;251;1;0;0;0;0;94.99734607;37.44692144;86.01270462;926553.9167;69.50917947;9276.0;48.75;49.01388889;245.2175926;220.0351128;120.4797625;26.45491468;73.10043569;1.648820628;54.75478932;12.02304229;33.22216839;13.09198189;152.2612152;152.2612152;16.433942;35.82936934;20.66901949;15.42179262;35.83772701;22.77387229;;;;;;;;;;82.03784452;80.40467564;83.8205108;63.4723371;84.24980005;0.0;
15;1560;Boyacá;Saboyá;15632;2021;14171;4.122856538;0.239926611;91.46143533;237;2625.0;251;1;0;0;0;0;93.90753719;37.2863642;83.19029637;933019.1667;65.12596147;9229.0;48.60563278;48.11267471;231.8943634;217.4244728;108.3842807;17.69710653;91.34308561;1.534291672;49.84916338;8.13942713;42.01140949;13.09198189;152.2612152;152.2612152;16.03691953;36.31381598;22.81511393;14.53641011;35.77449219;25.46635346;;;;;;;;;;79.66227577;77.75670685;81.5901786;79.5406927;80.4648085;0.0;
15;1567;Boyacá;Sáchica;15638;2011;4722;3.100734152;;54.0025413;202;2152.0;61;1;0;0;0;0;61.27272727;42.25;87.2579001;977990.5;67.00550614;3164.0;44.34;44.89878049;210.5365854;30.25230484;6.660212922;3.404109539;20.18798238;0.640667193;22.01555537;11.25239732;66.73204732;19.88617516;146.9836731;146.9836731;18.31996623;36.97762769;13.42338539;18.52953676;37.22906927;15.38461538;;;;;;;;;;85.28633122;83.61500408;86.9179635;64.8127745;86.7089394;0.0;
15;1567;Boyacá;Sáchica;15638;2016;5288;3.536308623;0.226928896;53.46066566;207;2152.0;61;1;0;0;0;0;61.03818616;41.34844869;77.74221705;741724.75;61.70574887;3263.0;50.7254902;50.90196078;255.2352941;111.3860237;65.06134033;13.58813433;32.736549;2.106392278;58.41068582;12.19913763;29.39017654;19.88617516;146.9836731;146.9836731;18.29992576;38.90126206;14.0311804;18.11873554;40.1310717;14.99614495;;;;;;;;;;77.14801043;75.1924686;79.2405064;59.6890929;78.92754709;0.0;
15;1567;Boyacá;Sáchica;15638;2021;5732;4.124505699;0.348918353;51.62247034;212;2152.0;61;1;0;0;0;0;59.25993438;41.1410864;75.0;906057.2917;67.18422889;3851.0;52.5128212;52.17948532;254.1538391;97.73178841;47.34749361;7.994660204;42.38963459;1.705020733;48.44635955;8.180204552;43.37343589;19.88617516;146.9836731;146.9836731;17.86321878;39.60530793;15.51548146;17.32903688;40.38668099;16.61296097;;;;;;;;;;79.29126978;77.40741708;81.2466374;79.1702529;80.86585911;0.0;
15;1521;Boyacá;Samacá;15646;2011;16877;24.68151923;;63.47099603;455;2604.0;150;1;0;0;0;0;70.15671273;40.91806515;84.72703437;533883.3333;55.56674764;9378.0;44.33439114;46.86;218.2878229;328.8251488;196.9201545;28.31730022;103.5876941;1.948362558;59.88597746;8.611658907;31.50236363;18.98736382;138.0865936;138.0865936;18.04981702;38.72033998;11.59249203;18.7366167;38.66285986;12.95503212;;;;;;;;;;73.50139069;71.68650233;75.3696107;55.8568881;75.65136439;0.0;
15;1521;Boyacá;Samacá;15646;2016;17800;17.54447566;0.174157303;61.71910112;460;2604.0;150;1;0;0;0;0;69.30584431;40.74844075;81.10077247;685720.4167;52.69662921;9380.0;53.37333333;54.67111111;269.4177778;287.6178996;116.6065263;30.59514328;140.41623;1.615830896;40.54216599;10.63742671;48.8204073;18.98736382;138.0865936;138.0865936;17.71499047;39.04025115;13.26381881;17.29534962;39.64643621;14.8294111;;;;;;;;;;69.35635878;67.1414996;71.5378652;53.6607246;69.68423594;0.0;
15;1521;Boyacá;Samacá;15646;2021;19231;26.97857626;2.605168738;59.4664864;465;2604.0;150;1;0;0;0;0;67.32395855;40.70099387;77.01370522;924333.1667;53.87655348;10361.0;54.58823395;54.16386414;260.2310791;399.4013693;183.6816163;26.08902543;189.6307275;2.076862198;45.98923049;6.532032046;47.47873746;18.98736382;138.0865936;138.0865936;17.45209736;40.10357328;14.53133092;16.45781119;40.15246449;16.55179616;;;;;;;;;;64.29578539;61.84827943;66.6031382;64.1976551;69.90422687;0.0;
15;1543;Boyacá;San Eduardo;15660;2011;2009;3.600464576;;65.35589846;46;1950.0;106;1;0;0;0;0;73.45007099;38.3341221;89.52618454;959907.75;73.17073171;1470.0;44.30434783;46.34782609;211.826087;13.81594177;2.702094738;2.844482392;8.269364638;0.687702428;19.55780346;20.58840751;59.85378903;48.48638916;155.9944305;136.9094391;15.1371807;34.34247871;26.39545885;13.44537815;36.2394958;28.67647059;;;;;;;;;;88.52956124;86.96162613;89.9328643;67.2774454;88.82686459;1.0;HH
15;1543;Boyacá;San Eduardo;15660;2016;1798;3.582684464;;59.73303671;51;1950.0;106;1;0;0;0;0;68.81606765;39.05919662;79.43009795;1106528.042;71.2458287;1281.0;56.125;56.625;284.4375;20.44443221;7.103860931;2.555023252;10.78554803;1.137065195;34.74716665;12.49740382;52.75542953;48.48638916;155.9944305;136.9094391;15.43340381;36.25792812;26.6384778;13.14553991;38.49765258;29.92957746;;;;;;;;;;83.44967006;81.7419758;85.2178788;64.5646606;;0.0;
15;1543;Boyacá;San Eduardo;15660;2021;1728;4.923804012;;53.53009259;56;1950.0;106;1;0;0;0;0;63.16371681;40.32079646;79.51356408;1328863.75;74.36342593;1285.0;51.33333206;49.27777863;240.1666718;33.17393394;15.93531451;2.788154146;14.45046529;1.919787844;48.03564912;8.404653338;43.55969754;48.48638916;155.9944305;136.9094391;15.24663677;35.98654709;28.47533632;11.84210526;39.71291866;31.22009569;;;;;;;;;;81.73112224;79.84091896;83.5794835;81.6063816;;0.0;
15;1567;Boyacá;San José de Pare;15664;2011;5090;3.169613621;;82.02357564;235;1525.0;77;1;0;0;0;0;86.69090909;36.70909091;82.16859919;799053.9583;87.48526523;4453.0;42.046875;40.5;206.03125;43.24476138;6.751980626;5.557027161;30.9357536;0.849602385;15.61340706;12.85017418;71.53641876;52.24729538;190.1736145;137.3101959;13.82144191;37.87822189;22.82405678;13.67592209;38.83133029;23.0832988;;;;;;;;;;92.08213145;90.78310552;93.258302;69.9771973;92.42969643;0.0;
15;1567;Boyacá;San José de Pare;15664;2016;4973;3.356458208;0.080434345;80.93706012;240;1525.0;77;1;0;0;0;0;86.08727406;36.40679204;82.91966035;924987.0417;79.81097929;3969.0;49.57894737;48.56140351;243.5438596;56.02413525;11.23262988;6.885239779;37.9062656;1.126566162;20.04962651;12.28977431;67.66059918;52.24729538;190.1736145;137.3101959;12.60601388;36.96993061;27.44795682;11.60151324;37.6208491;27.99495586;;;;;;;;;;87.19722791;85.60557733;88.7225717;67.4641305;84.23364974;0.0;
15;1567;Boyacá;San José de Pare;15664;2021;5163;3.767189618;0.154948673;78.55897734;245;1525.0;77;1;0;0;0;0;84.35715522;36.49420315;81.23231688;980489.875;76.50590742;3950.0;51.08571243;48.20000076;241.6857147;77.06141915;20.955338;6.366756704;49.73932445;1.492570582;27.19303411;8.261925065;64.54504082;52.24729538;190.1736145;137.3101959;11.98960653;37.04528582;29.844098;10.73309032;37.46456055;31.18671527;;;;;;;;;;84.65256173;83.01389289;86.3691817;84.5233623;84.41340865;0.0;
15;1554;Boyacá;San Luis de Gaceno;15667;2011;5660;5.634570082;;59.43462898;55;400.0;247;1;0;0;0;0;66.67267809;40.45085663;85.51803091;550470.4167;73.56890459;4164.0;45.42857143;48.03571429;223.3690476;50.29018813;14.84248103;5.766900328;29.68080677;0.888519225;29.51367171;11.46724747;59.01908081;81.12762451;122.7472;81.12762451;16.21342513;35.14629948;22.06540448;15.68058076;37.56805808;20.50816697;;;;;;;;;;86.48628793;84.99384007;87.9694154;65.7246736;87.58263177;0.0;
15;1554;Boyacá;San Luis de Gaceno;15667;2016;5577;5.388201542;0.215169446;57.539896;60;400.0;247;1;0;0;0;0;66.16968406;40.27334043;79.33978372;733571.9167;61.78949256;3446.0;51.95;53.5;265.5;73.91043117;26.18350857;9.04536571;38.68155689;1.32527221;35.42599895;12.23828026;52.33572079;81.12762451;122.7472;81.12762451;15.01754386;36.56140351;24.49122807;14.30143014;39.12724606;23.10231023;;;;;;;;;;78.19723145;76.18117523;79.9090113;60.5008708;80.22193748;0.0;
15;1554;Boyacá;San Luis de Gaceno;15667;2021;5683;8.17203355;0.668660919;54.49586486;65;400.0;247;1;0;0;0;0;63.38589499;40.56489343;78.25356843;909130.3333;56.67781102;3221.0;52.078125;51.71875;245.8125;76.79311605;21.04861128;6.190110348;49.55439442;1.351277777;27.40950278;8.060762041;64.52973517;81.12762451;122.7472;81.12762451;14.51724138;36.68965517;26.51724138;13.47466762;38.62738052;26.01509163;;;;;;;;;;74.22075567;72.11834104;76.1575709;74.1074776;75.78242323;0.0;
15;1558;Boyacá;San Mateo;15673;2011;4431;6.065222297;;73.75310314;234;2221.0;132;1;0;0;0;0;80.18394649;38.16889632;101.4913341;581485.4167;81.49401941;3611.0;43.05797101;42.30434783;208.9275362;36.94163226;15.75191502;3.024510056;18.16520719;0.833708695;42.64000818;8.18726697;49.17272485;63.20664597;287.8722229;99.54024506;13.65853659;29.75609756;32.94900222;13.60294118;31.66360294;31.89338235;;;;;;;;;;90.30097885;88.78194141;91.6635891;68.6236223;85.6174965;0.0;
15;1558;Boyacá;San Mateo;15673;2016;3668;4.302980734;0.027262814;68.7568157;239;2221.0;132;1;0;0;0;0;76.97638604;39.29671458;106.2902427;866435.4583;71.40130862;2619.0;51.84482759;53.56896552;261.8793103;36.50232752;8.516224155;4.087758913;23.89834445;0.995156148;23.33063323;11.19862538;65.47074139;63.20664597;287.8722229;99.54024506;12.87506819;29.73267867;31.64211675;13.6239782;30.51771117;34.22343324;;;;;;;;;;82.66359174;80.83334348;84.3888873;63.9564751;81.14558895;0.0;
15;1558;Boyacá;San Mateo;15673;2021;3459;6.413221548;0.260190807;62.30124313;244;2221.0;132;1;0;0;0;0;71.68214091;40.3058438;102.8139656;1178715.542;74.73258167;2585.0;49.30555725;50.33333206;235.3611145;51.07998125;19.91475206;3.48692274;27.67830644;1.476726836;38.9873911;6.826397847;54.18621105;63.20664597;287.8722229;99.54024506;12.50730567;29.98246639;33.48918761;13.15789474;30.60640732;35.98398169;;;;;;;;;;80.88846891;78.78782624;82.7134147;80.7650144;77.91740254;0.0;
15;1560;Boyacá;San Miguel de Sema;15676;2011;3132;5.986590038;;87.22860792;52;2543.0;70;1;0;0;0;0;90.8288237;38.50754771;92.32818327;604862.5;80.71519796;2528.0;45.64615385;44.72307692;216.7846154;31.62401544;1.832612406;3.83294899;25.95845405;1.009706751;5.795002249;12.12037414;82.08462361;10.87244225;132.6700897;132.6700897;15.34974093;33.5492228;21.95595855;15.17632242;37.97229219;23.80352645;;;;;;;;;;87.82955229;86.45874305;89.3802746;66.7454783;86.32541539;0.0;
15;1560;Boyacá;San Miguel de Sema;15676;2016;3035;7.26523888;0.032948929;86.49093904;57;2543.0;70;1;0;0;0;0;90.40645547;37.80633592;99.49095023;689481.25;61.54859967;1868.0;49.26315789;50.23684211;252.4473684;47.2575883;13.63204099;5.795415512;27.8301318;1.557086929;28.84624772;12.26346016;58.89029212;10.87244225;132.6700897;132.6700897;13.78413524;32.57477243;23.08192458;12.95925184;37.34134937;26.98730795;;;;;;;;;;75.6457587;73.52613471;77.6803034;58.526807;72.14992;0.0;
15;1560;Boyacá;San Miguel de Sema;15676;2021;3097;10.05542999;0.29060381;84.72715531;62;2543.0;70;1;0;0;0;0;89.17050691;37.93202765;97.78147532;905973.8333;55.86051017;1730.0;50.20000076;47.64444351;237.0888824;46.76606667;11.7124358;3.863835848;31.18979502;1.510044129;25.04473143;8.26205008;66.69321849;10.87244225;132.6700897;132.6700897;13.35902376;32.81952473;25.11239563;12.27272727;36.94805195;29.54545455;;;;;;;;;;73.69036766;71.54189508;75.7868401;73.5778991;71.88033824;0.0;
15;1560;Boyacá;San Pablo de Borbur;15681;2011;6531;3.362170163;;89.25126321;52;678.0;165;1;0;0;0;0;91.51421983;34.6810146;90.27605073;1190536.917;99.64783341;6508.0;40.18181818;41.29292929;205.1515152;47.34171378;8.176844513;6.799788341;32.36508092;0.724876953;17.27196559;14.36320699;68.36482742;32.63551712;142.2169647;142.2169647;14.68120805;40.01677852;15.57606264;16.07445008;37.63113367;13.02876481;;;;;;;;;;94.10065808;93.0027016;95.0826148;71.511163;92.15125658;0.0;
15;1560;Boyacá;San Pablo de Borbur;15681;2016;6507;6.078069771;0.015368065;88.90425695;57;678.0;165;1;0;0;0;0;91.6702264;34.78570412;81.00585938;685696.25;73.92039342;4810.0;50.81967213;47.63934426;245.8852459;70.55544405;15.4685478;8.694880869;46.39201539;1.084300662;21.92396066;12.32347267;65.75256667;32.63551712;142.2169647;142.2169647;15.11860532;38.09659903;22.49214061;15.4587766;37.3337766;18.98271277;;;;;;;;;;86.22192819;84.48333847;87.7806996;66.7095451;80.12533747;0.0;
15;1560;Boyacá;San Pablo de Borbur;15681;2021;6876;10.98385689;0.203606748;87.43455497;62;678.0;165;1;0;0;0;0;90.49018298;34.32616535;77.73964768;1285025.542;68.9063409;4738.0;47.20652008;45.34782791;223.8369598;82.4187335;15.03625017;6.854177991;60.52830534;1.198643594;18.24372874;8.31628648;73.43998478;32.63551712;142.2169647;142.2169647;14.82371795;38.46153846;24.35897436;14.8467433;37.4201788;20.78544061;;;;;;;;;;81.02198698;79.10013542;82.8014166;80.8983287;77.94732559;0.0;
15;1567;Boyacá;Santana;15686;2011;7284;3.489383123;;68.6298737;231;1591.0;73;1;0;0;0;0;74.82172244;39.08392759;84.54605408;579191.6667;92.65513454;6749.0;39.20873786;41.10679612;201.8203883;47.21174892;1.864902833;7.011306632;38.33553946;0.648156904;3.950082079;14.85076658;81.19915134;49.49545288;200.0861664;127.5440674;15.93391953;38.28936851;17.98561151;15.97281223;37.92126876;18.43670348;;;;;;;;;;91.52707678;90.15248178;92.7040267;69.5553872;89.16645649;0.0;
15;1567;Boyacá;Santana;15686;2016;7392;4.115936147;0.162337662;66.77489177;236;1591.0;73;1;0;0;0;0;73.53440397;38.99986943;76.42737196;695286.6667;82.15638528;6073.0;50.8877551;51.93877551;257.1938776;76.09850643;10.3539786;9.380426437;56.36410139;1.029471137;13.60602078;12.32668928;74.06728994;49.49545288;200.0861664;127.5440674;15.94544978;37.87044322;21.19066352;15.73065102;39.2008941;21.40262643;;;;;;;;;;86.45050921;84.84043056;88.0127429;66.8863973;84.22161415;1.0;HH
15;1567;Boyacá;Santana;15686;2021;7888;4.992816092;0.240872211;65.18762677;241;1591.0;73;1;0;0;0;0;72.22826744;38.97956716;73.23449083;917866.5833;77.63691684;6124.0;49.93181992;48.77272797;234.7045441;97.42510628;20.00418321;8.085708116;69.33521495;1.235105303;20.53288313;8.29940908;71.16770779;49.49545288;200.0861664;127.5440674;15.61347431;38.48045242;22.98991886;15.0745878;39.02119864;23.60638576;;;;;;;;;;83.27399564;81.63337056;85.0384234;83.1469002;82.33746006;1.0;HH
15;1554;Boyacá;Santa María;15690;2011;4042;6.35617681;;44.58189015;50;900.0;532;1;0;0;0;0;52.9521774;42.10526316;83.67670365;829320.9167;67.16971796;2715.0;39.30434783;43.84782609;206.4565217;337.5554964;3.576658716;31.31714926;302.6616885;8.351199813;1.0595765;9.277629781;89.66279372;77.51363373;109.3308945;77.51363373;15.53211889;37.15244487;20.70949185;16.87116564;37.73006135;18.35378323;;;;;;;;;;84.5965443;82.96850698;86.1618888;64.2885756;86.93643327;0.0;
15;1554;Boyacá;Santa María;15690;2016;3707;8.726733207;0.539519827;42.16347451;55;900.0;532;1;0;0;0;0;51.93886216;41.2397396;75.61388654;690741.6667;56.35284597;2089.0;54.7173913;54.30434783;270.1521739;533.1446676;6.791816689;64.9549758;461.3978751;14.38210595;1.273916275;12.18336781;86.54271592;77.51363373;109.3308945;77.51363373;14.98694517;37.54569191;26.00522193;13.72767857;38.671875;21.93080357;;;;;;;;;;67.30946488;64.98223591;69.9810064;52.0770514;78.81138974;0.0;
15;1554;Boyacá;Santa María;15690;2021;3639;13.48355775;1.896125309;40.42319318;60;900.0;532;1;0;0;0;0;50.05678592;41.05621806;73.1016731;1007571.417;55.8944765;2034.0;50.46666718;49.5;240.8000031;807.4703836;8.522691429;65.81043384;733.1372583;22.18934827;1.055480375;8.15019785;90.79432178;77.51363373;109.3308945;77.51363373;14.16490486;37.89640592;28.43551797;12.93646251;38.63766457;24.78534631;;;;;;;;;;72.12175746;70.10997903;74.394544;72.011683;77.4074095;0.0;
15;1589;Boyacá;Santa Rosa de Viterbo;15693;2011;12420;4.090177134;;40.90177134;257;2748.0;107;1;0;0;0;0;49.47882736;40.61074919;62.53957088;608398.7083;46.11916264;5728.0;44.78887931;45.77297414;219.012931;80.72860892;6.895717202;15.55969175;58.27319997;0.6499888;8.541850645;19.27407391;72.18407544;10.4120121;214.4516296;138.4151764;25.16505451;38.16981422;16.04483341;15.57474183;40.93448451;21.56763162;;;;;;;;;;81.96394072;80.28992735;83.6544775;62.2879462;76.05578594;0.0;
15;1589;Boyacá;Santa Rosa de Viterbo;15693;2016;12747;3.665568369;0.031379933;39.31121048;262;2748.0;107;1;0;0;0;0;48.45204934;41.3609232;62.4426079;709592.3333;38.87973641;4956.0;55.48780488;56.31097561;277.3597561;103.2331297;8.671551581;12.91632035;81.64525775;0.809862161;8.399969668;12.5117977;79.08823263;10.4120121;214.4516296;138.4151764;22.35099338;38.80192655;19.11499097;14.81238735;40.17696215;24.66000328;;;;;;;;;;72.91163215;70.65442317;74.9352641;56.4114248;71.4968062;2.0;LL
15;1589;Boyacá;Santa Rosa de Viterbo;15693;2021;13663;5.202615336;0.226890141;38.70306668;267;2748.0;107;1;0;0;0;0;47.79763218;41.34127509;60.16615188;924509.9583;36.1633609;4941.0;55.45378113;56.12604904;269.3109131;132.5276366;11.89941126;11.23666338;109.391562;0.969974651;8.978814959;8.478732186;82.54245285;10.4120121;214.4516296;138.4151764;22.6973223;38.70741623;20.62245899;13.98162328;39.81623277;27.13629403;;;;;;;;;;68.36463353;66.22904169;70.6943585;68.2602933;66.62711356;2.0;LL
15;1567;Boyacá;Santa Sofía;15696;2011;3130;3.860489883;;71.69329073;112;2370.0;82;1;0;0;0;0;79.2106056;38.71648087;96.20670698;737673.2083;80.15974441;2509.0;42.96969697;45.66666667;215.969697;39.33549561;12.37942536;11.43988566;15.51618459;1.256725099;31.47138525;29.08285629;39.44575846;28.45434952;161.2989349;161.2989349;12.8643853;34.98098859;25.85551331;14.3685567;34.27835052;27.31958763;;;;;;;;;;88.32102662;86.94443891;89.6650725;67.1189709;88.90732647;0.0;
15;1567;Boyacá;Santa Sofía;15696;2016;3153;6.771328893;0.063431652;68.56961624;117;2370.0;82;1;0;0;0;0;76.33982948;38.7637028;100.0;718476.25;65.84205519;2076.0;47.58974359;48.25641026;241.1538462;50.31424643;21.76444785;6.426554399;22.12324419;1.595757895;43.25702836;12.77283246;43.97013919;28.45434952;161.2989349;161.2989349;12.66375546;34.1235184;26.57517155;13.61290323;34.70967742;27.74193548;;;;;;;;;;79.07560743;76.94330279;80.986944;61.1804667;76.24431361;0.0;
15;1567;Boyacá;Santa Sofía;15696;2021;3309;5.469930493;0.483529767;66.27379873;122;2370.0;82;1;0;0;0;0;74.48571429;38.54285714;97.10373881;1117158.667;60.04835298;1987.0;53.7142868;53.7857132;257.1785583;76.4970516;38.2970286;6.694604658;31.50541835;2.311787598;50.06340479;8.751454491;41.18514072;28.45434952;161.2989349;161.2989349;12.24127735;34.83146067;28.50384388;13.0407911;34.48702101;30.16069221;;;;;;;;;;77.56983648;75.50769064;79.484304;77.451447;79.49518268;0.0;
15;1558;Boyacá;Sativanorte;15720;2011;2552;6.984717868;;75.94043887;257;2600.0;162;1;0;0;0;0;83.29221008;37.53965456;87.93671721;534083.3333;73.86363636;1885.0;47.2972973;45.59459459;219.5675676;15.5158055;3.470215629;1.766822121;10.27876775;0.607986109;22.36568143;11.38724072;66.24707785;48.12525177;252.9909515;121.761116;13.60123648;35.93508501;28.82534776;12.6391097;34.10174881;31.3990461;;;;;;;;;;88.94230817;87.54122698;90.4012503;67.5911097;82.5369629;0.0;
15;1558;Boyacá;Sativanorte;15720;2016;2350;5.964539007;;71.70212766;262;2600.0;162;1;0;0;0;0;79.51294936;37.22458446;85.85786073;685741.6667;67.31914894;1582.0;48.34615385;49.69230769;245.6538462;22.46808576;6.185655621;2.652388699;13.63004144;0.956088756;27.53085282;11.80513875;60.66400843;48.12525177;252.9909515;121.761116;13.26699834;36.56716418;31.75787728;11.27622378;31.46853147;34.52797203;;;;;;;;;;84.89494965;83.15522465;86.391562;65.6828674;;0.0;
15;1558;Boyacá;Sativanorte;15720;2021;2248;20.23650652;0.3113879;67.57117438;267;2600.0;162;1;0;0;0;0;76.26160678;37.98950343;85.50943396;906037.5;66.77046263;1501.0;47.47999954;46.75999832;230.5599976;39.82372169;18.91326196;2.059323677;18.85113605;1.771517869;47.49245214;5.171098004;47.33644986;48.12525177;252.9909515;121.761116;13.01671064;36.4116095;33.50923483;10.2610261;31.50315032;36.63366337;;;;;;;;;;74.48831823;72.22962576;76.6758032;74.3746318;70.57624959;0.0;
15;1558;Boyacá;Sativasur;15723;2011;1148;14.09698026;;74.04181185;133;2600.0;62;1;0;0;0;0;80.42121685;39.46957878;81.24118477;533883.3333;87.19512195;1001.0;46.31818182;46.63636364;229.3636364;11.34951265;5.21067627;0.9633635;5.175472876;0.988633506;45.91101339;8.488148608;45.600838;45.5923233;247.9231415;129.3261414;18.29710145;36.95652174;21.37681159;14.4295302;36.0738255;28.3557047;;;;;;;;;;88.08084472;86.60652285;89.5836594;66.9364463;79.52738042;0.0;
15;1558;Boyacá;Sativasur;15723;2016;1083;19.75992613;;72.48384118;138;2600.0;62;1;0;0;0;0;79.56630525;41.28440367;83.73860182;685696.25;66.75900277;723.0;53.2;52.8;264.4;20.48623462;11.75571469;1.237462766;7.493057162;1.891619078;57.38348169;6.040459798;36.57605851;45.5923233;247.9231415;129.3261414;15.44715447;39.43089431;21.34146341;13.70558376;33.67174281;30.28764805;;;;;;;;;;75.23206032;73.21695566;77.0974791;58.2067303;;0.0;
15;1558;Boyacá;Sativasur;15723;2021;1119;42.53798034;0.268096515;71.58176944;143;2600.0;62;1;0;0;0;0;78.91805887;40.81145585;80.49490539;937322.3333;55.94280608;626.0;48.59999847;54.26666641;245.6666718;30.84635846;18.85710764;1.091077614;10.8981732;2.756600398;61.13236241;3.537135885;35.33050171;45.5923233;247.9231415;129.3261414;14.89361702;39.84526112;23.40425532;13.12292359;33.22259136;33.38870432;;;;;;;;;;56.87941329;54.5983688;59.3283655;56.7926021;70.11698313;2.0;LL
15;1521;Boyacá;Siachoque;15740;2011;6664;2.892406963;;84.21368547;119;2700.0;167;1;0;0;0;0;87.89050878;37.97976793;100.8997429;1358748.792;102.5510204;6834.0;43.19090909;44.01818182;213.3545455;84.00121123;45.31249993;8.507617393;30.18109391;1.260522377;53.94267447;10.1279699;35.92935563;19.67561913;162.7785645;159.443573;16.90265487;34.33628319;16.81415929;17.19609041;33.5980452;17.0739157;;;;;;;;;;93.88862657;92.70804347;94.9357605;71.3500311;91.53694259;0.0;
15;1521;Boyacá;Siachoque;15740;2016;6610;3.083711548;0.015128593;83.54009077;124;2700.0;167;1;0;0;0;0;87.54491018;37.54491018;102.4523872;911814.5833;91.42208775;6043.0;49.75510204;49.3877551;250.0510204;118.9994609;60.16686093;14.53126098;44.30133902;1.800294417;50.56061637;12.211199;37.22818463;19.67561913;162.7785645;159.443573;15.6626506;33.58801058;18.71877755;16.37043966;33.83224197;18.95852822;;;;;;;;;;88.41519196;86.92980607;89.8522594;68.4064641;84.9723284;0.0;
15;1521;Boyacá;Siachoque;15740;2021;6995;4.481772695;0.300214439;82.08720515;129;2700.0;167;1;0;0;0;0;86.42420877;37.36812882;96.96675564;1049669.167;81.42959257;5696.0;48.7865181;50.5617981;238.3595581;198.9968278;130.3689796;16.25583313;52.37201508;2.844843858;65.51309438;8.168890581;26.31801504;19.67561913;162.7785645;159.443573;15.34832084;34.63780183;20.53844019;15.47759434;34.10966981;21.25589623;;;;;;;;;;85.02001011;83.31996419;86.6302004;84.8902499;83.22509682;0.0;
15;1558;Boyacá;Soatá;15753;2011;10550;6.091627172;;38.71090047;282;1960.0;111;1;0;0;0;0;48.18225885;45.31265148;78.17879795;533883.3333;61.66824645;6506.0;44.72631579;47.66842105;222.3263158;56.9301505;2.452333195;8.658499878;45.81931743;0.53962228;4.307617621;15.20898821;80.48339417;57.02850342;268.8579712;104.9167786;15.4974237;35.92944907;25.64407451;14.88008721;37.97238372;26.12645349;;;;;;;;;;81.61020009;79.54491844;83.3083027;62.0191234;80.69849107;0.0;
15;1558;Boyacá;Soatá;15753;2016;9481;7.67412017;0.316422318;32.43328763;287;1960.0;111;1;0;0;0;0;41.69684996;46.13105038;76.25020907;689500.4167;57.77871533;5478.0;54.9;55.13076923;276.9076923;79.76783593;4.420782368;9.838817946;65.50823561;0.841344119;5.542061304;12.33431725;82.12362145;57.02850342;268.8579712;104.9167786;15.28761062;35.84070796;27.05752212;13.44486999;37.81495666;28.56278976;;;;;;;;;;72.91928767;70.83709979;75.0500818;56.4173478;71.52296487;0.0;
15;1558;Boyacá;Soatá;15753;2021;9220;9.733369487;0.770065076;27.46203905;292;1960.0;111;1;0;0;0;0;36.0950108;47.00534152;74.35326366;948936.1667;58.56832972;5400.0;52.82692337;50.86538315;250.9134674;109.2130034;10.69155261;9.111879689;89.40957109;1.184522813;9.789633361;8.343218669;81.86714797;57.02850342;268.8579712;104.9167786;14.80637813;36.19589977;28.67881549;12.83643892;37.63975155;30.64182195;;;;;;;;;;69.84497107;67.62669135;72.0079185;69.7383715;71.60434727;0.0;
15;1593;Boyacá;Socotá;15755;2011;8134;14.47729694;;83.64888124;184;2400.0;617;1;0;0;0;0;87.59358289;36.76767677;95.68016615;533950.0;70.89992624;5767.0;39.55263158;41.18421053;202.25;83.81343852;40.368182;5.544321968;37.90093455;1.030408637;48.16433106;6.615075179;45.22059376;48.10155869;248.7741547;147.3898621;15.57492931;35.60320452;20.19321395;16.45244216;33.16195373;21.1311054;;;;;;;;;;85.56753698;83.76180749;87.0622714;65.026475;81.08517526;0.0;
15;1593;Boyacá;Socotá;15755;2016;7425;8.34006734;0.053872054;81.38720539;189;2400.0;617;1;0;0;0;0;85.90524087;36.39491795;99.76754998;685696.25;66.1952862;4915.0;52.5;53.64473684;264.2105263;112.3106065;47.88261994;9.453566556;54.97442005;1.512600761;42.63410324;8.417340844;48.94855592;48.10155869;248.7741547;147.3898621;14.53755749;36.56106285;20.56719469;14.69666762;33.18142979;21.84562803;;;;;;;;;;81.68152955;79.91374845;83.4679127;63.1966577;79.33360672;0.0;
15;1593;Boyacá;Socotá;15755;2021;7460;14.4772118;0.348525469;78.56568365;194;2400.0;617;1;0;0;0;0;83.79078198;36.30243397;95.31428571;905965.75;64.39678284;4804.0;51.86153793;51.86153793;250.9384613;138.8805165;61.66045132;7.493207482;69.72685772;1.861669122;44.39820132;5.395434629;50.20636405;48.10155869;248.7741547;147.3898621;14.22774537;37.35734213;22.36875476;13.87546204;33.57975547;24.22519192;;;;;;;;;;77.14133613;74.9131859;79.2344084;77.0236006;73.63844113;0.0;
15;1593;Boyacá;Socha;15757;2011;7921;16.16483609;;50.58704709;223;2667.0;163;1;0;0;0;0;59.79354839;42.54193548;81.10977564;533883.3333;55.99040525;4435.0;42.8447205;44.60248447;211.6770186;104.2620211;58.47326075;7.01427004;38.77449035;1.316273465;56.08299178;6.727540828;37.18946739;42.27528763;242.3139954;136.5691376;16.75152749;37.57637475;19.01731161;16.15326822;37.94139745;21.26220887;;;;;;;;;;78.6966184;76.95918247;80.6294657;59.8049665;78.63125354;2.0;LL
15;1593;Boyacá;Socha;15757;2016;7923;13.49762295;0.126214818;48.12570996;228;2667.0;163;1;0;0;0;0;57.38501971;42.45729304;81.9352243;685696.25;41.56253944;3293.0;52.03157895;52.08421053;259.5368421;121.8200068;51.64796588;9.323109301;60.84893162;1.537548994;42.39694877;7.653184026;49.9498672;42.27528763;242.3139954;136.5691376;15.68926123;39.07083016;18.48184818;15.83835341;37.34939759;21.28514056;;;;;;;;;;66.84481184;64.47211061;69.3244667;51.7175513;66.06190788;0.0;
15;1593;Boyacá;Socha;15757;2021;8236;27.41015056;0.558523555;45.55609519;233;2667.0;163;1;0;0;0;0;54.71935565;42.60005034;80.16225613;1055255.625;42.90917921;3534.0;51.0625;51.11606979;244.9642792;154.9936195;61.97610814;8.002583777;85.01492758;1.881904074;39.98623191;5.163169815;54.85059828;42.27528763;242.3139954;136.5691376;15.27947278;39.68757628;19.99023676;15.02778449;37.11041314;23.38729162;;;;;;;;;;58.92919084;56.69178778;61.4301254;58.8392513;65.75070612;2.0;LL
15;1580;Boyacá;Sogamoso;15759;2011;117006;16.04041673;;13.27795156;459;2492.0;214;1;0;0;0;0;17.66564308;51.25290343;64.84053659;533883.3333;34.81188999;40732.0;49.02500526;50.64450578;236.5052576;1765.097515;52.77389051;728.5807634;983.7428607;1.508552993;2.989856938;41.27708284;55.73306022;0.0;200.8921356;165.6478424;18.40387029;40.377935;16.14135278;16.86471148;43.41131516;18.3851152;1277.0;147744.0;325.0;36514.0;498.0;57277.0;65.26104418;63.74984723;0.058610726;63.69435102;61.0073102;66.2529924;48.4040942;64.58324994;0.0;
15;1580;Boyacá;Sogamoso;15759;2016;124070;19.17768195;1.571693399;12.35189812;464;2492.0;214;1;0;0;0;0;16.44986475;50.76488455;63.65891801;685696.25;37.18545982;46136.0;56.87678768;56.93564356;283.989549;2678.595758;59.80094309;1089.614412;1529.180403;2.158939114;2.232548263;40.67856856;57.08888318;0.0;200.8921356;165.6478424;17.64965162;40.66319698;17.72085375;15.97959529;42.83453436;20.98090131;865.0;1930399.0;206.0;32197.0;357.0;54505.0;57.70308;59.07164;0.080810854;58.79096699;55.51669065;62.3534643;45.4863252;57.49303913;0.0;
15;1580;Boyacá;Sogamoso;15759;2021;133585;19.46513456;2.334842984;11.35082532;469;2492.0;214;1;0;0;0;0;15.23522234;50.63550705;61.32106189;905965.75;37.99453531;50755.0;56.88628387;55.60479355;273.166748;3348.52943;26.79148947;1225.932459;2095.805481;2.506665741;0.800097178;36.61107017;62.58883266;0.0;200.8921356;165.6478424;17.2544219;41.27312962;19.38258236;15.10992157;42.72628385;23.33829507;837.0;2002120.0;168.0;247815.0;299.0;431942.0;56.18729;57.37229;0.090836448;57.16878239;54.13004911;60.4603453;57.0815296;56.38104277;2.0;LL
15;1562;Boyacá;Somondoco;15761;2011;3165;4.428646656;;79.77883096;255;1680.0;68;1;0;0;0;0;85.94594595;37.89189189;89.37093275;894250.9583;68.97314376;2183.0;44.27118644;45.59322034;218.220339;34.4877445;12.01941067;7.980143594;14.48819024;1.089660174;34.85125178;23.13907073;42.00967749;58.54109573;104.9085999;98.11326599;11.18971061;35.36977492;33.82636656;10.86956522;34.16149068;36.08695652;;;;;;;;;;86.7057913;84.97372541;88.2897952;65.8914837;87.35973473;0.0;
15;1562;Boyacá;Somondoco;15761;2016;3013;5.224582365;0.033189512;78.69233322;260;1680.0;68;1;0;0;0;0;85.53390063;37.46911886;84.39273553;840065.9583;56.05708596;1689.0;51.78378378;50.21621622;254.3783784;39.86699249;15.12776501;5.033636454;19.70559103;1.32316603;37.94558872;12.62607521;49.42833607;58.54109573;104.9085999;98.11326599;11.59618008;34.99317872;38.60845839;10.60116354;31.99741435;40.07756949;;;;;;;;;;80.02170206;78.07522679;81.8315738;61.9124561;77.05213137;0.0;
15;1562;Boyacá;Somondoco;15761;2021;2993;6.27018599;0.400935516;75.94386903;265;1680.0;68;1;0;0;0;0;83.37927233;37.67916207;84.98273878;1262266.167;52.52255262;1572.0;51.79166794;50.625;245.125;43.0952442;14.14505499;3.800129193;25.15006002;1.439867831;32.82277488;8.817978095;58.35924702;58.54109573;104.9085999;98.11326599;10.78498294;34.67576792;40.54607509;9.751308901;31.80628272;42.80104712;;;;;;;;;;74.76351371;72.68560836;77.1313624;74.6494073;75.53771379;0.0;
15;1521;Boyacá;Sora;15762;2011;2908;2.960224668;;84.90371389;35;2700.0;46;1;0;0;0;0;88.6504065;37.62601626;88.56664808;1348585.583;81.53370014;2371.0;45.64516129;49.61290323;231.1290323;16.35833349;3.241189717;1.936970333;11.18017344;0.562528662;19.8136914;11.84087813;68.34543046;9.818349838;153.9837799;153.9837799;16.95945946;36.14864865;16.89189189;17.71708683;35.6442577;18.55742297;;;;;;;;;;89.96487109;88.54618631;91.2762463;68.3681995;89.68244462;0.0;
15;1521;Boyacá;Sora;15762;2016;3007;3.098326128;0.033255737;84.13701363;40;2700.0;46;1;0;0;0;0;88.43155597;37.23105706;86.84916801;1115843.5;72.2979714;2174.0;50.95121951;52.56097561;260.8536585;27.38649677;7.392703149;3.354198921;16.6395947;0.910758123;26.99397155;12.24763776;60.75839068;9.818349838;153.9837799;153.9837799;16.43041237;35.88917526;18.68556701;16.08247423;36.70103093;20.96219931;;;;;;;;;;83.85123984;81.89994191;85.5311697;64.8753535;82.66082482;0.0;
15;1521;Boyacá;Sora;15762;2021;3145;4.112347642;0.12718601;82.6073132;45;2700.0;46;1;0;0;0;0;87.35699619;37.07832209;84.55242967;1278679.542;62.82988871;1976.0;49.12820435;50.9743576;245.0;38.78067322;14.66207474;3.183392072;20.9352064;1.233089768;37.80768493;8.208707607;53.98360746;9.818349838;153.9837799;153.9837799;16.24615385;36.43076923;20.36923077;15.32894737;36.71052632;23.42105263;;;;;;;;;;79.54962069;77.58381127;81.7351918;79.4282096;83.03575983;0.0;
15;1521;Boyacá;Sotaquirá;15763;2011;7827;3.863762191;;89.48511563;217;2650.0;286;1;0;0;0;0;92.21771306;37.02554309;93.48708093;537125.0;70.87006516;5547.0;46.94666667;49.59652174;226.7101449;67.42527108;20.47523953;10.40179492;36.54823663;0.861444629;30.36730769;15.42714587;54.20554645;24.07592201;185.3703766;152.0026245;15.39044731;35.60778367;19.53500126;15.63307494;35.7881137;20.20671835;107.0;8044.0;48.0;3591.0;56.0;4085.0;85.71428571;87.90697674;0.178913807;87.80522353;81.3900496;92.4919866;66.7269898;86.40317359;0.0;
15;1521;Boyacá;Sotaquirá;15763;2016;7988;4.060257052;0.237856785;88.99599399;222;2650.0;286;1;0;0;0;0;91.74216028;36.52729384;90.5719022;687033.25;54.36905358;4343.0;52.43373494;52.8313253;261.2891566;101.3753217;32.04686119;18.25285243;51.07560809;1.269095164;31.61209321;18.00522269;50.38268409;24.07592201;185.3703766;152.0026245;15.84619153;35.48861132;20.6220916;15.13444302;35.90268886;21.4084507;105.0;81510.0;35.0;3797.0;42.0;4477.0;83.33334;84.81126;0.261390279;82.86413053;76.14186211;88.8431592;64.1116311;81.41909339;0.0;
15;1521;Boyacá;Sotaquirá;15763;2021;8510;13.50959655;2.350176263;87.82608696;227;2650.0;286;1;0;0;0;0;90.89352595;36.28678438;87.04203625;905965.75;48.9306698;4164.0;52.61643982;53.83561707;256.5753479;121.3286477;30.05004123;15.35765981;75.92094671;1.42571854;24.76747395;12.65790075;62.5746253;24.07592201;185.3703766;152.0026245;15.50618415;36.02840128;22.67521759;14.40637066;35.90733591;23.98648649;112.0;106801.0;31.0;57244.0;41.0;76212.0;75.60976;75.11153;0.55973609;74.25851662;66.06789907;81.8192782;74.1451809;72.89783633;0.0;
15;1521;Boyacá;Soracá;15764;2011;5682;3.863076382;;79.14466737;35;2799.0;57;1;0;0;0;0;84.50338014;39.01889409;94.37774524;905619.5417;95.24815206;5412.0;43.31632653;46.32653061;216.2346939;55.37850764;21.17385304;6.78574407;27.41891053;0.974630546;38.23478447;12.25338919;49.51182634;6.747591972;153.7522125;153.7522125;16.66077114;35.37318712;16.2009197;17.47810858;35.69176883;16.25218914;;;;;;;;;;91.6251011;90.27406246;92.8169968;69.6298801;90.13761642;0.0;
15;1521;Boyacá;Soracá;15764;2016;5861;4.939430131;0.068247739;76.16447705;40;2799.0;57;1;0;0;0;0;82.60439016;39.01633933;90.24732996;755802.6667;81.01006654;4748.0;54.92;56.64;277.0533333;65.62306922;17.35937495;8.062582772;40.2011115;1.11965653;26.45315917;12.28620189;61.26063894;6.747591972;153.7522125;153.7522125;16.27106983;35.500516;18.88544892;16.11374408;36.5267434;18.51726473;;;;;;;;;;84.41629127;82.71054913;86.0852128;65.3125314;80.87739081;0.0;
15;1521;Boyacá;Soracá;15764;2021;6228;14.22206166;0.979447656;73.37829159;45;2799.0;57;1;0;0;0;0;80.33647168;38.98749807;87.05111402;916334.25;73.58702633;4583.0;52.65079498;53.77777863;253.7301636;109.6946721;46.26626152;9.134192102;54.29421848;1.761314581;42.17730964;8.326924113;49.49576624;6.747591972;153.7522125;153.7522125;15.98320956;36.09945108;20.43913465;15.52219738;36.85723411;19.89779623;;;;;;;;;;77.76003479;75.87031243;79.9604266;77.641355;73.07039401;0.0;
15;1558;Boyacá;Susacón;15774;2011;2972;2.963772992;;78.36473755;202;2484.0;193;1;0;0;0;0;83.83378829;37.85259327;88.98305085;785959.2917;88.79542396;2639.0;42.57777778;43.24444444;208.2;19.45572468;4.489366365;2.248541151;12.71781717;0.654634074;23.07478359;11.55722127;65.36799515;55.54979706;262.2772522;111.4703979;15.08678238;35.11348465;26.50200267;14.5183175;33.71777476;29.30800543;;;;;;;;;;92.09626664;90.93697027;93.2514968;69.9879392;91.54284274;0.0;
15;1558;Boyacá;Susacón;15774;2016;2725;3.816513761;0.036697248;78.16513761;207;2484.0;193;1;0;0;0;0;82.93650794;36.83862434;87.26937269;851163.2083;71.9266055;1960.0;47.07407407;52.74074074;245.7037037;22.15429285;2.942715406;2.721758473;16.48981897;0.813001572;13.28282255;12.28546761;74.43170983;55.54979706;262.2772522;111.4703979;14.50813871;35.31493277;28.8039632;12.80487805;34.07012195;31.55487805;;;;;;;;;;85.71035887;84.09621371;87.2491237;66.3137461;80.49923956;0.0;
15;1558;Boyacá;Susacón;15774;2021;2770;15.30986763;0.216606498;76.67870036;212;2484.0;193;1;0;0;0;0;81.82110682;36.87258687;86.00847971;925732.1667;67.8700361;1880.0;48.88888931;52.5;246.277771;31.98360747;8.389079483;2.617294568;20.97723342;1.154642869;26.22930978;8.183237524;65.5874527;55.54979706;262.2772522;111.4703979;14.28571429;35.67944251;30.31358885;11.83520599;33.55805243;34.38202247;;;;;;;;;;77.24224954;75.17994786;79.265976;77.12436;73.24546061;0.0;
15;1567;Boyacá;Sutamarchán;15776;2011;5660;3.624852768;;69.08127208;455;2093.0;103;1;0;0;0;0;76.38818565;39.67932489;82.36790054;536500.0;79.18727915;4482.0;43.34117647;47.36470588;221.4941176;66.08083226;25.82166719;10.53712964;29.72203543;1.16750587;39.07588072;15.94581859;44.97830069;20.32264709;149.1479492;149.1479492;15.97296336;38.31376734;19.24581999;16.25131625;37.52193752;21.27062127;;;;;;;;;;88.66783987;87.36064135;90.0181113;67.3825293;86.90596124;0.0;
15;1567;Boyacá;Sutamarchán;15776;2016;5980;3.935340022;0.284280936;66.22073579;460;2093.0;103;1;0;0;0;0;74.4197063;39.34943944;77.77777778;690130.8333;72.77591973;4352.0;50.78205128;55.29487179;262.5512821;86.48229666;33.81922455;10.71939036;41.94368176;1.446192252;39.10537284;12.39489557;48.49973159;20.32264709;149.1479492;149.1479492;16.5438714;38.31212324;20.83054253;14.76285905;38.47695391;23.38009352;;;;;;;;;;82.93826343;81.08554329;84.5470667;64.1689874;82.01522586;0.0;
15;1567;Boyacá;Sutamarchán;15776;2021;6379;6.838846214;0.799498354;63.31713435;465;2093.0;103;1;0;0;0;0;71.92205492;39.28255093;75.62054559;953612.9167;71.53158802;4563.0;52.546875;53.03125;252.890625;238.5580611;160.3751571;19.67397621;58.50892783;3.73974073;67.22688654;8.247038947;24.52607451;20.32264709;149.1479492;149.1479492;16.38629283;38.84735202;22.30529595;14.04228463;38.21394762;25.46544651;;;;;;;;;;80.40696213;78.35013188;82.3117783;80.2842425;76.26980759;0.0;
15;1562;Boyacá;Sutatenza;15778;2011;4299;2.673102272;;83.83344964;257;1950.0;41;1;0;0;0;0;88.33801686;38.25772782;94.82200647;940324.9167;76.20376832;3276.0;41.625;43.44444444;212.8055556;48.17020457;23.92587406;5.833004076;18.41132643;1.120497897;49.66944665;12.10915363;38.22139972;52.97404861;108.9164276;105.7154694;13.29534663;33.33333333;30.4368471;12.72229822;34.15412677;32.69493844;;;;;;;;;;89.21145483;87.68743633;90.5898902;67.7956459;89.46655911;0.0;
15;1562;Boyacá;Sutatenza;15778;2016;4221;3.127221038;0.023691068;83.34517887;262;1950.0;41;1;0;0;0;0;87.76328987;38.3550652;91.07142857;810988.7083;65.00829187;2744.0;50.08196721;50.85245902;252.557377;64.46888147;31.1595873;7.908339114;25.40095505;1.527336685;48.33275619;12.26690914;39.40033467;52.97404861;108.9164276;105.7154694;13.09408341;33.3656644;31.42580019;12.8300139;33.4877258;35.47938861;;;;;;;;;;80.76849745;78.96205534;82.5128507;62.4902486;82.31307999;0.0;
15;1562;Boyacá;Sutatenza;15778;2021;4387;4.718486437;0.136767723;81.12605425;267;1950.0;41;1;0;0;0;0;86.0952381;38.32380952;89.77673325;909140.1667;57.03214041;2502.0;48.86363602;48.45454407;235.0909119;58.93346366;21.11579115;4.88806951;32.929603;1.343365937;35.82988312;8.294217252;55.87589962;52.97404861;108.9164276;105.7154694;12.51751518;33.7692667;33.62914526;11.66518255;32.72484417;39.2252894;;;;;;;;;;76.25757937;74.17563464;78.3581534;76.1411927;81.31506497;0.0;
15;1593;Boyacá;Tasco;15790;2011;6312;7.289026193;;75.22179975;233;2525.0;210;1;0;0;0;0;81.59328523;38.94860845;85.14520689;533883.3333;64.93979721;4099.0;46.83823529;49.17647059;222.2058824;61.95920503;29.04372121;6.041818607;26.87366521;0.981609712;46.87555497;9.751284905;43.37316012;28.81423187;228.8340454;144.2333221;16.48527529;36.55569782;20.19846351;15.52697616;36.26097867;23.52572146;337.0;44497.0;111.0;12282.0;156.0;21059.0;71.15384615;58.32185764;0.397058809;60.54913538;55.27460244;65.66905;46.0139087;77.01050974;2.0;LL
15;1593;Boyacá;Tasco;15790;2016;5955;10.39602575;0.067170445;73.23257767;238;2525.0;210;1;0;0;0;0;79.99684741;39.18663304;87.11001642;685696.25;51.15029387;3046.0;52.87671233;54.36986301;268.4520548;74.1052437;31.46834431;5.680358788;36.9565406;1.244420549;42.46439622;7.6652589;49.87034488;28.81423187;228.8340454;144.2333221;14.89645959;37.54175017;19.73947896;14.48834853;36.47416413;25.59945964;323.0;567522.0;71.0;8419.0;116.0;14542.0;61.2069;57.89437;0.40400899;59.54195544;54.80144087;64.9809634;46.0673618;62.81692898;0.0;
15;1593;Boyacá;Tasco;15790;2021;6041;14.5284997;0.562820725;70.7995365;243;2525.0;210;1;0;0;0;0;78.07692308;39.13846154;84.45637584;905965.75;45.77056779;2765.0;51.9148941;52.76595688;250.4042511;73.91830774;23.78879129;4.685033253;45.4444832;1.223610457;32.18254315;6.338122986;61.47933386;28.81423187;228.8340454;144.2333221;14.62853386;38.56015779;21.1374096;13.5045015;35.91197066;28.34278093;238.0;551034.0;45.0;35285.0;87.0;69899.0;51.72414;50.47998;0.573593751;52.24814028;46.70843063;58.5228873;52.1683975;54.50065574;2.0;LL
15;1562;Boyacá;Tenza;15798;2011;4036;4.274033697;;73.14172448;257;1600.0;49;1;0;0;0;0;80.15097691;39.43161634;86.49093904;535600.0;79.23686819;3198.0;46.26785714;45.85714286;217.2321429;74.67186711;27.57889171;26.49926928;20.59370612;1.850145369;36.93344331;35.48762112;27.57893557;50.32891846;111.1700439;109.6748428;13.12625251;36.27254509;27.35470942;11.81372549;36.07843137;33.18627451;;;;;;;;;;86.37778466;84.81664574;87.9131054;65.6422172;86.71488654;0.0;
15;1562;Boyacá;Tenza;15798;2016;3940;3.91285956;0.076142132;71.77664975;262;1600.0;49;1;0;0;0;0;79.17771883;39.50044209;83.2006703;689455.0;62.15736041;2449.0;52.02222222;54.44444444;262.3333333;68.27593913;29.98417877;9.07611217;29.21564819;1.732891856;43.91617186;13.2932806;42.79054754;50.32891846;111.1700439;109.6748428;13.36073998;34.5323741;31.24357657;11.28385155;34.10230692;38.46539619;;;;;;;;;;79.67657665;77.76421579;81.6531319;61.645434;78.50064045;0.0;
15;1562;Boyacá;Tenza;15798;2021;3948;7.410925363;0.531914894;69.12360689;267;1600.0;49;1;0;0;0;0;77.06321335;39.74978051;83.31925676;925756.5;59.295846;2341.0;55.24242401;56.42424393;265.6969604;69.72584591;26.53369448;6.812704192;36.37944724;1.76610552;38.05431707;9.770701386;52.17498155;50.32891846;111.1700439;109.6748428;12.8998968;34.41692466;33.64293086;10.64676617;32.88557214;41.44278607;;;;;;;;;;75.01547053;72.9874837;77.0967542;74.9009796;74.46528833;0.0;
15;1549;Boyacá;Tibaná;15804;2011;9108;2.778692724;;82.70750988;234;2085.0;133;1;0;0;0;0;87.56466375;38.23119777;93.98468149;849516.375;85.11198946;7752.0;46.2815534;49.44660194;227.2524272;53.3559542;7.626255358;6.495866407;39.23383244;0.585814166;14.29316648;12.17458577;73.53224776;23.81134224;134.0051575;134.0051575;14.2097096;34.8038129;24.29616493;13.44355014;34.89232108;27.75723298;;;;;;;;;;91.14021397;89.65851716;92.2372597;69.2613934;93.34422212;0.0;
15;1549;Boyacá;Tibaná;15804;2016;8991;2.863975086;0.1334668;81.28128128;239;2085.0;133;1;0;0;0;0;86.57805317;38.41694983;93.8365257;962622.2917;73.91836281;6646.0;51.5631068;55.01941748;268.6407767;119.8846113;46.83451031;14.6647046;58.3853964;1.333384621;39.06632369;12.23234945;48.70132685;23.81134224;134.0051575;134.0051575;13.62508459;33.83713061;26.32528762;13.09784993;34.05002194;30.14480035;;;;;;;;;;83.42130638;81.54319358;84.8834014;64.5427158;83.63778185;0.0;
15;1549;Boyacá;Tibaná;15804;2021;9392;3.794896366;0.095826235;79.57836457;244;2085.0;133;1;0;0;0;0;85.34036343;38.29206289;92.14259731;1062612.583;67.63202726;6352.0;52.26595688;51.12765884;249.4468079;295.428714;200.0166202;24.1443259;71.26776796;3.145535711;67.70385229;8.17264022;24.12350749;23.81134224;134.0051575;134.0051575;13.25847549;33.96674584;28.89224789;12.39235455;33.43835329;33.10228943;;;;;;;;;;80.305937;78.27602749;82.2153281;80.1833716;82.79224442;0.0;
15;1580;Boyacá;Tibasosa;15806;2011;11538;4.254059051;;66.93534408;303;2500.0;95;1;0;0;0;0;73.72647428;41.23797574;79.58600027;570517.125;48.06725602;5546.0;47.2227972;48.13083916;229.5314685;428.5500125;52.11698126;303.7530545;72.67997675;3.714248679;12.16123667;70.87925461;16.95950872;12.90348816;199.1065369;156.9815521;16.45907473;38.66548043;17.34875445;16.12031092;40.06421088;19.95606624;390.0;34582.0;123.0;9895.0;153.0;12860.0;80.39215686;76.94401244;0.153751508;76.51894752;72.65616635;80.5025478;58.1500602;75.94641182;2.0;LL
15;1580;Boyacá;Tibasosa;15806;2016;12499;5.024401952;0.240019202;66.86934955;308;2500.0;95;1;0;0;0;0;73.9251353;40.61184606;71.73622095;686859.1667;41.36330906;5170.0;56.2;59.88181818;288.4090909;659.7166433;104.5674924;451.9789038;103.1702471;5.278155399;15.85036446;68.51106583;15.6385697;12.90348816;199.1065369;156.9815521;16.97591146;38.8671875;19.44986979;15.84579072;40.58221873;22.20298977;313.0;545638.0;105.0;7232.0;144.0;9980.0;72.91666;72.46493;0.163246517;71.21171401;66.49754994;75.905647;55.0962052;70.4785476;2.0;LL
15;1580;Boyacá;Tibasosa;15806;2021;13637;7.190608883;0.674635184;66.15824595;313;2500.0;95;1;0;0;0;0;73.34420216;40.39127777;69.44074567;908992.6667;36.51829581;4980.0;54.82456207;53.95613861;261.7456055;964.1230024;61.89461041;728.8888381;173.3395539;7.069905422;6.419783602;75.60122892;17.97898748;12.90348816;199.1065369;156.9815521;16.51307967;39.38763377;21.26932224;15.05282964;40.35316254;24.75032566;264.0;568605.0;47.0;58254.0;81.0;107315.0;58.02469;54.28318;0.31791986;54.50334586;48.33416334;60.31345;54.4201611;56.31004948;2.0;LL
15;1567;Boyacá;Tinjacá;15808;2011;3025;2.873278237;;80.0661157;351;2113.0;90;1;0;0;0;0;85.23550725;37.74154589;89.03581267;916305.75;62.7107438;1897.0;41.79545455;44.36363636;211.8409091;28.5886151;11.56000062;4.27998402;12.74863046;0.945078185;40.43567897;14.97093862;44.59338241;14.68128014;142.0394135;142.0394135;14.76159373;35.92423253;24.36316133;14.25702811;36.41231593;25.76974565;38.0;1737.0;15.0;712.0;15.0;712.0;100.0;100.0;;86.45155354;85.0518859;87.918093;65.6982774;89.06183397;0.0;
15;1567;Boyacá;Tinjacá;15808;2016;3226;3.72494317;0.06199628;78.02231866;356;2113.0;90;1;0;0;0;0;83.9031339;38.11965812;87.05701079;788721.8333;59.60942343;1923.0;52.07142857;52.07142857;261.3809524;32.1234899;8.065305553;3.984545635;20.07363871;0.995768441;25.10718972;12.40383796;62.48897231;14.68128014;142.0394135;142.0394135;14.61442786;35.5721393;25.31094527;13.47342398;37.08281829;25.95797281;48.0;91060.0;20.0;2757.0;24.0;3338.0;83.33334;82.59437;0.788302161;80.84721787;70.43835345;88.4820101;62.5511542;81.09988398;0.0;
15;1567;Boyacá;Tinjacá;15808;2021;3425;5.00243309;0.175182482;76.0;361;2113.0;90;1;0;0;0;0;82.5464191;38.09018568;85.65891473;921948.5;55.50364964;1901.0;53.34482574;53.89655304;256.8275757;46.06655218;14.29209575;3.844684855;27.92977158;1.345008823;31.02488697;8.345935765;60.62917726;14.68128014;142.0394135;142.0394135;14.19354839;36.01173021;27.15542522;12.84883721;36.68604651;28.13953488;58.0;88347.0;10.0;22696.0;13.0;28748.0;76.92308;78.9481;1.066418923;78.06770439;68.91484209;85.7422156;77.948555;78.39865206;0.0;
15;1558;Boyacá;Tipacoque;15810;2011;3582;3.347757305;;75.48855388;43;1850.0;73;1;0;0;0;0;81.49596039;38.54573886;84.57040036;767691.4583;89.11222781;3192.0;43.68518519;47.05555556;220.5925926;20.11947028;2.392723062;2.62932279;15.09742443;0.561682587;11.89257485;13.06854879;75.03887637;51.57722473;280.2190247;92.96951294;15.20435967;35.42234332;22.77929155;16.14195764;38.63766457;22.09502003;;;;;;;;;;90.37747321;88.96315132;91.4930233;68.6817537;90.96007994;0.0;
15;1558;Boyacá;Tipacoque;15810;2016;3446;4.268233701;0.058038305;73.41845618;48;1850.0;73;1;0;0;0;0;79.31406967;38.45530651;82.12290503;740374.2083;79.1642484;2728.0;52.075;52.025;255.3;28.68457895;3.929004115;3.523447267;21.23212757;0.832402175;13.69726961;12.28341986;74.01931054;51.57722473;280.2190247;92.96951294;15.68181818;35.51136364;23.69318182;13.22657177;39.20521945;25.20759193;;;;;;;;;;84.93836689;83.30521046;86.4912686;65.7164591;84.10496864;0.0;
15;1558;Boyacá;Tipacoque;15810;2021;3412;5.092321219;0.468933177;70.31066823;53;1850.0;73;1;0;0;0;0;76.75675676;38.89189189;81.0466761;1000592.292;82.7080891;2822.0;56.70000076;57.09999847;269.7000122;36.62021034;3.821567577;3.031360009;29.76728275;1.073276974;10.43567894;8.277833419;81.28648764;51.57722473;280.2190247;92.96951294;15.47344111;35.50808314;25.69284065;12.38095238;38.80952381;28.33333333;;;;;;;;;;84.5453406;82.79046564;86.2468871;84.4163048;81.66175643;0.0;
15;1521;Boyacá;Toca;15814;2011;8529;8.439832728;;56.14960722;244;2700.0;168;1;0;0;0;0;64.43437806;41.40548482;89.48176583;534250.0;80.66596318;6880.0;42.14744828;44.39503448;211.6689655;72.22642592;21.11552979;7.564216305;43.54667983;0.846833461;29.23518577;10.47292069;60.29189354;24.23303604;173.908905;171.3349457;16.82569234;35.79241331;18.03583896;16.87145558;36.8147448;18.33648393;215.0;33631.0;80.0;10958.0;97.0;14100.0;82.4742268;77.71631206;0.254699751;78.94995996;73.72752852;83.8447803;59.9974918;82.6537523;0.0;
15;1521;Boyacá;Toca;15814;2016;8654;9.554348663;0.115553501;52.91194823;249;2700.0;168;1;0;0;0;0;61.96889923;41.74115342;91.28780673;689455.0;70.86896233;6133.0;48.53030303;48.34848485;244.530303;146.2874063;63.37799288;17.85468132;65.05473212;1.690402199;43.3242987;12.20520739;44.47049391;24.23303604;173.908905;171.3349457;16.284929;34.88318827;18.43792945;16.6511194;36.63712687;19.07649254;215.0;429848.0;92.0;14648.0;113.0;18335.0;81.41593;79.89092;0.171917398;79.66725414;73.81544452;84.4380872;61.6382212;80.20316668;0.0;
15;1521;Boyacá;Toca;15814;2021;9122;12.49269166;0.30695023;50.15347512;254;2700.0;168;1;0;0;0;0;59.42995058;41.65038501;87.53793965;905965.75;72.01271651;6569.0;51.26436615;51.42528915;246.7816162;180.2740992;85.0534768;14.73906224;80.48156017;1.976256295;47.18008698;8.175917839;44.64399519;24.23303604;173.908905;171.3349457;15.9714718;35.44413227;20.31553923;15.92880979;36.92992214;21.09010011;193.0;409326.0;54.0;92282.0;68.0;144359.0;79.41177;63.92535;0.424372545;65.57782207;59.6009991;72.2978874;65.4777351;67.50362425;0.0;
15;1567;Boyacá;Togüí;15816;2011;4448;2.990107914;;86.48830935;154;1650.0;113;1;0;0;0;0;89.36355711;36.57367044;92.36214605;987268.25;98.87589928;4398.0;42.51785714;46.66071429;221.0892857;34.3449305;8.77682288;3.868622152;21.69948547;0.772143222;25.5549298;11.26402673;63.18104347;44.40866852;184.9458008;143.3482819;14.73729176;36.86458778;19.56428877;14.90270527;36.40246796;18.84195539;206.0;23728.0;64.0;7707.0;68.0;8786.0;94.11764706;87.71909857;0.374181825;88.52244516;84.56836218;92.0666259;67.2720376;94.06043955;0.0;
15;1567;Boyacá;Togüí;15816;2016;4318;3.662961247;;85.87308939;159;1650.0;113;1;0;0;0;0;89.26292629;36.69966997;93.69404438;879075.4583;85.78045391;3704.0;51.47619048;52.11904762;261.7380952;53.19266636;18.90740279;6.508558639;27.77670493;1.231882037;35.54513071;12.23581949;52.21904979;44.40866852;184.9458008;143.3482819;12.75078021;35.93401694;23.45073562;13.39759036;35.56626506;22.93975904;175.0;317631.0;65.0;9557.0;70.0;10312.0;92.85714;92.67844;0.203089439;91.909141;88.17592688;95.0982173;71.1097179;;0.0;
15;1567;Boyacá;Togüí;15816;2021;4476;4.08847185;0.17873101;84.51742627;164;1650.0;113;1;0;0;0;0;88.25496343;36.99059561;90.81404033;1023415.875;85.00893655;3805.0;50.22000122;50.52000046;240.0599976;56.49579637;16.28787038;4.645435712;35.56249027;1.262193842;28.83023416;8.222621878;62.94714396;44.40866852;184.9458008;143.3482819;12.33709818;36.40312772;25.23892268;12.60349586;35.28058878;25.25298988;120.0;257835.0;36.0;37244.0;42.0;44852.0;85.71429;83.03754;0.845756195;83.65735538;77.33514899;89.6865966;83.5296749;83.55814608;1.0;HH
15;1580;Boyacá;Tópaga;15820;2011;3526;8.437322745;;70.41973908;217;2900.0;33;1;0;0;0;0;76.66484716;40.28384279;83.02145139;533883.3333;52.35394214;1846.0;45.65957447;47.72340426;222.0425532;35.74109111;17.04357474;2.961000474;15.7365159;1.013644104;47.68621832;8.284583326;44.02919835;13.19469547;213.4944611;155.1478271;16.88235294;38.0;18.52941176;16.21029573;36.80175246;20.31763417;;;;;;;;;;81.39807032;79.65382272;83.0918355;61.8579168;76.93154369;2.0;LL
15;1580;Boyacá;Tópaga;15820;2016;3589;9.426952726;0.055725829;71.18974645;222;2900.0;33;1;0;0;0;0;77.67714438;40.43686734;83.37058561;685696.25;49.95820563;1793.0;54.57142857;56.26190476;278.047619;53.46787214;23.4185006;3.889405284;26.15996626;1.489770748;43.79920064;7.274284778;48.92651458;13.19469547;213.4944611;155.1478271;16.53179191;36.64739884;19.13294798;17.26734804;36.20225928;20.44109736;;;;;;;;;;72.06630704;69.85373852;73.9003731;55.7574003;67.41504156;2.0;LL
15;1580;Boyacá;Tópaga;15820;2021;3749;11.66533298;0.560149373;69.67191251;227;2900.0;33;1;0;0;0;0;76.50163358;40.21110832;80.52721088;905965.75;49.4798613;1855.0;53.08571243;52.11428452;254.4857178;61.65487393;22.32215492;3.846463986;35.48625503;1.644568523;36.20501267;6.238702215;57.55628511;13.19469547;213.4944611;155.1478271;16.02209945;37.40331492;20.93922652;16.50335224;35.94636411;22.94997421;;;;;;;;;;69.58694114;67.59365987;71.8784302;69.4807354;67.99123335;2.0;LL
15;1580;Boyacá;Tota;15822;2011;5128;3.103874155;;83.48283931;215;2875.0;216;1;0;0;0;0;86.98926756;38.58030503;96.8987133;788622.5417;94.36427457;4839.0;40.07246377;43.8115942;205.5507246;33.49829207;7.932834107;4.720601573;20.84485639;0.653242825;23.68130916;14.09206643;62.22662441;26.72002983;175.1810608;162.36763;16.77091478;34.87099296;17.51368256;16.77042802;34.0077821;19.49416342;;;;;;;;;;91.92058662;90.58812673;93.0582088;69.8544324;91.52507696;0.0;
15;1580;Boyacá;Tota;15822;2016;5121;2.901451539;;83.92892013;220;2875.0;216;1;0;0;0;0;88.35476057;38.01006149;95.17558254;888886.4167;82.21050576;4210.0;47.28169014;46.54929577;235.6197183;63.15047489;25.10870318;7.757898434;30.28387327;1.23316686;39.76011776;12.28478242;47.95509982;26.72002983;175.1810608;162.36763;14.78599222;35.95330739;18.75486381;14.62171697;36.2994904;20.61936495;;;;;;;;;;85.25858008;83.60682287;86.737038;65.9642067;;0.0;
15;1580;Boyacá;Tota;15822;2021;5399;3.012903624;0.407482867;81.99666605;225;2875.0;216;1;0;0;0;0;86.85356086;38.06372976;91.99629172;1397070.958;76.99573995;4157.0;46.59016418;49.31147385;232.0163879;59.66668213;17.47297342;4.954639586;37.23906912;1.105143214;29.28430541;8.303863076;62.41183151;26.72002983;175.1810608;162.36763;14.71893491;36.39053254;20.34023669;13.91465677;36.36363636;22.78293135;;;;;;;;;;83.62631806;81.94832193;85.388986;83.4986849;85.45828837;0.0;
15;1560;Boyacá;Tununguá;15832;2011;1568;3.53422619;;83.41836735;49;1250.0;54;1;0;0;0;0;87.57763975;35.0310559;100.9911894;791777.5417;85.45918367;1340.0;42.6;41.0;206.2333333;17.10995952;7.098830269;3.043620861;6.967508394;1.091196398;41.48946267;17.78859183;40.72194551;18.76086426;149.5668488;149.5668488;14.65116279;35.93023256;21.04651163;15.25423729;33.61581921;21.89265537;38.0;3792.0;15.0;1356.0;15.0;1356.0;100.0;100.0;;91.99023862;90.77491725;93.1708442;69.9073639;91.28735671;0.0;
15;1560;Boyacá;Tununguá;15832;2016;1541;3.704304564;0.129785853;83.4523037;54;1250.0;54;1;0;0;0;0;87.88819876;35.77639752;96.28820961;1074839.625;77.87151201;1200.0;46.73913043;43.0;231.0;51.71928991;34.23694384;6.363661465;11.1186846;3.356216087;66.19762936;12.30423209;21.49813855;18.76086426;149.5668488;149.5668488;13.24582339;36.9928401;20.40572792;14.93598862;36.55761024;23.18634424;43.0;66104.0;23.0;3917.0;28.0;4768.0;82.14286;82.15185;0.550198788;83.36257578;74.52705924;90.9346522;64.4972761;82.49072085;0.0;
15;1560;Boyacá;Tununguá;15832;2021;1589;7.1166352;0.566393958;81.81246067;59;1250.0;54;1;0;0;0;0;86.63101604;35.11586453;92.13011542;991460.3333;79.54688483;1264.0;48.41176605;47.76470566;236.4705811;92.16391843;69.64250617;7.579217407;14.94219486;5.800120732;75.56374268;8.223627571;16.21262975;18.76086426;149.5668488;149.5668488;12.9587156;37.5;22.93577982;14.36541144;35.9832636;25.38354254;29.0;40078.0;11.0;40278.0;11.0;40278.0;100.0;100.0;;85.31283996;83.3534738;87.0468819;85.1826328;77.25547022;0.0;
15;1549;Boyacá;Turmequé;15835;2011;6260;3.308040469;;67.66773163;474;2450.0;80;1;0;0;0;0;75.41058394;40.0243309;90.90177134;982635.2917;92.84345048;5812.0;44.93043478;51.33913043;227.1913043;51.43226963;11.33495448;6.880956785;33.21635836;0.821601751;22.03860448;13.37867614;64.58271938;31.5905056;122.5920868;122.5920868;13.85406622;34.49051752;25.87592414;13.43283582;35.72562718;27.34201334;;;;;;;;;;91.93796966;90.67071335;93.1358516;69.8676425;89.20057068;0.0;
15;1549;Boyacá;Turmequé;15835;2016;6119;3.813259247;0.01634254;66.77561693;479;2450.0;80;1;0;0;0;0;75.10716473;40.2173913;89.85745614;968343.4583;81.46756006;4985.0;53.75;55.83653846;272.8173077;82.00849806;30.36252261;10.06826006;41.57771539;1.34022713;37.02362966;12.2770936;50.69927675;31.5905056;122.5920868;122.5920868;13.2031767;34.48047651;27.20052945;12.72198902;35.90571521;29.44785276;;;;;;;;;;84.53781189;82.81151721;86.1944382;65.4065514;83.06462234;0.0;
15;1549;Boyacá;Turmequé;15835;2021;6324;5.127292853;0.031625553;64.80075901;484;2450.0;80;1;0;0;0;0;73.45922998;40.2722881;89.63675214;1172703.792;72.07463631;4558.0;54.30097198;53.94174576;261.4077759;135.5719478;66.04021725;11.17640754;58.355323;2.14376894;48.71230245;8.243893907;43.04380364;31.5905056;122.5920868;122.5920868;12.56393862;34.43094629;29.69948849;11.79599499;35.04380476;32.94743429;;;;;;;;;;80.27473022;78.50559648;82.1221333;80.1522124;81.70291861;0.0;
15;1521;Boyacá;Tuta;15837;2011;7861;8.688462028;;73.56570411;286;2600.0;165;1;0;0;0;0;79.78282089;39.82430454;90.49525817;1061949.0;67.09070093;5274.0;44.53191489;47.28368794;220.3262411;287.8530198;26.44963409;184.6466815;76.7567042;3.661786284;9.188590104;64.14616794;26.66524196;25.68112183;178.7910309;164.6247864;15.87671588;34.86143486;20.64232064;16.075;36.175;21.175;154.0;26787.0;64.0;9245.0;75.0;12939.0;85.33333333;71.45065306;0.627664384;72.13974121;65.26421695;78.8555419;54.8221118;82.65080156;0.0;
15;1521;Boyacá;Tuta;15837;2016;8080;8.796410891;0.272277228;71.98019802;291;2600.0;165;1;0;0;0;0;78.90210861;39.94581223;88.71857756;1215098.583;62.22772277;5028.0;53.36;53.81;267.28;599.6504508;34.29980621;456.9721109;108.3785337;7.42141647;5.719966718;76.20641497;18.07361831;25.68112183;178.7910309;164.6247864;15.51373347;35.91047813;20.98168871;15.33269045;36.35486982;22.56509161;140.0;292260.0;54.0;5950.0;59.0;6476.0;91.52542;91.8777;0.323748984;87.54092113;82.16607451;92.1005571;67.7300445;82.84263949;0.0;
15;1521;Boyacá;Tuta;15837;2021;8641;10.71442348;1.27300081;70.0960537;296;2600.0;165;1;0;0;0;0;77.50651042;39.81119792;85.22727273;1254551.833;57.30818192;4952.0;53.74782562;54.43478394;261.7739258;644.1297529;39.03802567;437.7861282;167.305599;7.454342702;6.060584144;67.96551878;25.97389707;25.68112183;178.7910309;164.6247864;14.99762696;36.80588514;22.75747508;14.50192004;36.34515473;25.07341315;170.0;385695.0;47.0;69476.0;63.0;95186.0;74.60317;72.98972;0.588488486;71.91227681;65.96030419;77.5054874;71.802522;71.08507254;2.0;LL
15;1589;Boyacá;Tutazá;15839;2011;2097;4.065331426;;91.89318073;162;2800.0;127;1;0;0;0;0;94.39966059;38.31141281;86.88906129;1249877.0;95.99427754;2013.0;41.77651163;45.77651163;215.7209302;28.1016824;16.17909094;2.753373915;9.169217546;1.340089766;57.57338906;9.797897062;32.62871388;30.99951553;238.0118256;121.322876;17.02970297;35.54455446;18.61386139;16.83532659;36.24655014;21.25114995;84.0;12802.0;33.0;4265.0;34.0;4336.0;97.05882353;98.36254613;0.027914488;97.17879867;93.59501623;99.3317118;73.8503753;93.56256132;0.0;
15;1589;Boyacá;Tutazá;15839;2016;2038;3.66781158;;91.80569185;167;2800.0;127;1;0;0;0;0;94.50454349;37.90566854;84.95645289;1183551.417;83.07163886;1693.0;51.84;51.16;255.84;59.93761152;39.9069996;7.305940924;12.724671;2.941001546;66.58089735;12.18924268;21.22985997;30.99951553;238.0118256;121.322876;15.68228106;35.43788187;20.0610998;14.01515152;38.25757576;23.76893939;53.0;117352.0;24.0;3421.0;29.0;3952.0;82.75862;86.56377;0.357721583;85.60118931;77.38649224;92.1486565;66.2292821;;0.0;
15;1589;Boyacá;Tutazá;15839;2021;2106;5.361665084;;90.36087369;172;2800.0;127;1;0;0;0;0;93.29494035;37.8033731;81.24525437;1270862.5;71.27255461;1501.0;48.29999924;50.34999847;236.5;38.89353025;17.30137834;3.182273699;18.40987821;1.846796308;44.48394947;8.182012994;47.33403754;30.99951553;238.0118256;121.322876;15.73254671;35.49655851;22.51720747;13.49862259;38.20018365;26.26262626;52.0;118101.0;12.0;24700.0;14.0;29841.0;85.71429;82.77203;1.401023008;82.10156667;73.34992586;89.7196274;81.9762607;;0.0;
15;1549;Boyacá;Úmbita;15842;2011;7693;2.229299363;;87.5211231;231;2500.0;130;1;0;0;0;0;91.44800777;36.55247813;99.43858073;1259025.25;92.08371247;7084.0;44.53020134;47.26174497;221.8120805;57.01657579;12.10412511;9.15341601;35.75903466;0.741148782;21.22913372;16.05395604;62.71691025;35.10697937;121.2286758;121.2286758;14.33610481;35.37414966;22.12144117;15.11815252;32.8141783;23.73791622;;;;;;;;;;92.41729912;91.12945404;93.5618867;70.2319057;91.93571629;0.0;
15;1549;Boyacá;Úmbita;15842;2016;7442;2.221625011;0.040311744;86.32088148;236;2500.0;130;1;0;0;0;0;90.09682559;36.4137762;89.62962963;1445638.875;75.1948401;5596.0;49.7;49.64166667;247.8416667;99.59594639;39.0322643;12.25353866;48.31014343;1.338295437;39.19061539;12.30325039;48.50613422;35.10697937;121.2286758;121.2286758;14.47609093;37.02639143;23.72615626;13.47164592;34.60580913;25.83679115;;;;;;;;;;86.02603172;84.316543;87.8540073;66.5579809;86.32223038;0.0;
15;1549;Boyacá;Úmbita;15842;2021;7784;3.436536485;0.102774923;84.98201439;241;2500.0;130;1;0;0;0;0;89.13645809;36.23874394;87.48127541;1513723.417;65.99434738;5137.0;51.17105103;51.0263176;248.4342041;97.05920312;30.21626814;8.105048877;58.7378861;1.246906515;31.13179088;8.35062376;60.51758536;35.10697937;121.2286758;121.2286758;14.0652228;37.26661688;25.79039084;12.7422352;34.29784975;28.59039023;;;;;;;;;;81.44632538;79.549918;83.2431681;81.3220194;84.2311434;0.0;
15;1521;Boyacá;Ventaquemada;15861;2011;14503;3.116596566;;85.8787837;234;2642.0;151;1;0;0;0;0;89.70131885;38.37600207;88.54610725;556781.3333;78.28035579;11353.0;43.828;45.316;216.56;125.6118907;41.25434206;16.8851527;67.4723959;0.866109706;32.84270449;13.44232032;53.71497519;25.11911583;129.5401001;129.5401001;16.19234544;37.44567503;15.95401654;16.49932157;37.81546811;17.48982361;359.0;44256.0;155.0;17994.0;169.0;19977.0;91.71597633;90.07358462;0.114749733;89.93925028;86.78074966;92.6314511;68.3487291;90.59160781;0.0;
15;1521;Boyacá;Ventaquemada;15861;2016;15270;3.171250819;0.065487885;85.10805501;239;2642.0;151;1;0;0;0;0;89.23791149;38.32147594;86.24696314;697872.6667;69.0897184;10550.0;52.7260274;53.52739726;264.8493151;224.8711316;91.91933634;27.6144463;105.337349;1.472633475;40.8764503;12.28012066;46.84342904;25.11911583;129.5401001;129.5401001;16.26521969;37.00370566;17.19163579;16.15245009;38.6569873;19.62665284;288.0;540445.0;106.0;16886.0;125.0;19471.0;84.8;86.72385;0.288717123;86.03099008;81.81378603;89.7503696;66.5618171;85.83090751;0.0;
15;1521;Boyacá;Ventaquemada;15861;2021;16498;5.29710672;0.260637653;83.56164384;244;2642.0;151;1;0;0;0;0;88.12365917;38.09890533;84.11707317;905965.75;64.09261729;10574.0;51.51304245;50.0;245.4391327;311.7910024;137.5774013;25.6988486;148.5147525;1.889871514;44.12487861;8.242331693;47.6327897;25.11911583;129.5401001;129.5401001;15.93849158;37.53966317;19.14815719;15.30587669;38.54768786;22.12186898;256.0;528221.0;73.0;96397.0;88.0;115241.0;82.95454;83.64818;0.199298374;83.1912291;78.6218287;87.2263949;83.06426;82.0433278;4.0;HL
15;1549;Boyacá;Viracachá;15879;2011;2993;2.934625237;;86.6020715;224;2500.0;64;1;0;0;0;0;90.53089103;36.41726172;92.2861934;1048172.708;96.59204811;2891.0;43.45;43.725;214.875;25.10454656;7.411689865;3.245353125;14.44750357;0.838775361;29.52329709;12.92735209;57.54935082;15.43113708;151.6225433;150.84021;14.99356499;34.68468468;23.16602317;14.45448228;35.16330785;23.55802641;;;;;;;;;;93.80261764;92.70596478;94.8623953;71.2846692;93.23704154;0.0;
15;1549;Boyacá;Viracachá;15879;2016;2858;2.767086541;0.034989503;85.44436669;229;2500.0;64;1;0;0;0;0;89.95946367;36.38914874;86.60508083;1484804.875;81.45556333;2328.0;49.28205128;50.97435897;252.1794872;38.8568534;15.93016901;4.770463349;18.15622103;1.359581994;40.99706389;12.27701919;46.72591691;15.43113708;151.6225433;150.84021;16.95945946;34.39189189;24.86486486;13.28011611;33.52685051;30.26124819;;;;;;;;;;88.50849039;87.17666754;89.8258296;68.4786487;83.1462386;0.0;
15;1549;Boyacá;Viracachá;15879;2021;2908;3.407267309;0.722145805;83.70013755;234;2500.0;64;1;0;0;0;0;88.82850242;36.26207729;83.25817362;1394358.458;71.25171939;2072.0;47.57894897;52.4736824;238.9473724;42.08531343;12.44694565;3.482805182;26.1555626;1.447225359;29.57550896;8.275583328;62.14890771;15.43113708;151.6225433;150.84021;16.4;35.06666667;27.13333333;12.64204545;33.16761364;32.59943182;;;;;;;;;;83.10787936;81.17395251;84.8612654;82.9810375;82.34228169;0.0;
15;1543;Boyacá;Zetaquira;15897;2011;4719;3.213957759;;77.62237762;246;1661.0;255;1;0;0;0;0;83.14046289;38.58739026;92.27744011;1161202.917;83.11082857;3922.0;41.42201835;42.44036697;207.9266055;34.54980283;6.935042601;5.312186136;22.30257409;0.732142463;20.07259675;15.37544559;64.55195766;36.15314484;151.2380524;139.3238525;15.10152284;33.92554992;24.95769882;15.07430998;34.69214437;23.82165605;119.0;12208.0;52.0;5050.0;55.0;5241.0;94.54545455;96.35565732;0.046441422;95.4296016;91.47424894;98.3820569;72.5210847;93.33492134;0.0;
15;1543;Boyacá;Zetaquira;15897;2016;4652;3.167096589;0.32244196;75.70937231;251;1661.0;255;1;0;0;0;0;81.54952077;38.51837061;89.54365792;1026333.875;74.4411006;3463.0;50.05479452;51.05479452;251.0684932;53.51407103;17.10841;6.600492656;29.80516837;1.150345465;31.96992804;12.33412545;55.69594651;36.15314484;151.2380524;139.3238525;14.58333333;34.01360544;26.53061224;14.0;35.34782609;27.0;83.0;135577.0;29.0;3014.0;40.0;5852.0;72.5;51.50376;0.667134486;62.54814577;53.81173339;71.1749423;48.3932387;67.95497634;0.0;
15;1543;Boyacá;Zetaquira;15897;2021;4793;3.953682454;0.918005425;72.93970373;256;1661.0;255;1;0;0;0;0;79.33346102;38.61329247;86.81928547;1359606.875;73.56561652;3526.0;50.02500153;49.5;241.2250061;74.6990009;29.93354189;6.21208248;38.55337653;1.558502001;40.07221185;8.31615203;51.61163612;36.15314484;151.2380524;139.3238525;14.22697368;34.16940789;28.65953947;13.13002965;35.36637018;29.98729352;75.0;159740.0;26.0;106433.0;29.0;118761.0;89.65517;89.61949;0.326795527;87.86453444;79.98547186;93.6768927;87.7304328;87.42801048;0.0;
17;1721;Caldas;Manizales;17001;2011;411019;26.57073031;;7.171444629;162;2126.0;477;1;0;0;0;0;9.494439278;51.79324248;56.36882684;533883.3333;21.14014194;86890.0;49.41672504;48.50723993;232.5816112;3995.959505;158.1767153;972.0262001;2865.75659;0.972207977;3.958416373;24.32522649;71.71635714;0.0;168.481369;43.77178955;18.76334593;42.00886991;18.02983328;16.90772098;43.57525104;20.90674042;24463.0;392265.0;4762.0;78818.0;10543.0;165631.0;45.16740966;47.58650253;0.003343479;47.59143338;46.97031642;48.1760826;36.1667901;49.24502863;0.0;
17;1721;Caldas;Manizales;17001;2016;425208;33.2888257;2.414582981;6.813136159;167;2126.0;477;1;0;0;0;0;9.089123314;51.84941361;55.80010271;685696.25;17.33363436;73704.0;54.58969622;53.49445813;270.5995484;6193.657029;143.5805872;1706.03579;4344.040652;1.45661818;2.318187567;27.54488636;70.13692607;0.0;168.481369;43.77178955;17.6241993;41.68832524;21.36819246;15.6202144;42.42049478;25.084941;23247.0;4897271.0;3985.0;67826.0;10544.0;177787.0;37.79401;38.15015;0.00286142;38.15575013;37.51827662;38.8275594;29.5209442;42.27263454;0.0;
17;1721;Caldas;Manizales;17001;2021;449434;35.14655841;4.500327078;5.533626739;172;2126.0;477;1;0;0;0;0;7.414249401;52.24879811;55.07393378;905965.8333;17.22099352;77397.0;54.73989105;52.76480865;261.3774719;8405.381323;280.2254696;1819.997865;6305.157989;1.870214831;3.333881699;21.65276976;75.01334855;0.0;168.481369;43.77178955;16.34132291;42.52370429;23.67076534;14.29743581;41.99606157;28.55195281;21407.0;5000718.0;2796.0;717606.0;8728.0;2210042.0;32.03483;32.47024;0.003808699;32.47412795;31.78426312;33.045914;32.4245649;38.20354813;2.0;LL
17;1758;Caldas;Aguadas;17013;2011;24462;5.927561115;;53.86313466;203;2181.0;510;1;0;0;0;0;60.51250513;42.59532595;68.87773834;543521.1667;71.12255744;17398.0;46.33382456;45.81915789;221.1192982;162.1090564;51.09625293;21.0770538;89.93574972;0.662697475;31.5196782;13.0017744;55.4785474;29.62836456;195.9664459;77.2282486;16.28944325;40.38493309;19.07318685;15.52282292;41.30786662;20.71867918;361.0;27933.0;123.0;9700.0;141.0;10780.0;87.23404255;89.98144712;0.058050326;89.62563189;86.50330921;92.3881659;68.1103969;85.63538865;0.0;
17;1758;Caldas;Aguadas;17013;2016;22984;7.400800557;0.087017055;50.82666203;208;2181.0;510;1;0;0;0;0;57.94497961;42.54100495;67.04774277;685696.25;67.8515489;15595.0;50.18996416;47.62365591;246.6236559;236.5287845;78.57771686;34.70392797;123.2471397;1.029101917;33.22120689;14.67217956;52.10661355;29.62836456;195.9664459;77.2282486;15.06502575;40.59526927;21.97783015;14.38362106;40.64370608;24.13464041;247.0;363926.0;84.0;12036.0;107.0;14993.0;78.50467;80.27747;0.163115025;80.08857997;74.88426213;84.8086657;61.9641993;79.43565392;0.0;
17;1758;Caldas;Aguadas;17013;2021;23139;10.61663569;0.285232724;47.73758589;213;2181.0;510;1;0;0;0;0;55.19244105;42.93082524;69.93476972;905982.1667;59.74761226;13825.0;52.69200134;50.42399979;249.3200073;542.3057049;314.0884682;53.67421703;174.5430197;2.34368687;57.91723475;9.897409625;32.18535562;29.62836456;195.9664459;77.2282486;13.64070504;40.35773205;24.32056959;13.00980898;39.83823782;27.02632938;269.0;344916.0;90.0;70167.0;119.0;94815.0;75.63025;74.00411;0.179202238;73.85328406;68.08887094;78.9022225;73.7405668;73.35284999;2.0;LL
17;1713;Caldas;Anserma;17042;2011;36765;4.610363117;;45.87787298;129;1765.0;228;1;0;0;0;0;53.32869662;43.67505912;66.73775703;533883.3333;70.0747994;25763.0;45.55220884;43.76104418;216.0943775;265.1887175;89.90050541;27.25010811;148.038104;0.721307541;33.90057701;10.27574188;55.82368111;26.42503548;195.288147;49.8458252;16.86097668;40.1341839;19.06071271;16.12399763;41.71465475;20.03121468;693.0;56163.0;199.0;16193.0;221.0;18360.0;90.04524887;88.19716776;0.061210932;88.05433666;85.61525039;90.5055759;66.9163017;87.34761607;0.0;
17;1713;Caldas;Anserma;17042;2016;36028;5.763804078;0.183190852;44.40157655;134;1765.0;228;1;0;0;0;0;52.03055556;43.24722222;63.29702607;685696.25;63.57832797;22906.0;50.35549872;47.73657289;246.1253197;373.5051037;135.7606157;34.06651964;203.6779683;1.036707849;36.34772709;9.120764161;54.53150875;26.42503548;195.288147;49.8458252;15.96498076;39.89293481;23.32013606;14.92677535;40.9118541;24.59795524;631.0;671313.0;208.0;18743.0;260.0;24911.0;80.0;75.23985;0.09888208;75.42457845;72.34840926;78.5602614;58.3556808;76.82883995;0.0;
17;1713;Caldas;Anserma;17042;2021;36966;7.916959729;0.451766488;42.18471027;139;1765.0;228;1;0;0;0;0;50.09661178;43.20043543;67.00220067;905965.75;60.20126603;22254.0;51.35830688;48.85667801;241.3550415;518.2402056;189.0558124;29.41281045;299.7715828;1.401937471;36.48034451;5.6755169;57.84413859;26.42503548;195.288147;49.8458252;14.34902448;39.3665892;25.92552559;13.52434599;40.03141418;27.32492011;642.0;776552.0;217.0;205284.0;257.0;254289.0;84.4358;80.72862;0.080591417;80.48947136;77.18767287;83.1598528;80.3666258;78.72927365;0.0;
17;1758;Caldas;Aranzazu;17050;2011;11533;4.901153213;;41.22084453;156;1908.0;157;1;0;0;0;0;48.31368248;45.64482223;72.56508524;533883.3333;86.67302523;9996.0;43.19306931;40.44059406;207.4455446;91.41599663;22.18788587;11.71505222;57.51305853;0.792647157;24.27133837;12.81510092;62.91356071;20.13180542;175.6101379;63.24617386;16.15689097;37.72939906;20.45699892;15.46443515;40.26778243;21.50627615;;;;;;;;;;86.80529551;85.05870464;88.3556536;65.9671012;83.09260845;0.0;
17;1758;Caldas;Aranzazu;17050;2016;10831;5.942049057;0.064629305;37.04182439;161;1908.0;157;1;0;0;0;0;43.75121477;47.13313897;73.55961209;685696.25;82.06075155;8888.0;51.86928105;48.08496732;249.0784314;123.4639631;41.1582002;11.58649125;70.71927165;1.139912871;33.33620529;9.384512663;57.27928204;20.13180542;175.6101379;63.24617386;14.94724502;35.93200469;24.73622509;14.94836338;39.27883774;24.87309645;;;;;;;;;;80.6197864;78.68878845;82.5282208;62.3751915;80.82810004;0.0;
17;1758;Caldas;Aranzazu;17050;2021;10691;11.47148692;0.224487887;33.05584136;166;1908.0;157;1;0;0;0;0;39.8550005;47.80017877;78.10871184;905965.75;76.44747919;8173.0;49.54438019;45.23668671;231.1005859;198.3436356;83.8496476;11.77683993;102.7171481;1.855239319;42.27493731;5.93759406;51.78746863;20.13180542;175.6101379;63.24617386;13.4156051;35.2906051;27.62738854;13.56979001;37.99188283;28.16304923;;;;;;;;;;74.83856233;72.76452299;76.7072415;74.7243414;73.25272827;0.0;
17;1713;Caldas;Belalcázar;17088;2011;11670;3.29834333;;60.63410454;100;1600.0;121;1;0;0;0;0;66.81283985;39.53692335;75.94470046;540083.3333;70.55698372;8234.0;44.66363636;42.40909091;212.0454545;103.7134522;43.63679366;9.967231515;50.10942708;0.888718528;42.07438159;9.610355551;48.31526286;6.783575535;192.3552094;28.81282616;16.43970468;38.47415915;18.96636587;16.48430493;39.56950673;16.91479821;;;;;;;;;;86.37749637;84.70003732;87.9366514;65.6419982;85.45414733;0.0;
17;1713;Caldas;Belalcázar;17088;2016;10865;3.023469857;0.055223194;58.30648873;105;1600.0;121;1;0;0;0;0;64.05314371;41.28929641;79.59272097;721727.5;69.18545789;7517.0;51.10687023;48.59541985;250.9389313;161.7648937;83.59365428;14.2465556;63.92468384;1.488862344;51.67601719;8.806951419;39.51703139;6.783575535;192.3552094;28.81282616;15.5478955;35.90348331;21.66182874;16.12180086;37.90397908;21.6140482;;;;;;;;;;81.20615102;79.60440603;82.9354236;62.8288593;82.87080778;0.0;
17;1713;Caldas;Belalcázar;17088;2021;10775;4.238205723;0.278422274;54.5800464;110;1600.0;121;1;0;0;0;0;60.89221443;41.58931616;82.32848233;908526.0;65.91183295;7102.0;48.12396622;44.3388443;225.1818237;210.9169909;107.4213127;11.41003699;92.08564122;1.957466273;50.93061125;5.409728698;43.65966005;6.783575535;192.3552094;28.81282616;14.22295442;35.51162365;24.19915797;14.90963855;37.33057229;24.34111446;;;;;;;;;;78.63476875;76.36700299;80.5947425;78.5147539;78.45695512;0.0;
17;1721;Caldas;Chinchiná;17174;2011;50584;10.58717513;;15.477226;81;1378.0;114;1;0;0;0;0;19.79022093;49.33676139;67.46881878;533883.3333;54.49549265;27566.0;46.95512039;45.40685393;219.4446228;697.6064464;122.176682;246.9534978;328.4762666;1.379104947;17.5136974;35.40011693;47.08618567;11.77074337;175.8978729;26.70805931;16.68026767;40.19095805;18.56536641;16.75103543;41.88909342;18.77588587;469.0;48725.0;96.0;11179.0;141.0;13986.0;68.08510638;79.92992993;0.160805101;79.42710552;75.68923736;83.1871898;60.3600953;67.97437789;2.0;LL
17;1721;Caldas;Chinchiná;17174;2016;50745;14.12815713;0.805990738;13.78263868;86;1378.0;114;1;0;0;0;0;17.92295922;49.89466214;62.76733543;685715.0;49.43738299;25087.0;49.94694534;47.88424437;245.4405145;1163.323053;121.4057392;555.7089424;486.2083711;2.292488034;10.43611565;47.76909914;41.79478521;11.77074337;175.8978729;26.70805931;16.71640571;39.76534075;21.51588243;15.95267083;41.75163598;22.85040329;459.0;570270.0;115.0;13104.0;190.0;21164.0;60.52632;61.91646;0.220007729;61.79736314;57.62103173;66.0084248;47.8123613;62.93605333;2.0;LL
17;1721;Caldas;Chinchiná;17174;2021;52701;13.28327103;1.092958388;11.30718582;91;1378.0;114;1;0;0;0;0;14.86188314;50.5346459;61.42674664;905965.75;49.37667217;26022.0;52.23272705;49.88363647;246.856369;1716.60523;190.9159203;771.334383;754.3549261;3.257253619;11.12171378;44.9337081;43.94457812;11.77074337;175.8978729;26.70805931;15.51348568;40.54417997;23.91777892;14.65831269;41.6108116;26.20209821;454.0;632789.0;104.0;107367.0;173.0;186617.0;60.11561;57.53334;0.380245969;57.51859061;53.25493142;62.7000961;57.4308039;58.74552327;2.0;LL
17;1703;Caldas;Filadelfia;17272;2011;12744;2.81766583;;68.62052731;138;1575.0;215;1;0;0;0;0;74.33098325;39.7013115;74.72606863;539250.0;66.85499058;8520.0;44.02962963;40.34074074;211.5555556;94.13019447;20.25221654;26.29028162;47.5876963;0.738623623;21.51511176;27.92970074;50.5551875;20.91178894;183.6257324;60.55416489;15.27001862;38.29919305;20.60831782;14.88888889;40.68253968;20.19047619;532.0;48393.0;160.0;14344.0;193.0;17209.0;82.9015544;83.35173456;0.081056537;83.33780896;80.27555678;86.1800171;63.3320081;83.33966822;0.0;
17;1703;Caldas;Filadelfia;17272;2016;11779;3.093075247;0.03395874;66.78835215;143;1575.0;215;1;0;0;0;0;72.67768203;39.81342399;69.1316671;707453.9167;59.87774854;7053.0;49.22115385;45.03846154;235.9038462;103.8712009;30.01389196;12.91496091;60.94234801;0.881833779;28.89529697;12.43363011;58.67107292;20.91178894;183.6257324;60.55416489;14.82986287;36.87150838;26.951075;13.76021798;39.66280654;25.54495913;491.0;596020.0;162.0;14351.0;202.0;17831.0;80.19802;80.48343;0.1009334;80.39609464;77.11547869;83.5613208;62.2021221;81.40889209;0.0;
17;1703;Caldas;Filadelfia;17272;2021;11556;4.753663321;0.164416753;64.01869159;148;1575.0;215;1;0;0;0;0;70.54844165;39.84859467;72.8216887;908526.0;55.92765663;6463.0;50.1428566;47.09889984;234.5054932;148.0133024;44.72311731;14.73183134;88.55835376;1.280835085;30.21560669;9.953045506;59.8313478;20.91178894;183.6257324;60.55416489;13.34712882;36.19589584;30.10863942;12.40229286;38.57912107;28.86920271;415.0;749920.0;146.0;204698.0;166.0;246492.0;87.95181;83.04448;0.226232503;82.6156997;78.30651844;86.0652285;82.489609;82.00977006;0.0;
17;1762;Caldas;La Dorada;17380;2011;69249;11.94939036;;12.9027134;91;176.0;574;1;0;0;0;0;16.47868509;49.79961784;65.69970568;533883.3333;64.54966859;44700.0;44.669124;44.15964733;212.6496018;625.6391452;18.52818926;69.38852194;537.722434;0.903463076;2.961481774;11.09082168;85.94769655;0.0;140.833252;129.8087006;17.72713732;41.14089961;16.16026214;17.24263572;42.23773088;17.52010987;614.0;135404.0;150.0;33188.0;213.0;47118.0;70.42253521;70.43592682;0.108482619;70.77898332;67.3921344;74.0943325;53.7880129;71.71712608;0.0;
17;1762;Caldas;La Dorada;17380;2016;70745;13.73053455;1.067213231;13.00303908;96;176.0;574;1;0;0;0;0;16.57364519;49.88460972;63.36117125;685696.25;53.53593894;37874.0;50.9075067;48.8458445;249.7895442;956.1457109;30.88085978;100.2139487;825.0509024;1.351538216;3.229723193;10.48103313;86.28924368;0.0;140.833252;129.8087006;16.99982516;41.56710764;18.4276473;16.09245889;41.55159634;20.97894419;541.0;1769183.0;137.0;19460.0;192.0;26615.0;71.35416;73.11666;0.129811582;72.7400369;68.66338607;76.2014104;56.2786622;70.12793619;0.0;
17;1762;Caldas;La Dorada;17380;2021;74200;13.00303235;1.495956873;12.25202156;101;176.0;574;1;0;0;0;0;15.8242069;50.07306381;67.87344943;905974.0833;52.09973046;38658.0;51.19346237;47.99591446;239.629425;1408.501972;59.32220566;95.97054308;1253.209223;1.898250636;4.211723295;6.813660541;88.97461616;0.0;140.833252;129.8087006;15.18170182;41.06516779;20.56597473;14.60718206;40.77936334;23.19011029;441.0;1500298.0;111.0;133608.0;171.0;213321.0;64.91228;62.63237;0.198175316;62.73728441;58.96434572;66.8215444;62.6415328;63.00541242;0.0;
17;1703;Caldas;La Merced;17388;2011;7170;3.59716411;;70.58577406;42;1800.0;100;1;0;0;0;0;76.33159269;39.03394256;69.57705193;534283.3333;63.75174338;4571.0;44.7752809;43.12359551;210.1235955;39.82400495;10.66833156;3.311943132;25.84373026;0.555425453;26.78869584;8.316449178;64.89485498;30.84332848;187.2840576;71.51726532;15.0273224;38.93442623;22.24043716;15.07122507;42.25071225;20.56980057;;;;;;;;;;85.35171371;83.70628193;86.8925032;64.8624615;85.41375339;0.0;
17;1703;Caldas;La Merced;17388;2016;6277;3.788965005;0.063724709;66.32149116;47;1800.0;100;1;0;0;0;0;72.34698371;39.27785117;66.10290615;685696.25;63.08746216;3960.0;47.81052632;44.68421053;230.7894737;55.77336718;15.75973143;4.813425693;35.20021005;0.888535402;28.25673297;8.630330096;63.11293694;30.84332848;187.2840576;71.51726532;14.96875;37.46875;27.25;13.97465063;40.16899578;26.32434189;;;;;;;;;;81.34671208;79.24257028;83.1913489;62.9376108;79.08040304;0.0;
17;1703;Caldas;La Merced;17388;2021;6186;4.758055825;0.06466214;61.28354349;52;1800.0;100;1;0;0;0;0;68.11572478;39.85909159;68.42624568;905982.1667;57.59780149;3563.0;49.70000076;45.6428566;231.6142883;71.20538101;19.00433969;3.728588182;48.47245314;1.151073085;26.68947125;5.23638541;68.07414334;30.84332848;187.2840576;71.51726532;13.47562918;37.05001593;30.32812998;12.66819823;39.15326551;29.76698392;;;;;;;;;;76.69822024;74.70817001;78.8473482;76.581161;79.73171;0.0;
17;1704;Caldas;Manzanares;17433;2011;20255;4.06196001;;50.24932116;123;2075.0;195;1;0;0;0;0;57.11570078;42.10337032;73.94094994;533983.3333;71.96741545;14577.0;43.95577586;42.32823276;211.9698276;140.5238754;37.91305158;22.04420858;80.5666152;0.693773761;26.97979363;15.68716243;57.33304394;40.53278732;143.2285309;81.77124786;16.49644976;38.9748079;19.20046688;16.08181271;39.72328053;19.21997193;481.0;51712.0;141.0;14598.0;166.0;17588.0;84.93975904;82.99977257;0.120961398;83.13365814;80.0125339;86.336964;63.1768651;84.92025278;0.0;
17;1704;Caldas;Manzanares;17433;2016;18442;5.375863066;0.444637241;45.14694719;128;2075.0;195;1;0;0;0;0;52.38680827;42.67188373;70.24671053;685696.25;71.83060406;13247.0;52.09405941;49.86138614;256.0148515;181.3635123;56.36801743;18.07120151;106.9242933;0.983426484;31.08013113;9.964077827;58.95579105;40.53278732;143.2285309;81.77124786;15.61796548;38.51431022;23.15360703;15.06638868;39.46011193;23.26346977;488.0;636896.0;183.0;19190.0;209.0;22014.0;87.55981;87.1718;0.103645818;86.81866382;83.92829758;89.4491043;67.171237;83.22208754;0.0;
17;1704;Caldas;Manzanares;17433;2021;18461;6.167054872;0.357510427;40.23075673;133;2075.0;195;1;0;0;0;0;47.74988693;43.4531886;73.86765449;906132.1667;69.41660798;12815.0;51.41884995;48.87434387;242.151825;277.9790712;116.004752;18.50690725;143.4674119;1.505763887;41.73146974;6.657662095;51.61086816;40.53278732;143.2285309;81.77124786;14.27956526;37.85645109;25.67523943;13.87434555;38.62347295;25.95986038;461.0;696837.0;168.0;152848.0;199.0;196535.0;84.42211;77.77139;0.111569464;77.78888819;73.8969561;81.4758891;77.6701643;77.1674736;0.0;
17;1703;Caldas;Marmato;17442;2011;8576;12.71377488;;88.36287313;474;1050.0;41;1;0;0;0;0;91.14399293;36.84849823;78.79712747;729545.4583;65.33348881;5603.0;42.22033898;38.96610169;200.5932203;160.8340845;113.8437628;4.466933544;42.52338814;1.87539744;70.78335613;2.777355035;26.43928883;39.87969971;198.8420258;82.10249329;17.59238268;39.90024938;12.83155747;17.16686675;40.96038415;13.03721489;;;;;;;;;;82.79333009;80.93853664;84.6040634;62.9182351;77.90996253;0.0;
17;1703;Caldas;Marmato;17442;2016;8727;23.70421298;0.034376074;89.10278446;479;1050.0;41;1;0;0;0;0;91.66142228;36.8156073;74.84779962;864630.4167;57.93514381;5056.0;48.66906475;43.29496403;230.1870504;190.1565289;128.1639514;6.183528595;55.80904889;2.178944985;67.39918537;3.251809776;29.34900485;39.87969971;198.8420258;82.10249329;17.50561798;39.93258427;14.42696629;17.44213234;40.8931494;15.78209025;;;;;;;;;;72.5183082;70.30136775;74.4690185;56.1071117;70.59224081;0.0;
17;1703;Caldas;Marmato;17442;2021;9143;28.3094535;0.546866455;87.23613694;484;1050.0;41;1;0;0;0;0;90.33190471;36.84840028;74.87479132;1229786.75;53.34135404;4877.0;46.54166794;44.59375;218.4166718;384.9007567;296.0998975;5.014841695;83.78601749;4.209786248;76.92889462;1.302892137;21.76821324;39.87969971;198.8420258;82.10249329;16.05415861;40.68343005;16.07565012;16.1247216;41.09131403;17.86191537;;;;;;;;;;66.39777967;63.89623852;68.8712217;66.2964413;73.39385747;0.0;
17;1704;Caldas;Marquetalia;17444;2011;13921;3.012235711;;57.69700453;121;1275.0;94;1;0;0;0;0;64.20412402;40.9286456;76.73025732;608194.8333;81.79010129;11386.0;46.28205128;43.4974359;219.7794872;95.96740084;25.73556697;16.041762;54.19007187;0.689371459;26.81698863;16.71584503;56.46716635;31.19400787;139.8377533;95.56673431;15.8641022;38.90214797;18.65786888;16.16651956;39.37922919;18.29949985;;;;;;;;;;88.3415269;86.9873734;89.7610166;67.13455;87.51800245;0.0;
17;1704;Caldas;Marquetalia;17444;2016;13395;3.84969516;0.022396417;53.49010825;126;1275.0;94;1;0;0;0;0;60.52792188;41.5776625;75.77128277;696891.25;77.09593132;10327.0;51.59493671;48.3164557;251.0063291;116.9721701;33.77981516;12.1035464;71.08880858;0.873252483;28.87850599;10.3473727;60.77412131;31.19400787;139.8377533;95.56673431;15.25523753;37.37090587;22.92711714;14.59876077;38.05349856;23.30361191;;;;;;;;;;84.33726313;82.5771176;85.9176836;65.2513877;84.32419932;0.0;
17;1704;Caldas;Marquetalia;17444;2021;13464;5.01275005;0.13368984;49.70291147;131;1275.0;94;1;0;0;0;0;57.30962918;42.17915459;78.78180961;908526.0;75.51990493;10168.0;50.53987885;48.25153351;237.9877319;195.1916879;80.4673738;12.86080905;101.863505;1.449730302;41.22479531;6.588809797;52.18639489;31.19400787;139.8377533;95.56673431;13.85933806;36.99763593;25.26595745;13.27658303;37.45519713;26.12007168;;;;;;;;;;81.05478324;79.0457336;82.9092834;80.9310749;79.99550291;0.0;
17;1704;Caldas;Marulanda;17446;2011;2994;3.857715431;;64.92985972;124;2825.0;374;1;0;0;0;0;71.1441107;38.67701654;76.56731757;728955.5417;70.9752839;2125.0;47.53846154;43.11538462;214.9230769;22.22958014;5.180330275;2.789314681;14.25993519;0.742470947;23.30377021;12.54776142;64.14846837;29.09982872;152.261261;69.07805634;16.10653139;40.20291693;17.31135067;16.01976006;39.37896965;17.85462244;56.0;6389.0;14.0;1539.0;14.0;1539.0;100.0;100.0;;86.96591205;85.45815503;88.440641;66.0891607;88.21690369;0.0;
17;1704;Caldas;Marulanda;17446;2016;2660;4.658521303;;67.89473684;129;2825.0;374;1;0;0;0;0;72.46696035;38.76651982;70.82392777;873609.9167;60.78947368;1617.0;47.15151515;42.21212121;231.0909091;39.5519287;10.94128545;3.619217674;24.99142557;1.486914613;27.66308954;9.150546618;63.18636384;29.09982872;152.261261;69.07805634;15.01072194;38.31308077;21.80128663;14.19508327;42.03013481;21.41157811;70.0;69510.0;27.0;2317.0;32.0;2801.0;84.375;82.72046;0.897208694;81.45018253;73.64608873;88.601981;63.0176655;;0.0;
17;1704;Caldas;Marulanda;17446;2021;2684;7.128663686;0.074515648;67.25037258;134;2825.0;374;1;0;0;0;0;72.37509051;38.23316437;73.4740445;905965.75;55.32786885;1485.0;45.41176605;45.52941132;220.4117584;41.8231716;13.40822885;2.508719987;25.90622276;1.558240373;32.05933061;5.998397278;61.94227211;29.09982872;152.261261;69.07805634;13.51161154;38.63476425;23.9268121;12.98495645;41.09263658;24.14885194;56.0;93003.0;18.0;25787.0;23.0;33329.0;78.26087;77.37106;1.990808174;76.94795895;67.87751637;85.72784;76.8305185;76.73021366;2.0;LL
17;1721;Caldas;Neira;17486;2011;22672;3.635174077;;50.08821454;167;1965.0;393;1;0;0;0;0;56.89405591;42.11526282;68.40480725;533883.3333;64.70977417;14671.0;48.45021645;47.45887446;229.004329;172.135032;49.37840109;15.63623617;107.1203947;0.759240614;28.68585233;9.083703642;62.23044402;7.183181763;172.871521;49.70606232;17.10286062;39.22267629;19.52873663;16.50702712;41.04377406;18.94190314;;;;;;;;;;84.1794464;82.58689042;85.8877103;63.9716048;83.53643919;0.0;
17;1721;Caldas;Neira;17486;2016;21335;5.131630341;0.117178345;46.55730021;172;1965.0;393;1;0;0;0;0;53.41390303;42.97949279;69.39179632;685696.25;62.98101711;13437.0;53.31924883;52.84976526;264.3568075;244.5074632;90.79969481;20.69622637;133.011542;1.146039199;37.13575595;8.464455891;54.39978816;7.183181763;172.871521;49.70606232;16.00373483;37.67507003;23.35200747;15.14352941;40.59294118;23.60470588;;;;;;;;;;77.90579431;75.99817623;79.8356158;60.2753871;79.46161628;0.0;
17;1721;Caldas;Neira;17486;2021;21303;7.132798197;0.286344646;42.21940572;177;1965.0;393;1;0;0;0;0;49.27787406;43.65492008;72.57714037;907898.8333;55.03450218;11724.0;51.19230652;49.55555725;243.777771;306.8686074;109.9687679;16.3835927;180.5162468;1.440494801;35.8357829;5.338960163;58.82525694;7.183181763;172.871521;49.70606232;14.57102672;37.11204876;25.99156118;13.86538823;39.89471705;26.39593909;;;;;;;;;;72.47495669;70.19912598;74.7993241;72.3643431;74.13417207;0.0;
17;1762;Caldas;Norcasia;17495;2011;6641;6.341916378;;43.35190483;12;727.0;226;1;0;0;0;0;50.18518519;42.87878788;79.76106817;554638.3333;68.66435778;4560.0;44.38333333;43.16666667;211.0666667;39.84135162;7.463264976;3.438907088;28.93917955;0.599930005;18.7324593;8.631502066;72.63603863;17.5616169;155.8477325;112.4570999;19.74616293;37.10153483;14.52184179;18.35229019;38.48754995;13.92560713;;;;;;;;;;84.71329294;83.18799206;86.3404136;64.3772979;82.568213;0.0;
17;1762;Caldas;Norcasia;17495;2016;6192;6.542043497;0.306847545;36.07881137;17;727.0;226;1;0;0;0;0;42.31586402;45.0601983;74.9876665;780309.9167;70.93023256;4392.0;48.81176471;44.75294118;235.4;68.10081638;24.3372579;5.254243555;38.50931492;1.099819386;35.73710154;7.715389968;56.54750849;17.5616169;155.8477325;112.4570999;17.58419689;38.01813472;17.00129534;17.68685567;40.39948454;17.46134021;;;;;;;;;;78.62713634;76.74796088;80.5805271;60.8334865;75.59330013;0.0;
17;1762;Caldas;Norcasia;17495;2021;6064;8.231640281;0.247361478;31.53034301;22;727.0;226;1;0;0;0;0;38.09610817;45.80668737;77.57824525;1009617.25;74.76912929;4534.0;47.69696808;44.76767731;222.4444427;69.79960817;9.355924635;3.695944341;56.74773919;1.151048947;13.40397873;5.295078924;81.30094234;17.5616169;155.8477325;112.4570999;16.24500666;38.18242344;18.70838881;16.2745098;39.90196078;19.70588235;;;;;;;;;;77.73825462;75.79992576;79.6671325;77.619608;77.5510593;0.0;
17;1758;Caldas;Pácora;17513;2011;16557;3.596666063;;56.69505345;77;1814.0;283;1;0;0;0;0;63.40645768;41.4691525;66.79856115;533916.6667;65.41040043;10830.0;46.58373206;43.26794258;215.5263158;111.3053811;30.37091966;16.98568518;63.94877627;0.672255729;27.28611982;15.26043486;57.45344532;40.97094345;189.247406;82.77410889;15.60617016;40.49168474;21.48710533;14.74754813;41.56677564;22.4845623;501.0;52588.0;128.0;13389.0;173.0;17928.0;73.98843931;74.68206158;0.119808607;75.2165539;71.67707613;78.5512921;57.1603149;78.64722209;0.0;
17;1758;Caldas;Pácora;17513;2016;15583;4.463731845;0.025668998;52.65994995;82;1814.0;283;1;0;0;0;0;59.6165739;41.34817563;61.67766258;685696.25;63.65269845;9919.0;50.925;46.5;244.57;153.6609798;53.0770739;14.82371041;85.76019549;0.986080856;34.54167347;9.647023225;55.8113033;40.97094345;189.247406;82.77410889;15.01398424;40.02034071;26.30307653;13.36011403;40.20992614;27.5754827;552.0;657230.0;156.0;15217.0;200.0;18806.0;78.0;80.91566;0.069417327;80.90716998;77.58414516;84.1034415;62.5975389;80.7472602;0.0;
17;1758;Caldas;Pácora;17513;2021;15536;8.159007037;0.212409887;49.53656025;87;1814.0;283;1;0;0;0;0;56.88193492;41.72173046;65.16723219;908526.0;55.4454171;8614.0;52.0508461;50.07344818;246.344635;347.4939805;204.6524447;20.80483495;122.0367008;2.236701728;58.89381004;5.987106576;35.11908339;40.97094345;189.247406;82.77410889;13.53940478;39.20040874;29.25022353;12.13182821;39.08135461;30.7642403;459.0;788971.0;133.0;158333.0;183.0;214562.0;72.6776;73.79359;0.131782272;73.77319379;69.84971705;77.5574946;73.6605988;73.71638438;0.0;
17;1721;Caldas;Palestina;17524;2011;16473;6.687711204;;69.24057549;135;1600.0;119;1;0;0;0;0;75.16856545;39.10137177;68.51102114;533883.3333;58.81138833;9688.0;44.93659193;44.51591928;213.735426;191.9727532;55.96314091;14.86246495;121.1471474;1.165378214;29.15160614;7.741965823;63.10642804;14.14849854;179.7738037;33.42926407;16.49595045;41.03144354;17.27012863;16.96174322;42.9243531;15.79794478;;;;;;;;;;81.74132904;79.84952775;83.4076682;62.1187739;86.74691831;0.0;
17;1721;Caldas;Palestina;17524;2016;15642;5.626944551;0.166219154;68.48868431;140;1600.0;119;1;0;0;0;0;74.54914606;39.26907918;65.51886792;685700.0;55.00575374;8604.0;49.14485981;45.87850467;239.6588785;253.0426662;82.47053398;18.68405647;151.8880758;1.617712992;32.59155272;7.383757351;60.02468992;14.14849854;179.7738037;33.42926407;15.29113924;40.56962025;21.56962025;15.80986825;41.97881684;20.39524671;;;;;;;;;;76.5088497;74.31737204;78.4691858;59.1945769;81.95354546;2.0;LL
17;1721;Caldas;Palestina;17524;2021;15795;6.976891421;0.677429566;65.80563469;145;1600.0;119;1;0;0;0;0;72.430156;39.38549143;67.39439962;907815.5;47.23013612;7460.0;49.0755806;46.4476738;231.9302368;348.3696427;85.99928401;16.94729034;245.4230684;2.205569121;24.68621644;4.864743726;70.44903984;14.14849854;179.7738037;33.42926407;13.86870459;40.57880231;23.84114257;14.42467682;41.59733777;22.84653782;;;;;;;;;;72.22321067;69.95248244;74.5404339;72.1129813;78.72653693;2.0;LL
17;1704;Caldas;Pensilvania;17541;2011;22493;4.895967634;;66.76743876;100;2100.0;573;1;0;0;0;0;72.55756615;39.91546691;78.69126349;577297.5;73.57844663;16550.0;45.516;44.57685185;223.2444444;140.6337844;29.06814848;15.64116032;95.92447557;0.625233559;20.66939221;11.12190815;68.20869964;40.95019913;153.9367676;92.78840637;16.35313676;38.26231516;19.30177618;15.69956616;38.08749096;20.22776573;577.0;51163.0;145.0;13028.0;176.0;16010.0;82.38636364;81.37414116;0.112098036;81.63747322;78.76200776;84.5051902;62.0398494;84.86646589;0.0;
17;1704;Caldas;Pensilvania;17541;2016;20459;4.650357626;0.395913779;62.87697346;105;2100.0;573;1;0;0;0;0;69.18101398;40.27870256;75.05507026;724025.1667;68.46864461;14008.0;51.81276596;48.49361702;253.5617021;175.6455088;37.9854227;19.80701998;117.8530661;0.858524409;21.62618501;11.27670165;67.09711334;40.95019913;153.9367676;92.78840637;15.22769023;37.977376;23.35879339;14.85765125;37.53459866;24.3772242;462.0;630592.0;149.0;15065.0;197.0;20277.0;75.63452;74.296;0.142711902;74.91215225;70.916564;78.4954247;57.9592188;77.03360061;0.0;
17;1704;Caldas;Pensilvania;17541;2021;20006;7.446516045;0.389883035;58.36748975;110;2100.0;573;1;0;0;0;0;65.3267317;40.84513947;77.97968576;909815.5;66.15515345;13235.0;49.80952454;47.62770462;236.4761963;238.115336;64.05661332;18.20484601;155.8538767;1.190219614;26.90150681;7.645389969;65.45310322;40.95019913;153.9367676;92.78840637;13.84508579;37.63760785;25.92482396;13.55436864;36.66229971;27.57230676;480.0;571273.0;146.0;132783.0;197.0;200731.0;74.11167;66.14972;0.142226147;66.77144303;62.6371861;71.0113864;66.6695343;69.29958587;0.0;
17;1703;Caldas;Riosucio;17614;2011;45694;4.425271006;;61.90528297;165;1783.0;422;1;0;0;0;0;68.299596;41.96543774;73.49393542;533883.3333;88.63308093;40500.0;45.31140351;43.59502924;216.1710526;253.9981766;33.24143303;35.90814468;184.8485989;0.555867678;13.08727231;14.13716632;72.77556137;41.40159988;206.3614044;72.38037109;16.20927403;38.42098148;20.24694696;15.19805982;39.95660128;22.58009616;167.0;23509.0;45.0;5289.0;72.0;9289.0;62.5;56.93831413;0.407815725;61.93742471;54.65328047;68.1243198;47.0689299;81.6235282;0.0;
17;1703;Caldas;Riosucio;17614;2016;48898;6.161976632;0.386518876;63.73880322;170;1783.0;422;1;0;0;0;0;70.20625986;40.97734842;71.45269214;685696.25;78.05227208;38166.0;50.50221566;47.788774;245.8478582;373.9865608;47.61039134;47.56175877;278.8144107;0.764829974;12.73050862;12.71750479;74.5519866;41.40159988;206.3614044;72.38037109;16.49939616;38.85395411;21.44671636;15.02913402;39.19630299;24.08278079;137.0;241595.0;31.0;2832.0;57.0;5818.0;54.38596;48.67652;0.532639353;56.85961732;49.40547465;63.5356955;43.992048;72.56182422;0.0;
17;1703;Caldas;Riosucio;17614;2021;53116;7.161056304;0.402891784;62.69673921;175;1783.0;422;1;0;0;0;0;69.56646056;40.58222238;74.21560858;907577.6667;69.25032005;36783.0;49.91469955;46.17967224;231.8439178;511.8718449;70.11911903;51.64330188;390.109424;0.963686733;13.69856923;10.08910773;76.21232304;41.40159988;206.3614044;72.38037109;15.0334499;38.66504485;23.89387259;13.69740376;38.48851089;26.87630558;136.0;276911.0;38.0;80792.0;54.0;116785.0;70.37037;69.18011;0.481063547;70.72465222;63.37454133;76.9577643;70.61671;77.66912782;0.0;
17;1713;Caldas;Risaralda;17616;2011;11992;4.417528352;;66.19412942;95;1700.0;101;1;0;0;0;0;71.82334074;38.72851386;69.07242063;533883.3333;70.1551034;8413.0;45.81132075;43.85849057;215.5660377;149.5408471;89.89380572;11.30574016;48.34130123;1.247005063;60.11321151;7.560302335;32.32648615;14.06493855;192.1656799;37.82996368;16.49122807;41.37161085;17.43221691;15.85110101;41.68123034;17.65117092;287.0;23613.0;109.0;9357.0;117.0;9948.0;93.16239316;94.05910736;0.049233186;93.52876698;90.36533223;95.8870811;71.0765582;88.57510276;0.0;
17;1713;Caldas;Risaralda;17616;2016;11092;6.043394639;0.24341868;62.58564731;100;1700.0;101;1;0;0;0;0;68.28950794;38.88744251;64.25830356;685696.25;72.99855752;8097.0;49.61068702;47.96183206;245.0305344;198.4731036;112.5659187;16.93875943;68.96842539;1.789335589;56.71595633;8.534536483;34.74950719;14.06493855;192.1656799;37.82996368;15.7378741;41.52046784;21.37942896;15.10041682;41.45509663;22.20538083;184.0;211131.0;65.0;6516.0;80.0;8374.0;81.25;77.81228;0.367095764;78.92845963;72.95913147;83.6859194;61.066619;79.101838;0.0;
17;1713;Caldas;Risaralda;17616;2021;11146;7.789042407;0.825408218;57.34792751;105;1700.0;101;1;0;0;0;0;63.66091654;39.51036766;66.41630901;905970.5;70.29427597;7835.0;49.11403656;46.72806931;234.2368469;251.2801978;146.8929846;12.76529617;91.62191702;2.25444283;58.45784343;5.080104314;36.46205225;14.06493855;192.1656799;37.82996368;14.43529008;41.16031583;23.96155166;13.7593985;40.78947368;25.26315789;172.0;274065.0;67.0;139718.0;78.0;166060.0;85.89744;84.13706;0.250713644;83.65585837;78.10070622;88.1352808;83.5281802;81.02518661;0.0;
17;1758;Caldas;Salamina;17653;2011;21004;4.675299943;;44.62007237;186;1793.0;411;1;0;0;0;0;51.88569207;43.74513997;68.32022873;533883.3333;66.31593982;13929.0;45.56122449;44.65816327;217.9540816;133.4384898;28.43780322;18.04579588;86.95489067;0.63530037;21.31154457;13.52368115;65.16477429;32.93579865;173.9303741;76.65748596;16.02273822;39.68590423;21.41824839;14.88;40.44235294;23.10588235;;;;;;;;;;83.74744742;82.11509075;85.5256763;63.6433101;85.02021145;0.0;
17;1758;Caldas;Salamina;17653;2016;19703;7.290767903;0.238542354;42.44023753;191;1793.0;411;1;0;0;0;0;49.6516654;43.15789474;64.40192829;685696.25;59.17880526;11660.0;52.53170732;50.34146341;257.4926829;191.8767872;39.89929968;30.31381829;121.6636693;0.973845542;20.7942296;15.7985855;63.4071849;32.93579865;173.9303741;76.65748596;14.97633196;39.3493806;25.66220163;13.55637405;40.208717;27.58338449;;;;;;;;;;76.41382119;74.46231592;78.2324582;59.1210538;74.16633886;0.0;
17;1758;Caldas;Salamina;17653;2021;19737;11.21413251;0.420529969;39.60581649;196;1793.0;411;1;0;0;0;0;47.07171619;43.64646516;67.93616529;905982.1667;50.1545321;9899.0;51.31210327;48.76433182;241.1337585;302.3053561;101.2742697;40.91308268;160.1180037;1.531668218;33.50065344;13.53369428;52.96565228;32.93579865;173.9303741;76.65748596;13.52334748;38.60925814;28.44147968;12.26252159;39.14456974;30.66138372;;;;;;;;;;67.85017311;65.42475609;69.9628303;67.746618;78.31590264;0.0;
17;1762;Caldas;Samaná;17662;2011;23679;1.811379985;;76.59529541;103;1250.0;796;1;0;0;0;0;81.26364348;38.47357799;80.22879058;919001.6667;78.0184974;18474.0;44.57352941;42.64705882;213.4901961;138.8347504;34.92535389;21.18978936;82.71960713;0.586320159;25.15606056;15.26259766;59.58134178;23.71262169;154.0789642;110.7162552;16.82143151;37.4887008;18.04585422;16.03822763;39.09643788;17.35013032;;;;;;;;;;88.68215304;87.27403294;89.9428643;67.3934065;91.90423242;0.0;
17;1762;Caldas;Samaná;17662;2016;21144;3.72446084;0.004729474;72.59742717;108;1250.0;796;1;0;0;0;0;78.22863122;38.82090706;76.71444322;722066.6667;76.46140749;16167.0;48.99293286;46.47349823;240.5583039;185.8271805;46.77954269;18.41071664;120.6369212;0.878864834;25.17368157;9.907440123;64.91887831;23.71262169;154.0789642;110.7162552;15.23289193;38.04981943;21.40012964;14.50942484;39.46834219;21.09231513;;;;;;;;;;84.59399652;82.82812879;86.2898615;65.4500212;85.50463114;0.0;
17;1762;Caldas;Samaná;17662;2021;21054;4.182894779;0.03799753;67.73059751;113;1250.0;796;1;0;0;0;0;74.293213;39.41891519;79.07710807;949948.8333;75.72432792;15943.0;50.29203415;47.04424667;235.2433624;241.6580414;74.40811774;15.88954931;151.3603743;1.147801089;30.79066491;6.575220598;62.63411449;23.71262169;154.0789642;110.7162552;13.82919081;37.78732947;23.85535414;13.1568779;38.92967543;23.96638331;;;;;;;;;;82.67906398;81.01574278;84.428534;82.5528766;83.80527384;0.0;
17;1713;Caldas;San José;17665;2011;6582;2.178922313;;79.82376177;14;1750.0;61;1;0;0;0;0;84.22502537;36.76960998;74.10423453;591423.7917;57.74840474;3801.0;44.79661017;43.42372881;211.0847458;47.77064365;18.21577414;4.952703942;24.60216557;0.725777023;38.13173268;10.36767262;51.50059469;13.17089558;194.1353912;36.9409256;15.31505251;40.69428238;19.31155193;15.75776791;39.41027267;17.0577045;155.0;8370.0;55.0;3039.0;61.0;3505.0;90.16393443;86.70470756;0.306986435;86.42608143;81.03445405;91.1764584;65.6789201;88.87717772;0.0;
17;1713;Caldas;San José;17665;2016;5262;3.632965919;0.057012543;75.82668187;19;1750.0;61;1;0;0;0;0;80.36000713;37.74728212;72.51240152;691285.25;66.49562904;3499.0;52.07142857;52.10714286;261.4464286;76.59770036;36.21461162;6.839330009;33.54375873;1.455676556;47.27898025;8.928897312;43.79212244;13.17089558;194.1353912;36.9409256;13.43449297;40.3034789;23.64914878;14.9609375;39.0234375;21.8359375;163.0;173387.0;63.0;7059.0;69.0;7506.0;91.30434;94.04476;0.066206395;92.33317021;88.62682637;95.6037018;71.4377875;88.09539751;0.0;
17;1713;Caldas;San José;17665;2021;4858;4.813366269;0.041169205;71.32564841;24;1750.0;61;1;0;0;0;0;76.72347018;38.03253292;74.34083601;911812.9167;68.1556196;3311.0;48.04761887;45.0;225.8571472;114.4484906;61.74324492;6.207711565;46.4975341;2.35587671;53.94850085;5.424022224;40.62747692;13.17089558;194.1353912;36.9409256;12.16973579;40.11208967;26.46116894;13.77118644;38.43220339;25.08474576;134.0;212230.0;45.0;41716.0;48.0;47314.0;93.75;88.1684;0.921049435;87.11909306;81.29910328;92.0881247;86.9861292;85.51192336;0.0;
17;1703;Caldas;Supía;17777;2011;27476;4.317100985;;53.63226088;471;1184.0;124;1;0;0;0;0;61.24931706;43.29266072;69.76845546;533883.3333;73.43863736;20178.0;43.51833741;41.98288509;207.5843521;204.7422814;30.01589018;53.98470798;120.7416832;0.745167715;14.66032809;26.36715172;58.97252019;40.80698013;199.868454;77.81233978;17.3955589;39.60105382;17.07188559;16.4470439;41.84342189;18.61743358;424.0;48887.0;109.0;12473.0;148.0;17007.0;73.64864865;73.34038925;0.138876145;73.91583653;70.13889423;77.8286929;56.1718435;77.9720068;0.0;
17;1703;Caldas;Supía;17777;2016;28029;6.0354157;0.164115737;53.08073781;476;1184.0;124;1;0;0;0;0;60.98150483;42.86815188;65.98399495;685696.25;65.98879732;18496.0;48.63089005;44.58376963;234.1675393;270.9002113;64.09418132;30.61164515;176.1943848;0.966499737;23.65970149;11.29997094;65.04032757;40.80698013;199.868454;77.81233978;16.99509193;40.01904622;18.96564354;16.33050494;41.7026012;21.17123383;404.0;612447.0;126.0;13013.0;175.0;17835.0;72.0;72.96327;0.126579555;73.38256933;68.81667366;77.8066534;56.7757869;75.93797592;0.0;
17;1703;Caldas;Supía;17777;2021;29505;7.578094108;0.24063718;51.1608202;481;1184.0;124;1;0;0;0;0;59.52500251;42.69632896;68.84685971;905982.1667;62.58261312;18465.0;48.53845978;46.26259995;226.7108765;352.4487908;61.39605864;32.50604441;258.5466877;1.194539199;17.41985226;9.222912735;73.35723501;40.80698013;199.868454;77.81233978;15.39365452;39.95299647;21.05481441;14.94879638;41.02274239;23.64676154;336.0;644754.0;104.0;153632.0;146.0;227461.0;71.23288;67.54213;0.191133481;68.07524293;63.08162385;73.2505815;67.9713444;69.71342735;0.0;
17;1762;Caldas;Victoria;17867;2011;10479;4.595699335;;61.49441741;104;675.0;577;1;0;0;0;0;67.20710288;41.11175449;78.25505351;533883.3333;63.9469415;6701.0;44.3125;40.8984375;208.453125;68.30994894;19.16080168;6.919685939;42.22946132;0.651874692;28.04979652;10.12983621;61.82036727;13.17171574;137.6121979;125.3728561;15.75665974;38.1825052;19.19516342;15.52256074;39.7801774;19.05129194;;;;;;;;;;84.82191665;83.15305869;86.4251199;64.4598458;86.5922949;0.0;
17;1762;Caldas;Victoria;17867;2016;10163;4.131818033;0.108235757;58.67361999;109;675.0;577;1;0;0;0;0;64.97367908;41.47007214;73.6810188;686410.4583;55.87916954;5679.0;51.16304348;49.2826087;252.7826087;92.13484544;26.75367504;8.271626922;57.10954348;0.906571342;29.03752094;8.977740053;61.984739;13.17171574;137.6121979;125.3728561;15.65355582;38.04131903;22.24870878;14.93468512;39.28641061;21.71963346;;;;;;;;;;76.22383136;74.20325127;78.1676013;58.9740594;79.4666988;0.0;
17;1762;Caldas;Victoria;17867;2021;10343;4.271004544;0.328724741;55.76718554;114;675.0;577;1;0;0;0;0;62.70699722;41.70575285;75.5111313;948060.7917;50.96200329;5271.0;47.91150284;47.04424667;230.9645996;128.9803429;42.65005836;7.12665973;79.20362476;1.24703029;33.06709954;5.52538439;61.40751606;13.17171574;137.6121979;125.3728561;14.10658307;38.02899687;24.94122257;13.55220462;38.90055354;24.47031876;;;;;;;;;;73.13750322;70.84778668;75.0417844;73.0258785;78.03913018;0.0;
17;1721;Caldas;Villamaría;17873;2011;57678;3.483708404;;15.91421339;159;1944.0;480;1;0;0;0;0;20.12315941;49.54932204;56.64824329;533883.3333;25.40483373;14653.0;48.72452727;47.63438182;228.6909091;299.8760756;21.86674991;72.88393284;205.1253928;0.519914136;7.291928797;24.30468409;68.40338711;16.13167381;157.6871948;34.11923218;18.64364094;43.02212628;16.13239791;17.26734264;44.85828063;18.11397785;3062.0;58903.0;614.0;11278.0;1305.0;23090.0;47.04980843;48.84365526;0.034728477;48.99439358;47.03215986;50.7603745;37.2329603;55.03654658;2.0;LL
17;1721;Caldas;Villamaría;17873;2016;62261;4.63104244;0.181494033;14.12601789;164;1944.0;480;1;0;0;0;0;18.30058361;49.68142635;55.02564564;685696.25;21.62509436;13464.0;53.57912458;51.62962963;264.4494949;453.8717737;45.80437761;51.46465679;356.6027393;0.728982467;10.09192029;11.33903005;78.56904967;16.13167381;157.6871948;34.11923218;17.43767498;43.52752966;18.38754833;15.605915;45.07238739;21.25120129;2680.0;663566.0;512.0;9492.0;1204.0;22108.0;42.52492;42.93468;0.04106324;43.11743075;41.33966999;45.1674425;33.3597758;50.25902203;2.0;LL
17;1721;Caldas;Villamaría;17873;2021;67781;6.476618325;0.150484649;11.66846166;169;1944.0;480;1;0;0;0;0;15.47149159;50.13267438;58.58852889;907815.5;17.89587052;12130.0;53.4257431;50.84818649;254.7227783;648.7024389;93.84535596;40.3889275;514.4681554;0.95705646;14.46662604;6.226110013;79.30726394;16.13167381;157.6871948;34.11923218;15.84573914;43.11707407;20.33327207;14.30767041;44.28917034;23.44670556;2569.0;777124.0;313.0;109136.0;1025.0;323080.0;30.53658;33.77987;0.079254829;33.97716489;32.19574481;35.7980245;33.9253079;41.33734801;2.0;LL
17;1713;Caldas;Viterbo;17877;2011;13136;6.661084044;;17.5091352;100;1000.0;122;1;0;0;0;0;22.12618842;49.73206569;66.58031088;533883.3333;59.86601705;7864.0;43.58525346;40.98156682;208.0322581;108.3184133;40.3022447;10.82072406;57.19544449;0.824592062;37.20719635;9.989736494;52.80306716;11.43573761;200.0232391;33.89108276;17.96388045;39.12418092;18.33146875;16.65939817;41.37229248;20.04651839;;;;;;;;;;77.61428835;75.75290674;79.4100564;58.9824571;77.01121433;0.0;
17;1713;Caldas;Viterbo;17877;2016;12765;6.322626975;0.156678418;16.29455542;105;1000.0;122;1;0;0;0;0;20.50270224;50.3645878;60.90971272;685696.25;53.40383862;6817.0;50.35915493;49.50704225;249.4014085;147.8654123;58.24069892;13.23586567;76.38884766;1.15836594;39.38764179;8.951292579;51.66106563;11.43573761;200.0232391;33.89108276;16.9858039;39.43545725;23.06041598;16.4305949;41.34486358;24.8099001;;;;;;;;;;69.05984679;66.95719141;71.141849;53.4313146;71.64610484;0.0;
17;1713;Caldas;Viterbo;17877;2021;12991;6.847689426;0.546532215;14.7794627;110;1000.0;122;1;0;0;0;0;19.01819721;50.59669911;65.05871517;905965.75;49.67285043;6453.0;50.58741379;47.46853256;235.6783142;209.0129676;83.07659594;11.50106454;114.4353072;1.608905917;39.74710128;5.502560279;54.75033844;11.43573761;200.0232391;33.89108276;15.17610777;38.98717741;25.59649408;14.99267936;40.43923865;27.55490483;;;;;;;;;;65.82614711;63.49839011;68.243032;65.7256812;69.99951138;0.0;
18;1818;Caquetá;Florencia;18001;2011;162937;12.358611;;11.59159675;99;266.0;2292;0;0;0;0;1;14.30594236;48.94154645;82.42819167;533916.6667;58.38575646;95132.0;45.22574468;46.09109183;218.5240761;963.1872559;23.26930437;143.0474154;796.8705361;0.591140905;2.415865059;14.85146471;82.73267023;142.2667542;341.2758789;153.9111786;20.75457849;36.52634541;11.49362009;19.63643529;39.09182718;11.94270654;25611.0;211294.0;7018.0;61611.0;9673.0;78836.0;72.55246563;78.15084479;0.004954541;78.14897325;77.60923878;78.6302657;59.3887873;82.80676424;0.0;
18;1818;Caquetá;Florencia;18001;2016;167157;16.19206295;1.321512111;11.99112212;104;266.0;2292;0;0;0;0;1;15.05914873;49.04217691;77.33230461;685696.25;61.13653631;102194.0;51.70067372;50.24494706;254.5673725;1682.80468;31.8816169;294.8835565;1356.039506;1.006721034;1.894552427;17.52333827;80.5821093;142.2667542;341.2758789;153.9111786;20.24401374;37.7116507;12.8143238;18.75230976;39.69338245;14.25199385;23377.0;2733619.0;6103.0;47959.0;9714.0;73566.0;62.82685;65.1918;0.007852287;65.19872784;64.5957693;65.800043;50.443983;76.50474295;0.0;
18;1818;Caquetá;Florencia;18001;2021;175182;17.36094462;2.468290121;11.73122809;109;266.0;2292;0;0;0;0;1;14.84153215;49.32594594;68.49249117;905990.3333;66.1078193;115809.0;52.39516068;50.37311935;246.9967804;2195.741598;32.4728415;239.8343388;1923.434418;1.253405942;1.478900866;10.92270325;87.59839589;142.2667542;341.2758789;153.9111786;19.98132156;40.1309797;13.64102801;18.40793208;40.8429526;16.57640954;19835.0;2973689.0;4688.0;530811.0;7579.0;828495.0;61.85513;64.06931;0.009895625;64.07477469;63.28469012;64.7197587;63.9769818;73.02226149;0.0;
18;1818;Caquetá;Albania;18029;2011;5913;1.851851852;;61.06883139;26;270.0;417;0;0;0;0;1;65.83636712;40.06514658;96.67411962;535741.375;79.36749535;4693.0;42.79591837;41.6122449;205.8163265;39.77646997;11.05675129;9.316684197;19.40303448;0.672695247;27.79721604;23.42260187;48.7801821;149.5463562;401.2564392;211.9648285;18.17307692;35.70512821;12.05128205;18.6895811;36.48406731;9.810239885;;;;;;;;;;88.63709569;87.18724847;90.0348929;67.3591655;85.61320191;0.0;
18;1818;Caquetá;Albania;18029;2016;4949;11.90307806;0.020206102;58.01171954;31;270.0;417;0;0;0;0;1;64.19887104;41.03343465;86.61926309;698629.1667;77.59143261;3840.0;49.50980392;48.74509804;245.7843137;42.83010395;12.91156031;6.371129775;23.54741387;0.86542946;30.14599339;14.87535445;54.97865215;149.5463562;401.2564392;211.9648285;18.63940228;35.62721195;15.2575698;18.24605154;37.82211139;13.30008313;;;;;;;;;;81.10159881;79.2048633;82.8638353;62.7479677;75.59818498;0.0;
18;1818;Caquetá;Albania;18029;2021;4701;9.568886053;0.127632419;51.26568815;36;270.0;417;0;0;0;0;1;58.35023665;42.12305612;81.14973262;905986.3333;84.85428632;3989.0;48.63265228;45.38775635;226.1020355;72.07784295;34.27453843;4.86792692;32.9353776;1.533244904;47.55211453;6.753707826;45.69417764;149.5463562;401.2564392;211.9648285;18.46412086;36.04699958;17.24716744;17.55823986;38.22260569;16.35030198;;;;;;;;;;82.21059475;80.14710273;83.994763;82.0851224;78.6991788;0.0;
18;1818;Caquetá;Belén de Los Andaquíes;18094;2011;11985;1.229314421;;46.0492282;61;313.0;1095;0;0;0;0;1;50.9682022;43.91561353;107.2672327;535215.3333;73.07467668;8758.0;39.90625;37.7734375;193.9921875;46.42947028;12.43417115;6.036274546;27.95902459;0.387396498;26.78077322;13.00095502;60.21827176;141.7762146;375.0403748;184.7967987;18.85807504;32.30016313;11.59869494;19.45345858;34.41502989;10.00853971;;;;;;;;;;86.63494769;85.1176943;88.1106899;65.8376466;90.32336533;0.0;
18;1818;Caquetá;Belén de Los Andaquíes;18094;2016;11305;4.023293528;0.044228218;40.72534277;66;313.0;1095;0;0;0;0;1;46.60800164;45.70756165;92.29994243;1383762.333;69.39407342;7845.0;45.70895522;44.04477612;225.6492537;79.43114428;24.82495717;11.09413427;43.51205285;0.702619587;31.25343011;13.96698281;54.77958708;141.7762146;375.0403748;184.7967987;18.88457466;33.74514649;13.41334275;19.70207484;37.27611279;12.8036886;;;;;;;;;;76.44119055;74.21896233;78.4013408;59.1422293;83.22620743;0.0;
18;1818;Caquetá;Belén de Los Andaquíes;18094;2021;11280;5.520094563;0.079787234;37.34042553;71;313.0;1095;0;0;0;0;1;43.65303244;46.24219222;87.50355417;1424661.208;73.72340426;8316.0;46.92307663;44.52136612;220.4871826;77.23993566;16.82096931;5.998690069;54.42027629;0.684751203;21.77755479;7.766306403;70.45613881;141.7762146;375.0403748;184.7967987;18.78571429;34.5;15.01785714;19.03169014;37.42957746;15.14084507;;;;;;;;;;77.3888656;75.04358579;79.3169489;77.2707523;84.85491842;0.0;
18;1818;Caquetá;Cartagena del Chairá;18150;2011;26393;1.485558039;;46.91395446;26;242.0;13161;0;0;0;0;1;51.31490223;43.28581062;113.3101465;592542.5;79.85450688;21076.0;44.49152542;46.73728814;216.1271186;85.20910518;28.64290026;9.009600068;47.55660485;0.322847366;33.61483518;10.57351799;55.81164683;294.8395081;417.1875;294.8395081;16.50196894;34.54194219;10.18649231;18.20009278;34.11937529;7.816607391;790.0;34941.0;275.0;11869.0;290.0;12705.0;94.82758621;93.41991342;0.032187949;93.33272987;91.6543908;94.934893;70.9275811;92.63420121;1.0;HH
18;1818;Caquetá;Cartagena del Chairá;18150;2016;29373;2.593368059;0.078303204;48.66033432;31;242.0;13161;0;0;0;0;1;53.90201923;42.91591453;108.3937518;1044542.125;85.06451503;24986.0;48.38610039;46.6023166;237.5945946;201.9055922;83.6336519;27.9390794;90.33286089;0.687384987;41.42215725;13.83769469;44.74014806;294.8395081;417.1875;294.8395081;17.21885208;34.37104193;10.59929338;18.4316727;34.85249095;8.77400501;871.0;521308.0;313.0;11613.0;348.0;12925.0;89.94253;89.84913;0.039569443;89.6308531;87.6138432;91.4016469;69.3470161;88.03218849;0.0;
18;1818;Caquetá;Cartagena del Chairá;18150;2021;32111;3.617919093;0.214879636;47.18632244;36;242.0;13161;0;0;0;0;1;52.64129351;43.0211525;95.08179907;1184348.833;91.72246271;29453.0;48.32195282;47.39512253;228.4390259;306.7760306;163.2708046;23.167904;120.337322;0.955361186;53.22149984;7.552058077;39.22644208;294.8395081;417.1875;294.8395081;17.4840998;36.69887476;11.5398728;18.37680056;36.46805;10.57173679;;;;;;;;;;85.9700101;84.11765337;87.7718359;85.8388;84.75434234;0.0;
18;1818;Caquetá;Curillo;18205;2011;7206;1.917383662;;31.00194283;26;232.0;459;0;0;0;0;1;35.25102734;46.14972307;104.4829222;534183.3333;136.2614488;9819.0;43.18461538;46.84615385;216.1538462;43.67271346;10.94504662;6.940350645;25.78731619;0.606060414;25.06152184;15.89173215;59.04674601;136.5054779;418.0257263;227.8577271;18.74827681;32.9473394;11.41439206;19.11148365;35.40094999;9.248393406;783.0;27470.0;222.0;7441.0;230.0;7784.0;96.52173913;95.59352518;0.024272641;95.64597025;94.14622304;96.9152954;72.6855126;94.0736956;1.0;HH
18;1818;Caquetá;Curillo;18205;2016;7523;3.442775489;0.159510833;30.89193141;31;232.0;459;0;0;0;0;1;35.4337289;45.54571285;98.92641467;1034938.375;113.585006;8545.0;47.22764228;45.83739837;233.8455285;65.32249823;13.58745918;9.251025067;42.48401398;0.868303845;20.80058104;14.16208093;65.03733803;136.5054779;418.0257263;227.8577271;18.86243386;33.51851852;13.28042328;17.39246594;35.42612877;12.36975688;649.0;392241.0;252.0;9249.0;281.0;10611.0;89.67972;87.16426;0.056590233;87.43562665;84.78963485;89.8651443;67.6485786;86.34640404;0.0;
18;1818;Caquetá;Curillo;18205;2021;7926;4.181386155;0.239717386;29.8763563;36;232.0;459;0;0;0;0;1;34.89881044;45.91379577;94.51193967;1203317.833;110.2321474;8737.0;46.66666794;44.04597855;220.1724091;76.73526737;8.153181863;6.104032569;62.47805294;0.968146194;10.62507781;7.954663844;81.42025835;136.5054779;418.0257263;227.8577271;18.84830036;33.4601725;15.14459665;16.99297189;35.46686747;14.58333333;576.0;419040.0;187.0;85741.0;203.0;94188.0;92.11823;91.03177;0.055018376;90.97060684;88.38366429;93.058517;90.8317646;89.54124978;0.0;
18;1818;Caquetá;El Doncello;18247;2011;20367;2.904616946;;30.11243678;44;373.0;1027;0;0;0;0;1;34.82371128;46.43557881;90.14006048;542146.9167;77.70412923;15826.0;43.54811715;44.23849372;212.6025105;88.77804122;12.13277078;14.50471446;62.14055598;0.435891595;13.66640964;16.33817807;69.9954123;133.253067;306.3642273;133.253067;18.33039734;35.77999609;13.36856528;18.19883732;38.1712484;13.1737117;600.0;24994.0;202.0;8740.0;224.0;9481.0;90.17857143;92.18436874;0.029029325;91.93405835;89.55239826;93.8601309;69.8646701;89.52064561;0.0;
18;1818;Caquetá;El Doncello;18247;2016;19605;5.836521296;0.086712573;29.83422596;49;373.0;1027;0;0;0;0;1;35.46884453;46.83605566;88.5040409;950194.25;84.99872482;16664.0;50.97590361;48.85542169;248.5301205;128.8139706;17.66746351;18.22727349;92.91923358;0.657046522;13.7154871;14.15007503;72.13443787;133.253067;306.3642273;133.253067;17.6422094;35.39777411;15.34418796;17.03868296;38.13756186;16.10948389;555.0;336065.0;195.0;8124.0;231.0;9978.0;84.41558;81.41912;0.065867818;81.42905691;78.29180492;84.707741;63.0013207;82.44799453;1.0;HH
18;1818;Caquetá;El Doncello;18247;2021;19851;6.390526086;0.151125888;29.89270062;54;373.0;1027;0;0;0;0;1;36.21009867;46.76146257;84.30064309;1192035.25;85.43650194;16960.0;50.859375;49.140625;237.9570313;153.8715516;23.68640405;12.22213706;117.9630105;0.775132495;15.39362137;7.9430778;76.66330083;133.253067;306.3642273;133.253067;17.49718613;35.73109588;17.17998567;16.3921413;38.03333995;18.75372098;446.0;389388.0;134.0;88854.0;163.0;108864.0;82.20859;81.61927;0.101418188;81.58254266;77.67776981;84.94777;81.4580288;82.15707785;0.0;
18;1818;Caquetá;El Paujíl;18256;2011;17337;1.508815443;;48.90696199;44;346.0;1336;0;0;0;0;1;55.19046635;42.87387201;103.8294512;533883.3333;73.07492646;12669.0;41.90062112;42.85714286;208.2857143;55.7102807;11.69513655;6.889667845;37.12547631;0.32133749;20.99277979;12.36695949;66.64026072;141.4689331;318.90802;141.4689331;18.60174782;33.39008058;12.39359891;18.08585503;35.39760732;10.77879428;869.0;36182.0;309.0;12212.0;334.0;13205.0;92.51497006;92.48012117;0.02409908;92.33188098;90.27990114;93.9475876;70.1669928;91.55454214;0.0;
18;1818;Caquetá;El Paujíl;18256;2016;17856;2.943455048;0.145609319;50.29121864;49;346.0;1336;0;0;0;0;1;56.58155756;42.25379151;93.98801291;906268.8333;71.61178315;12787.0;49.33082707;49.18045113;250.2932331;92.51023069;17.53970893;12.90308182;62.06743994;0.51809045;18.95975051;13.947735;67.0925145;141.4689331;318.90802;141.4689331;18.03672934;35.3082641;13.69698295;17.79972439;36.97749196;12.98805696;892.0;446949.0;361.0;13553.0;414.0;15539.0;87.19807;87.21925;0.028645058;86.97564502;84.62555382;88.9729555;67.2926927;86.1743728;0.0;
18;1818;Caquetá;El Paujíl;18256;2021;18826;4.152501859;0.191224902;50.03187082;54;346.0;1336;0;0;0;0;1;56.96574417;42.18814266;88.30489582;908527.6667;71.31626474;13426.0;49.96154022;49.83654022;237.6538391;116.8894052;26.71021167;8.966521238;81.21267234;0.620893473;22.8508406;7.670944359;69.47821504;141.4689331;318.90802;141.4689331;18.05106826;35.98749349;15.08077124;17.34373307;37.47156321;15.10128913;756.0;444010.0;276.0;96152.0;314.0;111266.0;87.89809;86.41634;0.042523033;86.21453971;84.0074041;88.8190692;86.0829564;85.78902373;0.0;
18;1818;Caquetá;La Montañita;18410;2011;14602;1.1876227;;82.45445829;56;237.0;2001;0;0;0;0;1;85.66159521;37.31366221;116.1746768;535766.6667;84.18024928;12292.0;41.53846154;40.70940171;203.7692308;54.88468422;12.79441213;6.037688271;36.05258382;0.375871005;23.31144345;11.00067962;65.68787693;169.4707794;345.5023193;169.4707794;17.14285714;33.23037323;11.32561133;17.94496487;33.82611241;8.533372365;602.0;28964.0;168.0;7358.0;178.0;7785.0;94.38202247;94.51509313;0.035412746;94.38533785;92.53994239;95.9396603;71.7275035;93.32670064;0.0;
18;1818;Caquetá;La Montañita;18410;2016;14720;2.758152174;0.033967391;83.0298913;61;237.0;2001;0;0;0;0;1;85.90503392;37.57229561;99.89751765;1169708.167;81.66440217;12021.0;47.35294118;43.82352941;230.254902;83.30660739;16.25915434;11.55918097;55.48827208;0.565941626;19.5172446;13.87546718;66.60728821;169.4707794;345.5023193;169.4707794;16.98623086;35.96705701;12.48230601;17.95941862;36.26421068;10.54828033;518.0;332029.0;151.0;7041.0;180.0;8326.0;83.88889;84.56642;0.154884637;84.64097539;81.64372327;87.5622591;65.4863686;85.38347187;0.0;
18;1818;Caquetá;La Montañita;18410;2021;15238;4.143697773;0.06562541;81.5198845;66;237.0;2001;0;0;0;0;1;84.94072199;37.73145065;91.39016323;1725242.542;85.50990944;13030.0;46.70370483;44.53086472;218.9876556;98.72828057;23.52715847;7.50995554;67.69116655;0.647908391;23.83021191;7.606691312;68.56309678;169.4707794;345.5023193;169.4707794;16.90317719;37.17192013;13.92691197;17.64948454;37.37457045;12.28865979;475.0;381111.0;131.0;69747.0;151.0;80451.0;86.75497;86.69501;0.138913421;86.66785151;83.37745495;89.4506697;86.5355763;86.34043094;0.0;
18;1818;Caquetá;Milán;18460;2011;9460;0.821881607;;88.01268499;26;207.0;1366;0;0;0;0;1;89.44404505;37.53894081;122.0921305;758368.0833;92.87526427;8786.0;40.8;39.37142857;199.6142857;35.98349926;7.402713447;3.69479828;24.88598753;0.380375256;20.57252241;10.26803495;69.15944264;203.6056671;385.1419373;209.3975983;17.85571142;32.10420842;9.699398798;17.71812081;33.06487696;7.651006711;898.0;26756.0;270.0;7189.0;289.0;7809.0;93.42560554;92.06044308;0.038105223;92.08409931;90.39100079;93.6694732;69.9786927;92.67752999;0.0;
18;1818;Caquetá;Milán;18460;2016;9636;2.342777086;0.083022001;89.52885015;31;207.0;1366;0;0;0;0;1;90.72589879;37.26814747;117.0668156;1195174.0;75.91324201;7315.0;43.39506173;40.49382716;214.8024691;67.53901152;23.81061466;9.339459763;34.38893709;0.700902984;35.25460933;13.82824467;50.91714599;203.6056671;385.1419373;209.3975983;18.69418535;31.95078389;11.05378051;17.09810746;32.4124429;9.701979552;670.0;347245.0;252.0;10580.0;285.0;11985.0;88.42105;88.27702;0.055826415;88.03364659;85.47469753;90.3936428;68.1112641;87.22129188;0.0;
18;1818;Caquetá;Milán;18460;2021;10096;3.746533281;0.45562599;88.99564184;36;207.0;1366;0;0;0;0;1;90.52840434;37.52088555;106.7375279;1664650.917;72.09786054;7279.0;45.03278732;42.47541046;209.4754028;83.80528566;30.63413283;6.327375518;46.84377731;0.83008405;36.5539388;7.550091225;55.89596997;203.6056671;385.1419373;209.3975983;18.88931591;33.14757879;12.16372022;17.06868357;33.44235487;11.63123467;678.0;399065.0;200.0;76756.0;234.0;94899.0;85.47009;80.88178;0.123527809;80.92959239;77.62337479;83.602771;80.8060751;81.96874374;0.0;
18;1818;Caquetá;Morelia;18479;2011;3652;1.159182183;;45.15334064;26;258.0;440;0;0;0;0;1;50.56397035;43.24846922;91.69271996;698659.3333;92.68893757;3385.0;42.73529412;40.44117647;198.8529412;20.43005752;5.367425316;2.389435341;12.67319686;0.559421071;26.27219875;11.69568582;62.03211543;153.0160675;370.4794312;182.8930817;17.74541532;37.32470334;12.40560949;18.63181313;36.31813126;11.34593993;;;;;;;;;;91.6898038;90.55801981;92.8415065;69.6790505;92.58599066;0.0;
18;1818;Caquetá;Morelia;18479;2016;3730;4.939678284;0.402144772;46.00536193;31;258.0;440;0;0;0;0;1;52.48248553;42.52208346;83.19148936;1265924.0;88.04289544;3284.0;49.83333333;46.375;240.5;30.31967311;8.451039399;4.219479751;17.64915396;0.812859869;27.87312175;13.91663999;58.21023827;153.0160675;370.4794312;182.8930817;17.10945802;39.16046759;15.03719447;18.34415584;37.06709957;12.39177489;;;;;;;;;;86.70772312;85.13750797;88.3763219;67.0854026;80.81623779;0.0;
18;1818;Caquetá;Morelia;18479;2021;3834;6.41627543;0.625978091;45.01825769;36;258.0;440;0;0;0;0;1;51.93083573;42.62247839;79.00326797;1221158.5;86.07198748;3300.0;49.21739197;45.13043594;225.3043518;41.45513852;7.319680453;3.168504023;30.96695404;1.081250353;17.65687129;7.643211762;74.69991694;153.0160675;370.4794312;182.8930817;16.96938246;39.5433316;16.86559419;17.46198217;37.65076036;14.9449397;;;;;;;;;;83.66731874;81.80538126;85.4792909;83.539623;82.92210892;0.0;
18;1818;Caquetá;Puerto Rico;18592;2011;28334;1.567021952;;48.11886779;44;250.0;2791;0;0;0;0;1;53.37497397;42.85654799;98.56569472;564946.3333;79.6145973;22558.0;43.05462185;41.77731092;206.4915966;132.8863709;37.37011782;16.8773925;78.63886055;0.468999685;28.12185898;12.70061963;59.17752139;125.061203;293.4859924;125.061203;18.63639481;34.67316002;12.3190891;18.76408579;36.31406761;10.58524173;784.0;33823.0;262.0;10558.0;293.0;12236.0;89.41979522;86.28636809;0.052457902;86.33729236;83.93061968;88.5926901;65.6114454;92.0118609;1.0;HH
18;1818;Caquetá;Puerto Rico;18592;2016;27085;3.081041167;0.036920805;46.2063873;49;250.0;2791;0;0;0;0;1;52.02783984;43.01426362;94.32904916;926664.0417;84.32711833;22840.0;48.08920188;46.23474178;236.3333333;264.5305954;49.72078288;75.43651037;139.3733021;0.97666825;18.79585339;28.51712115;52.68702546;125.061203;293.4859924;125.061203;19.51395399;34.18187063;13.57178914;18.53533061;36.20820094;12.34679982;694.0;479623.0;288.0;13579.0;327.0;15557.0;88.07339;87.28547;0.053059706;87.09323985;84.55627401;89.4564435;67.3836753;84.53171261;0.0;
18;1818;Caquetá;Puerto Rico;18592;2021;27230;11.26851512;0.253396989;43.55123026;54;250.0;2791;0;0;0;0;1;49.977069;43.63560559;88.70516862;968342.1667;84.46933529;23001.0;48.15517426;46.37931061;225.0344849;302.153025;79.55812901;75.5793115;147.0155844;1.10963285;26.33040957;25.01358757;48.65600285;125.061203;293.4859924;125.061203;19.59444727;34.57373356;15.16825351;18.13525351;36.63425135;14.60173706;558.0;538050.0;195.0;82562.0;234.0;105113.0;83.33334;78.54594;0.133630156;78.54265163;75.50019722;81.8377521;78.4227774;76.56398699;0.0;
18;1818;Caquetá;San José del Fragua;18610;2011;11231;1.250259698;;46.28261063;26;365.0;1227;0;0;0;0;1;51.71936548;42.37197913;99.11137441;676338.0;91.79057965;10309.0;40.07027027;39.30810811;199.5297297;38.6802746;7.693217388;4.827892056;26.15916516;0.344406327;19.88925225;12.48153511;67.62921263;125.6738205;406.1505127;213.3657074;19.16780355;35.06139154;10.11255116;20.34656233;35.81144028;8.869014347;876.0;35265.0;257.0;9830.0;288.0;11281.0;89.23611111;87.1376651;0.059494376;87.28575172;84.93011454;89.2098853;66.3322207;90.52800777;1.0;HH
18;1818;Caquetá;San José del Fragua;18610;2016;12379;3.513342489;0.040390985;49.60012925;31;365.0;1227;0;0;0;0;1;56.26161278;42.56781865;96.33787757;1110618.75;78.8270458;9758.0;47.09047619;45.63333333;229.7809524;90.02773167;31.63772946;12.52182612;45.86817609;0.727261747;35.14220438;13.9088544;50.94894121;125.6738205;406.1505127;213.3657074;18.82018029;34.65127313;12.13031789;19.08850727;36.31109643;10.58454425;684.0;437674.0;241.0;12141.0;283.0;14102.0;85.15901;86.09417;0.093999389;85.91623861;83.62282501;88.3583066;66.4730344;85.79650784;1.0;HH
18;1818;Caquetá;San José del Fragua;18610;2021;13494;4.187046095;0.370535053;48.41410997;36;365.0;1227;0;0;0;0;1;55.80471659;42.74720728;90.34698043;1245748.0;85.77886468;11575.0;48.57143021;45.74106979;225.7142792;97.02517471;23.85287732;7.429454455;65.74284294;0.719024564;24.58421476;7.657244088;67.75854115;125.6738205;406.1505127;213.3657074;18.82508057;35.43803106;13.33138002;18.77624475;36.84763047;12.4175165;1299.0;1289090.0;421.0;174582.0;492.0;210773.0;85.56911;82.82939;0.041107947;82.85387666;80.95397518;84.7960838;82.7274225;83.77412696;1.0;HH
18;1818;Caquetá;San Vicente del Caguán;18753;2011;46902;2.47981607;;52.53294103;61;250.0;17873;0;0;0;0;1;60.642069;41.08792251;99.72898763;567189.1667;76.22702657;35752.0;41.4508547;42.77564103;207.5106838;300.3805768;143.0987956;38.91117137;118.3706098;0.640443002;47.63916401;12.95395721;39.40687879;216.3692474;328.1367798;216.3692474;18.61122491;35.30929947;10.76198279;18.78001067;36.19064556;9.003201138;1494.0;116872.0;479.0;36985.0;513.0;39602.0;93.37231969;93.39174789;0.013323365;93.32415556;91.91951385;94.5930346;70.9210652;91.88377773;0.0;
18;1818;Caquetá;San Vicente del Caguán;18753;2016;49782;4.536278173;0.144630589;53.497248;66;250.0;17873;0;0;0;0;1;58.79948975;40.97845601;94.31575489;728354.7917;85.12916315;42379.0;49.25;46.76446281;240.2086777;492.780123;190.6670567;68.92537221;233.1876941;0.989876106;38.69211597;13.98704391;47.32084011;216.3692474;328.1367798;216.3692474;18.47859327;37.01834862;10.50076453;17.91973584;37.74447549;9.35991872;1069.0;1749399.0;387.0;22650.0;471.0;28672.0;82.1656;78.99693;0.04066393;79.22484433;76.81348893;81.6567208;61.2959306;81.48981873;0.0;
18;1818;Caquetá;San Vicente del Caguán;18753;2021;53252;7.093004332;1.136107564;52.12949748;71;250.0;17873;0;0;0;0;1;58.10216473;41.39151702;87.92419965;943376.6667;87.35070983;46516.0;48.8755455;46.51964951;227.6550293;633.1272572;263.9661812;48.7499023;320.4111736;1.18892672;41.69243675;7.699858402;50.60770485;216.3692474;328.1367798;216.3692474;18.55334539;37.80108499;11.72875226;17.60409343;38.42277947;11.0694477;1063.0;1878068.0;365.0;178774.0;420.0;207128.0;86.90476;86.31088;0.041918477;86.26617939;84.22297864;88.094142;86.1345172;84.15284379;0.0;
18;1818;Caquetá;Solano;18756;2011;10121;0.89912064;;73.98478411;26;200.0;41653;0;0;0;0;1;75.16059957;39.13591132;136.4234675;545896.25;88.4003557;8947.0;39.075;39.775;196.25;56.89844309;21.40164432;4.72588243;30.77091633;0.562182028;37.61376087;8.305820289;54.08041884;379.4177856;462.463501;379.4177856;17.13228492;31.24884366;8.140610546;17.55725191;30.57675997;6.424936387;;;;;;;;;;94.23755335;93.08408545;95.2815827;71.6151957;91.45209877;1.0;HH
18;1818;Caquetá;Solano;18756;2016;10933;2.336199274;0.064026342;74.80106101;31;200.0;41653;0;0;0;0;1;77.80731604;37.21820502;108.2638124;1118358.667;73.4016281;8025.0;46.77777778;44.7037037;231.6666667;73.11608922;24.51937238;7.688030571;40.90868627;0.668765108;33.5348521;10.51482738;55.95032052;379.4177856;462.463501;379.4177856;20.93489149;33.60601002;8.881469115;18.49079506;33.80538135;7.667408456;;;;;;;;;;84.81178382;82.91414866;86.7860495;65.6185223;85.9427787;1.0;HH
18;1818;Caquetá;Solano;18756;2021;11828;3.311351595;0.388907677;74.49272912;36;200.0;41653;0;0;0;0;1;78.10405061;37.13530356;99.42188381;1515738.167;70.12174501;8294.0;47.10638428;44.10638428;217.0851135;73.95222334;17.57064324;5.551575457;50.83000465;0.62523016;23.75945231;7.506975729;68.73357196;379.4177856;462.463501;379.4177856;21.3676539;34.56349822;9.970538068;18.53504369;34.74623536;9.146681539;;;;;;;;;;82.85140057;81.19156918;84.50551;82.7249502;84.06777415;0.0;
18;1818;Caquetá;Solita;18785;2011;7003;0.534294826;;52.26331572;15;200.0;747;0;0;0;0;1;57.43116128;41.71369933;101.4165666;885945.0;93.88833357;6575.0;40.91666667;40.77083333;202.5416667;28.46910986;6.60675613;3.228422047;18.63393168;0.406527343;23.20675343;11.34008778;65.45315879;169.9901733;419.2166748;235.520462;18.80318419;35.24567664;10.04666484;19.58333333;35.92261905;6.93452381;;;;;;;;;;92.82326568;91.52963753;93.9399364;70.5404173;92.32229882;1.0;HH
18;1818;Caquetá;Solita;18785;2016;6429;2.965728211;0.031109037;44.0192876;20;200.0;747;0;0;0;0;1;50.7616975;43.10845122;93.30779055;1252193.417;104.4485923;6715.0;46.80952381;41.45238095;222.7619048;40.07371861;9.125764223;5.56947575;25.37847863;0.623327401;22.77244174;13.89807571;63.32948255;169.9901733;419.2166748;235.520462;18.73664937;34.69636863;13.8846506;18.27411168;37.30964467;10.91370558;;;;;;;;;;90.33115577;89.04930916;91.7659894;69.8888373;86.37127497;0.0;
18;1818;Caquetá;Solita;18785;2021;6257;3.817058228;0.239731501;39.42784082;25;200.0;747;0;0;0;0;1;46.70218629;43.61565313;89.33575506;1722175.417;118.8908423;7439.0;45.16666794;44.24074173;213.9629669;60.93435392;16.50298774;4.640992242;39.79037394;0.973858941;27.08322428;7.616380487;65.30039523;169.9901733;419.2166748;235.520462;18.71252761;34.71126538;15.84095929;17.81088083;37.37046632;13.11528497;;;;;;;;;;92.60464307;91.32892852;93.8186542;92.4633069;86.24890381;0.0;
18;1818;Caquetá;Valparaíso;18860;2011;9168;0.623545666;;70.80061082;26;225.0;1080;0;0;0;0;1;74.77143563;39.07832963;104.6796657;629749.1667;94.21902269;8638.0;44.0;46.87234043;217.9574468;57.43005801;12.92235901;17.5413262;26.96637279;0.626418608;22.50103772;30.54380721;46.95515507;175.7756653;396.4956055;212.5681;17.37435897;34.52307692;11.93846154;17.56347543;36.19846261;9.457255998;;;;;;;;;;91.15405514;89.7817103;92.4209479;69.2719119;85.9941045;1.0;HH
18;1818;Caquetá;Valparaíso;18860;2016;7521;2.840934273;0.212737668;67.55750565;31;225.0;1080;0;0;0;0;1;73.03956075;39.77192735;90.76823757;1122944.833;83.41975801;6274.0;50.68;49.4;250.16;61.61741028;11.03634759;9.540951312;41.04011138;0.81927151;17.91108639;15.48418096;66.60473265;175.7756653;396.4956055;212.5681;19.81776765;33.94077449;14.32548722;18.0952381;37.81512605;12.40896359;;;;;;;;;;85.30379061;83.74442131;86.9089812;65.9991859;78.78963401;1.0;HH
18;1818;Caquetá;Valparaíso;18860;2021;7161;4.022948378;0.432900433;66.38737606;36;225.0;1080;0;0;0;0;1;72.28518147;39.83646536;84.88269146;1615090.167;81.37131686;5827.0;47.73913193;47.41304398;226.217392;77.13372706;20.19411234;7.288902998;49.65071172;1.077136253;26.18065159;9.449696359;64.36965205;175.7756653;396.4956055;212.5681;19.68925797;34.66380927;16.12643986;17.59043174;38.27304551;14.81913652;;;;;;;;;;83.92087645;82.2489553;85.5821497;83.7927938;77.10791193;1.0;HH
19;1921;Cauca;Popayán;19001;2011;292988;19.18192895;;15.58118421;474;1738.0;464;0;0;1;0;0;20.33971391;50.16640729;65.1553673;534494.0;41.60750611;121905.0;48.37306435;47.83760981;230.2221655;2189.97711;23.28488317;259.0160927;1907.676134;0.747463074;1.063247787;11.82734247;87.10940975;0.0;342.1279602;101.9079208;18.96140371;40.87538421;15.07168292;17.57846364;42.8660822;17.41094417;28724.0;268943.0;7343.0;71869.0;11117.0;105905.0;66.05199244;67.8617629;0.004932064;67.86064756;67.3618003;68.4715042;51.5702433;65.95004697;3.0;LH
19;1921;Cauca;Popayán;19001;2016;310409;29.15564626;1.808903737;16.0430271;479;1738.0;464;0;0;1;0;0;21.27269506;49.41221565;60.41377524;685727.5;42.16114868;130872.0;53.67318786;53.37672435;267.5871583;3856.942266;40.89902098;662.0075847;3154.03566;1.242535579;1.060400135;17.16405222;81.77554764;0.0;342.1279602;101.9079208;18.45859301;42.48542337;16.40682005;16.77493076;43.38926633;19.79121384;27653.0;3405567.0;7025.0;76379.0;11810.0;123805.0;59.48349;61.69299;0.005847836;61.68991397;61.1237059;62.2272212;47.7292284;61.16145783;3.0;LH
19;1921;Cauca;Popayán;19001;2021;332323;28.63333765;2.446715996;17.93947455;484;1738.0;464;0;0;1;0;0;23.63947137;49.04222714;55.56701556;928887.5833;44.87892803;149143.0;54.69617462;52.48893356;259.0906067;5429.296638;56.45384576;671.8791433;4700.963649;1.63374086;1.039800356;12.37506786;86.58513178;0.0;342.1279602;101.9079208;17.17776038;44.59201253;18.22709475;15.33659915;44.57839697;22.59898783;22765.0;3530984.0;4940.0;827774.0;8690.0;1412136.0;56.84695;58.61858;0.009738468;58.6209102;57.97570053;59.1590906;58.5314411;57.80200589;3.0;LH
19;1982;Cauca;Almaguer;19022;2011;18741;1.268608932;;92.61512193;212;2200.0;224;0;0;1;0;0;94.62143748;36.901449;79.94981179;898276.75;88.80529321;16643.0;40.72222222;39.47222222;201.4074074;52.66098295;3.565679071;3.007901582;46.0874023;0.280993453;6.771007436;5.711821948;87.51717062;66.69786835;401.8849182;165.9493408;19.63151207;36.58407454;16.40194833;18.35000538;37.68957728;17.24212111;;;;;;;;;;92.44592365;91.19934765;93.668015;70.2536587;92.59411198;0.0;
19;1982;Cauca;Almaguer;19022;2016;18490;5.141067244;0.021633315;92.67171444;217;2200.0;224;0;0;1;0;0;94.85266864;36.61045219;70.34883721;704368.6667;85.54353705;15817.0;46.74264706;44.55882353;227.8455882;103.9430518;20.1031637;11.72007433;72.11981376;0.562158203;19.34055557;11.27547646;69.38396797;66.69786835;401.8849182;165.9493408;18.94611556;38.86604631;19.04349708;17.77681661;38.91652249;20.19896194;;;;;;;;;;90.76607919;89.26574816;91.9448949;70.2253358;86.49776606;1.0;HH
19;1982;Cauca;Almaguer;19022;2021;19031;7.189147531;0.015763754;93.4370238;222;2200.0;224;0;0;1;0;0;95.4601227;36.32340053;66.81893361;905965.75;81.67200883;15543.0;46.55681992;46.45454407;220.5795441;120.1141263;27.21225425;8.978860841;83.92301117;0.631149841;22.65533214;7.475274658;69.8693932;66.69786835;401.8849182;165.9493408;17.88016485;39.95561661;21.13494663;16.58653846;39.83068562;22.58570234;;;;;;;;;;89.26087256;87.70312443;90.7506617;89.1246398;82.37930887;1.0;HH
19;1982;Cauca;Argelia;19050;2011;24388;0.783855448;;89.99917992;44;1750.0;674;0;0;1;0;0;94.84357916;34.78291539;89.2358258;1082036.333;97.99081515;23898.0;43.81310345;44.05183908;213.3218391;66.9706484;6.181395255;3.532700477;57.25655267;0.274604922;9.230006582;5.274998169;85.49499525;73.8574295;409.3495178;139.1133575;16.87393129;33.51468988;26.23970154;17.47960424;32.39021003;25.62923104;;;;;;;;;;95.55354992;94.48739814;96.4220312;72.6152784;87.88756318;1.0;HH
19;1982;Cauca;Argelia;19050;2016;25582;1.55187241;0.015635994;89.84442186;49;1750.0;674;0;0;1;0;0;92.16441875;36.02012417;67.99448181;1308560.333;93.31170354;23871.0;50.84482759;48.87931034;250.5;114.7685356;17.56748033;12.80065504;84.40040025;0.448630035;15.30687853;11.15345331;73.53966816;73.8574295;409.3495178;139.1133575;20.09903219;42.15620077;12.22147198;19.58703991;41.62245981;11.98890068;;;;;;;;;;93.37176995;92.03934553;94.5781265;72.2413478;85.9849431;1.0;HH
19;1982;Cauca;Argelia;19050;2021;27246;2.252012528;0.058724216;90.28481245;54;1750.0;674;0;0;1;0;0;92.60681236;35.44661023;63.33350988;1751522.667;95.45254349;26007.0;49.03743362;47.45454407;230.9358215;141.0943702;14.05236746;10.35295812;116.6890446;0.517853521;9.959552209;7.337612486;82.70283531;73.8574295;409.3495178;139.1133575;19.03895922;44.04420508;13.38042946;18.42613329;43.30836358;13.39099544;;;;;;;;;;94.33082706;93.20026766;95.3883359;94.1868564;83.49844008;1.0;HH
19;1982;Cauca;Balboa;19075;2011;20438;1.294157941;;76.15715823;44;1500.0;329;0;0;1;0;0;81.81774945;38.59982878;79.22137057;1030983.583;96.88325668;19801.0;42.5472973;41.71621622;206.1959459;101.2122868;15.76456561;10.28299983;75.16472136;0.495216199;15.57574293;10.15983351;74.26442356;83.16082764;425.0810547;165.043396;20.01154512;38.3971522;13.03636713;19.54400637;38.49064118;13.49064118;;;;;;;;;;92.98702245;91.90300216;94.1086446;70.6648631;87.5452355;1.0;HH
19;1982;Cauca;Balboa;19075;2016;20851;1.700158266;0.038367464;74.97961728;49;1500.0;329;0;0;1;0;0;81.12596013;38.54282289;71.14074504;1180149.417;97.20876697;20269.0;49.04255319;46.15957447;239.7659574;166.7209484;41.29274756;21.43023157;103.9979693;0.799582507;24.76758196;12.85395253;62.37846551;83.16082764;425.0810547;165.043396;19.1197485;39.06830523;17.35734019;18.15723392;39.65617153;17.99304617;;;;;;;;;;93.22331065;91.94567848;94.4420146;72.1264855;86.05338397;1.0;HH
19;1982;Cauca;Balboa;19075;2021;21915;2.413111263;0.100387862;75.10837326;54;1500.0;329;0;0;1;0;0;81.48576145;38.34502683;67.0269168;1327047.25;92.79945243;20337.0;47.34090805;44.625;221.6761322;239.3678792;78.53392694;21.08751671;139.7464356;1.092255894;32.80888279;8.809668521;58.38144869;83.16082764;425.0810547;165.043396;17.99380466;40.58855685;18.87755102;17.15878965;40.80811774;19.82813786;;;;;;;;;;92.52039305;91.16301628;93.8219647;92.3791855;75.73524429;1.0;HH
19;1982;Cauca;Bolívar;19100;2011;42244;1.383628444;;87.3567844;218;1700.0;717;0;0;1;0;0;90.42141498;37.30302966;75.87313161;1044346.417;97.04099991;40994.0;42.43065104;43.50481771;209.0494792;137.8858747;12.88614403;10.37660395;114.6231267;0.326403453;9.345514224;7.525501775;83.128984;72.20001984;411.6825867;167.3668365;19.18441704;38.28942451;16.35369955;17.69053561;39.37416011;17.88251104;391.0;47096.0;144.0;16312.0;149.0;17181.0;96.6442953;94.94208719;0.064208353;94.86757746;92.40077932;96.6957526;72.0939783;92.84479657;1.0;HH
19;1982;Cauca;Bolívar;19100;2016;39164;2.108654206;0.020426923;87.06209784;223;1700.0;717;0;0;1;0;0;90.41424547;36.65037859;67.9581513;1053650.458;91.09130834;35675.0;49.06526807;47.92773893;241.9463869;214.7530006;31.76874259;25.24602134;157.7382367;0.548342867;14.79315423;11.75584102;73.45100475;72.20001984;411.6825867;167.3668365;18.07319645;40.24298409;19.88553642;16.409457;40.01558846;22.61366589;305.0;613325.0;127.0;17995.0;144.0;19931.0;88.19444;90.28649;0.150513893;90.58345491;86.89001406;93.6098592;70.0840401;84.66910867;1.0;HH
19;1982;Cauca;Bolívar;19100;2021;38478;2.801817489;0.04418109;87.26545039;228;1700.0;717;0;0;1;0;0;90.70439811;36.43770808;64.4005707;1506619.5;90.14241904;34685.0;48.21234512;46.38271713;225.2814789;257.2573186;64.68407514;21.18753812;171.3857053;0.668582875;25.14372594;8.235932115;66.62034195;72.20001984;411.6825867;167.3668365;17.03711308;41.63030645;21.43113803;15.31820814;40.93804285;24.69337264;344.0;566013.0;153.0;319041.0;159.0;327609.0;96.22642;97.38469;0.101595093;97.1215245;95.18010401;98.5573226;96.9732946;86.04368779;1.0;HH
19;1958;Cauca;Buenos Aires;19110;2011;28245;1.273086682;;96.02407506;160;1200.0;410;0;0;1;0;0;96.98247463;37.35999473;86.93168966;982625.5833;80.89573376;22849.0;36.73387543;36.4132872;185.1937716;134.1760506;35.98123008;7.857451253;90.33736926;0.47504355;26.81643253;5.856075819;67.32749165;37.82097244;311.8088379;37.82097244;20.61811723;35.74422735;11.6731794;21.15031757;36.73253352;11.64431898;358.0;27187.0;156.0;11487.0;165.0;12385.0;94.54545455;92.7492935;0.129679684;92.44346615;89.5625969;94.8981503;70.2517912;93.44209599;0.0;
19;1958;Cauca;Buenos Aires;19110;2016;30550;2.049918167;0.049099836;95.98036007;165;1200.0;410;0;0;1;0;0;97.04717427;37.00934027;81.75283668;835232.0;70.54337152;21551.0;44.08300395;39.91304348;212.3003953;275.7457006;108.5807853;24.65079868;142.5141166;0.902604585;39.37714536;8.939685596;51.68316905;37.82097244;311.8088379;37.82097244;19.76774701;36.11074662;14.34851069;19.93075516;37.62085184;14.63940423;327.0;340969.0;112.0;10543.0;137.0;12593.0;81.75182;83.72112;0.481156074;83.95494411;80.31504559;87.504682;64.955589;85.69280052;0.0;
19;1958;Cauca;Buenos Aires;19110;2021;34244;3.022427287;0.07592571;96.65926878;170;1200.0;410;0;0;1;0;0;97.60311723;36.6171909;76.39656645;1082653.083;65.78086672;22526.0;43.09053421;39.17695618;199.2839508;309.2859924;85.45439597;21.56770818;202.2638882;0.903183017;27.62957201;6.973386675;65.39704132;37.82097244;311.8088379;37.82097244;18.78083157;37.80244304;15.83861875;18.866171;39.12639405;16.37430297;227.0;309141.0;86.0;130579.0;103.0;159170.0;83.49515;82.03745;0.459984364;82.47583222;77.80248956;87.029582;82.349955;83.67577638;0.0;
19;1921;Cauca;Cajibío;19130;2011;41002;1.418629986;;95.15389493;187;1800.0;526;0;0;1;0;0;96.27155222;36.12966917;89.50822264;986155.4167;80.64484659;33066.0;43.44900383;41.86394636;208.816092;168.0672834;45.01524788;13.80174256;109.2502929;0.409900208;26.78406349;8.212034065;65.00390244;19.6863842;338.7051086;85.18107605;18.75670883;35.88929855;14.95309656;19.08045977;35.86717752;14.76372925;534.0;55682.0;220.0;21208.0;233.0;23742.0;94.42060086;89.32693118;0.095031131;89.34014918;86.84144474;91.7771773;67.8934463;94.29162002;0.0;
19;1921;Cauca;Cajibío;19130;2016;41704;1.646324893;0.023978515;94.8110493;192;1800.0;526;0;0;1;0;0;96.08659272;36.23334549;80.97144584;1121916.667;78.95885287;32929.0;47.86622074;46.71571906;238.729097;254.9168151;69.14158634;35.86161906;149.9136097;0.611252674;27.12319559;14.06796921;58.8088352;19.6863842;338.7051086;85.18107605;19.10479839;35.78470308;18.01616596;18.86606571;36.80606867;17.99911334;500.0;749561.0;218.0;32494.0;233.0;33967.0;93.56223;95.66344;0.109084509;95.31355951;93.44337221;96.8723604;73.7437023;92.6493663;1.0;HH
19;1921;Cauca;Cajibío;19130;2021;43575;2.463759801;0.084911073;95.32300631;197;1800.0;526;0;0;1;0;0;96.53381281;35.91249625;76.04752081;1326458.625;75.21285141;32774.0;46.73273087;45.32432556;222.7507477;327.3579012;124.8524436;25.61772801;176.8877296;0.751251638;38.13943185;7.825602471;54.03496568;19.6863842;338.7051086;85.18107605;18.05193638;37.31242699;19.76817324;17.69479758;38.06351738;20.04034339;396.0;892439.0;176.0;536901.0;191.0;596838.0;92.1466;89.95757;0.057894003;89.91578981;87.10236931;92.8395488;89.7785575;89.83969102;0.0;
19;1962;Cauca;Caldono;19137;2011;34742;1.195479055;;94.49369639;265;1700.0;373;0;0;1;0;0;95.83297632;36.97198184;101.6166846;1052086.625;82.66363479;28719.0;40.86323651;40.04020747;203.4356846;108.4174902;19.45478462;8.482147613;80.48055796;0.31206462;17.94432299;7.823597095;74.23207991;39.67958069;310.8704834;64.03924561;19.46316262;33.78818509;12.16868823;19.22758946;33.67780796;12.12353844;;;;;;;;;;89.24163356;87.68345923;90.6176142;67.81858;94.38957181;0.0;
19;1962;Cauca;Caldono;19137;2016;38483;1.574288214;0.0207884;94.48067978;270;1700.0;373;0;0;1;0;0;95.71681416;36.7863464;97.22439406;1106510.5;83.89158849;32284.0;46.06646526;43.29607251;225.918429;198.7224405;51.9694325;23.73188245;123.0211256;0.5163902;26.15176845;11.94222575;61.90600581;39.67958069;310.8704834;64.03924561;20.16190622;33.7253704;12.96268011;19.7802781;33.77030039;12.90733468;;;;;;;;;;90.05069118;88.61212352;91.4145366;69.671843;89.07192888;1.0;HH
19;1962;Cauca;Caldono;19137;2021;41953;1.820290961;0.083426692;95.26136391;275;1700.0;373;0;0;1;0;0;96.3868966;36.40533309;90.71923946;1770661.667;84.54699306;35470.0;43.05031586;40.48427582;204.3081818;305.5864228;114.3711724;24.39823889;166.8170114;0.728401837;37.42678467;7.984071634;54.58914369;39.67958069;310.8704834;64.03924561;19.25439625;35.47479484;14.33997655;18.8093853;35.39363971;14.54333915;;;;;;;;;;91.38805819;89.85125482;92.5799734;91.2485789;88.8190767;1.0;HH
19;1958;Cauca;Caloto;19142;2011;24512;18.11187718;;80.11178198;468;1100.0;302;0;0;1;0;0;84.66313745;39.1666984;80.0332035;754387.9167;69.63528068;17069.0;40.28497409;39.19064767;198.484456;902.2716819;166.8696886;634.2883605;101.1136329;3.68093865;18.49439497;70.29904331;11.20656172;43.09022903;281.3676758;43.09022903;18.8221709;37.89178489;14.99505114;18.73587343;39.46561188;15.54730384;422.0;57474.0;83.0;10758.0;138.0;18772.0;60.14492754;57.30875772;0.22304724;57.91162033;53.29474263;62.5586621;44.0095469;67.45278054;2.0;LL
19;1958;Cauca;Caloto;19142;2016;28515;16.44660705;0.571628967;82.00245485;473;1100.0;302;0;0;1;0;0;85.8942647;38.51785891;78.4516899;820494.625;59.85621603;17068.0;47.34444444;44.27777778;229.1388889;1732.795882;196.6552064;1360.861338;175.2793385;6.076787243;11.34901164;78.53558237;10.11540599;43.09022903;281.3676758;43.09022903;20.15611932;37.14803457;14.21103987;20.08893908;38.62497353;14.56201031;353.0;676430.0;98.0;10127.0;160.0;16119.0;61.25;62.82648;0.182463916;63.27942894;59.14231702;67.9747881;48.9590294;65.27509479;0.0;
19;1958;Cauca;Caloto;19142;2021;30585;15.70541115;1.337256825;82.85107079;478;1100.0;302;0;0;1;0;0;87.02083149;38.19794337;70.59371933;1183792.5;59.33954553;18149.0;45.35691452;42.63022614;213.7620544;2082.169106;307.3036789;1523.08145;251.7839773;6.807811366;14.75882425;73.14878726;12.09238849;43.09022903;281.3676758;43.09022903;19.06640368;39.55292571;15.65417488;18.58861789;41.17723577;16.68292683;273.0;726734.0;67.0;295179.0;110.0;477739.0;60.90909;61.78667;0.256001577;62.52606106;57.26484262;67.8864344;62.4306318;64.33787584;0.0;
19;1958;Cauca;Corinto;19212;2011;24573;3.223388814;;49.60322305;143;1052.0;294;0;0;1;0;0;57.26432046;43.23092431;81.13087675;554106.75;86.64794693;21292.0;42.38831615;41.25773196;205.975945;138.6389113;42.79370889;9.662701063;86.18250136;0.564192045;30.86702607;6.96968908;62.16328485;46.0359993;266.3547668;46.0359993;20.7644459;36.65902766;12.46521526;19.27154998;38.61594496;13.5329826;506.0;59631.0;133.0;15933.0;177.0;21376.0;75.14124294;74.53686377;0.130716281;75.29329546;71.74891466;78.9008929;57.2186341;79.80667512;0.0;
19;1958;Cauca;Corinto;19212;2016;25067;3.818433266;0.055850321;49.30386564;148;1052.0;294;0;0;1;0;0;57.54943935;42.37308869;67.90502628;721084.1667;86.08529142;21579.0;48.55107527;45.91666667;237.9086022;223.4652639;64.67936445;25.98334659;132.8025529;0.891471911;28.94381137;11.62746556;59.42872308;46.0359993;266.3547668;46.0359993;21.98598503;38.67654085;14.53256888;19.21816292;40.17907107;16.2443041;527.0;739361.0;168.0;20596.0;211.0;25081.0;79.62085;82.11794;0.081785914;82.60646939;79.24221927;85.826565;63.9122798;83.03091302;0.0;
19;1958;Cauca;Corinto;19212;2021;26261;6.205970831;0.091390275;51.0224287;153;1052.0;294;0;0;1;0;0;59.56501936;41.74447734;64.00866859;905965.75;84.98533948;22318.0;48.98765564;46.80555725;230.8734589;249.9470311;66.13242665;22.68139059;161.1332138;0.951780325;26.45857659;9.074478898;64.46694451;46.0359993;266.3547668;46.0359993;21.15078463;39.97422485;15.95785005;18.31675593;41.33129304;17.75822494;362.0;789853.0;122.0;360613.0;171.0;469155.0;71.34503;76.86436;0.130433764;77.74272983;73.29300028;82.0312277;77.6240764;78.06476354;0.0;
19;1921;Cauca;El Tambo;19256;2011;52520;1.1336951;;94.53160701;97;1750.0;2615;0;0;1;0;0;96.0777307;36.10870046;80.34036678;1071374.417;82.6351866;43400.0;42.91602241;42.06162465;209.7338936;210.117297;71.96668387;14.19755784;123.9530553;0.400071015;34.25071848;6.756967674;58.99231385;35.89516068;371.9526062;110.9370804;17.85581568;37.41360089;18.51356373;17.86411558;37.58688012;17.87192503;489.0;50395.0;173.0;18071.0;186.0;19750.0;93.01075269;91.49873418;0.080749701;91.47269373;88.95047395;93.7944844;69.5140592;93.62269358;0.0;
19;1921;Cauca;El Tambo;19256;2016;53446;1.741321458;0.014968379;94.44673128;102;1750.0;2615;0;0;1;0;0;96.05955319;35.74652552;75.00868659;1119309.25;80.8722823;43223.0;48.87626263;46.58585859;240.4949495;437.1126387;200.981857;50.39296892;185.7378128;0.817858472;45.97942023;11.52860029;42.49197948;35.89516068;371.9526062;110.9370804;17.57712785;38.15549559;20.47990664;17.24177682;38.19551184;20.60021519;343.0;641465.0;149.0;20438.0;167.0;22710.0;89.22156;89.9956;0.126922305;90.05251295;86.7525714;92.69653;69.6732525;90.31420834;1.0;HH
19;1921;Cauca;El Tambo;19256;2021;55898;2.344150655;0.157429604;94.89606068;107;1750.0;2615;0;0;1;0;0;96.42651559;35.42581877;70.61535104;1606786.208;75.11538874;41988.0;47.66201019;44.89385605;223.8100586;579.5899907;308.9518641;44.47928563;226.158841;1.036870712;53.30524492;7.674267387;39.02048769;35.89516068;371.9526062;110.9370804;16.48965903;39.5332588;22.2715204;16.06291706;39.35982987;22.69560754;339.0;674459.0;150.0;378981.0;164.0;423986.0;91.46342;89.38526;0.198981958;89.40407478;85.88281907;92.2578226;89.2676235;88.62124032;1.0;HH
19;1982;Cauca;Florencia;19290;2011;5425;1.680491551;;77.41935484;18;1500.0;56;0;0;1;0;0;82.35497835;38.51082251;79.4849537;1075807.0;94.56221198;5130.0;43.6122449;42.65306122;207.8163265;22.69437735;0.491918967;1.925103431;20.27735495;0.418329536;2.167580805;8.482732974;89.34968622;74.37493134;439.6676331;196.5310211;17.79230211;38.09005084;17.75599129;17.633845;38.5623362;18.15799326;101.0;10414.0;50.0;5121.0;50.0;5121.0;100.0;100.0;;93.41514168;92.22235962;94.359371;70.9902094;82.80676424;1.0;HH
19;1982;Cauca;Florencia;19290;2016;5223;3.100070202;0.038292169;76.64177676;23;1500.0;56;0;0;1;0;0;81.73244848;38.19420189;72.10250437;846832.9167;99.94256175;5220.0;53.640625;51.421875;259.328125;25.42245119;1.017329154;3.233451427;21.17167061;0.486740402;4.001695771;12.71888144;83.27942278;74.37493134;439.6676331;196.5310211;18.74533234;36.81852128;20.46303211;18.54616896;40.23575639;19.52848723;67.0;101635.0;28.0;5267.0;33.0;5944.0;84.84849;88.61037;0.639178138;90.58350212;83.97825373;95.7269327;70.0840766;76.50474295;1.0;HH
19;1982;Cauca;Florencia;19290;2021;5340;6.736891386;0.31835206;77.15355805;28;1500.0;56;0;0;1;0;0;82.39025204;37.82340177;68.46110485;905965.75;101.7790262;5435.0;51.73469543;46.26530457;235.4489746;51.43073501;16.39124518;4.306403452;30.73308638;0.963122378;31.87052485;8.37321001;59.75626514;74.37493134;439.6676331;196.5310211;17.2830465;38.19113878;22.70230685;17.17133001;41.47182829;21.46416251;73.0;121676.0;37.0;109567.0;37.0;109567.0;100.0;100.0;;93.58087905;92.33572473;94.7194791;93.438053;73.02226149;1.0;HH
19;1982;Cauca;Guachené;19300;2011;22143;0.207364254;;67.55182225;5;852.0;97;0;0;1;0;0;75.04535472;40.93382985;95.47214775;533883.3333;34.8507429;7717.0;36.95183857;36.77304933;187.5695067;84.21590325;33.91986278;4.442387355;45.85365311;0.380327432;40.2772653;5.274998169;54.44773653;74.37493134;439.6676331;196.5310211;20.29607969;33.97605775;10.62779859;21.625;34.80357143;9.928571429;;;;;;;;;;79.34853355;77.26125566;80.9876717;60.3003851;80.37546546;;
19;1982;Cauca;Guachené;19300;2016;20287;3.038481129;0.271109578;67.31897274;10;852.0;97;0;0;1;0;0;75.27874971;41.30160952;70.92963154;787566.3333;34.28796766;6956.0;44.91093117;42.10931174;216.3198381;131.4363568;45.72191922;14.65969269;71.05474488;0.647884639;34.78635618;11.15345331;54.06019051;74.37493134;439.6676331;196.5310211;20.42676611;38.23285685;13.88025689;19.85328694;41.51227311;13.88131289;;;;;;;;;;69.3746977;67.19616531;71.3174184;53.6749134;75.06896811;;
19;1982;Cauca;Guachené;19300;2021;19964;7.147866159;0.816469645;67.46643959;15;852.0;97;0;0;1;0;0;76.01309865;41.5973075;62.2872456;910502.2917;36.90142256;7367.0;43.3969841;40.18090439;200.2814026;236.0987243;72.55391818;17.32400947;146.2207966;1.182622342;30.73033046;7.337612486;61.93205706;74.37493134;439.6676331;196.5310211;19.33254131;40.8251431;15.36883033;18.20644559;44.26903316;16.3568426;;;;;;;;;;71.91043194;69.74143803;74.2297789;71.80068;71.1910118;;
19;1960;Cauca;Guapi;19318;2011;27443;3.038115366;;53.36515687;96;4.0;2885;0;0;1;0;0;60.91496985;43.34964607;126.7921451;885419.6667;87.42120031;23991.0;35.3019943;34.78062678;181.4444444;106.8743184;10.78934497;7.674742683;88.41023077;0.38944109;10.09535792;7.181091581;82.7235505;126.4249725;445.4779663;161.7513123;21.76131807;26.64576803;10.84056281;19.04414979;29.06163485;13.34693283;769.0;62858.0;224.0;18857.0;273.0;21515.0;82.05128205;87.64582849;0.032973848;87.71810517;85.35771829;90.0034465;66.6607848;84.31510674;1.0;HH
19;1960;Cauca;Guapi;19318;2016;27505;3.905956493;0.072714052;50.54717324;101;4.0;2885;0;0;1;0;0;57.67643591;43.28785582;107.6996017;937349.0417;78.85475368;21689.0;44.17586207;38.84827586;208.2241379;304.3787468;162.7709671;17.29211561;124.3156641;1.106630601;53.47645617;5.681117946;40.84242588;126.4249725;445.4779663;161.7513123;22.2765771;29.41734813;11.55081776;19.34245782;31.76913607;13.78086755;715.0;795897.0;231.0;25835.0;296.0;31818.0;78.04054;81.19617;0.048229127;81.40525708;78.28278934;84.1437524;62.9829069;81.94731496;1.0;HH
19;1960;Cauca;Guapi;19318;2021;28594;5.144435896;0.167867385;49.79716024;106;4.0;2885;0;0;1;0;0;57.10874501;43.23181711;97.50058672;1139481.958;73.40001399;20988.0;41.46959305;37.60135269;188.1452637;214.8583266;20.51094416;16.79346074;177.5539217;0.751410529;9.546264501;7.816062337;82.63767316;126.4249725;445.4779663;161.7513123;21.19181946;31.91114245;13.20874471;18.17677258;33.86291106;16.17177744;610.0;830186.0;203.0;106798.0;233.0;113878.0;87.12447;93.78282;0.032247737;93.47976008;91.31376006;95.1087742;93.3370883;90.93010142;1.0;HH
19;1962;Cauca;Inzá;19355;2011;26372;1.449137975;;94.79751251;126;1800.0;685;0;0;1;0;0;96.18938962;37.26183685;106.7372157;959220.875;92.85226756;24487.0;40.18113208;40.49433962;203.8566038;127.7848724;49.45094701;5.358741068;72.97518435;0.484547522;38.69859246;4.193564516;57.10784302;50.52416992;301.7391052;108.820549;18.92674237;33.15519929;12.4396942;19.31157454;32.0800062;12.57461819;229.0;24153.0;88.0;8976.0;92.0;9566.0;95.65217391;93.83232281;0.105383398;93.65595048;90.13217155;96.2053142;71.1732105;94.25922016;1.0;HH
19;1962;Cauca;Inzá;19355;2016;28150;2.797809355;0.042628774;95.21492007;131;1800.0;685;0;0;1;0;0;96.18447924;37.15452689;96.72150621;742100.5833;84.64298401;23827.0;49.4;47.27017544;245.3157895;154.6920978;41.06843732;17.3962707;96.22738978;0.549527878;26.54850371;11.24573973;62.20575657;50.52416992;301.7391052;108.820549;19.29578453;34.09553202;13.89492881;19.90210898;34.01713093;13.75512848;239.0;381003.0;84.0;11719.0;93.0;12517.0;90.32258;93.62467;0.392229343;93.13282916;89.83559126;95.7884415;72.0564803;91.06761887;1.0;HH
19;1962;Cauca;Inzá;19355;2021;30152;3.267058017;0.069647121;96.05001327;136;1800.0;685;0;0;1;0;0;96.92302954;36.68956171;90.50361276;1176305.583;82.65123375;24921.0;48.37223816;47.10725403;231.4321747;203.3610836;69.83095472;15.08827764;118.4418512;0.67445305;34.3384061;7.419451832;58.24214207;50.52416992;301.7391052;108.820549;18.34132878;35.87435105;15.43668266;18.8550385;35.49380649;15.51389354;174.0;286352.0;67.0;162553.0;71.0;172422.0;94.3662;94.27625;0.140748057;93.81569249;89.93628659;96.7490504;93.672508;92.44175917;1.0;HH
19;1962;Cauca;Jambaló;19364;2011;15407;0.724237901;;89.35548777;96;2250.0;252;0;0;1;0;0;91.48426585;37.66881778;100.2070619;780230.75;95.01525281;14639.0;38.47312925;35.1077551;192.0204082;49.81341604;4.562010203;3.325274812;41.92613103;0.323316778;9.158195855;6.675460299;84.16634385;54.08338547;290.7800293;63.56844711;21.74796748;33.19359756;9.717987805;21.51293962;33.07232913;8.785666888;133.0;21685.0;42.0;6083.0;52.0;8542.0;80.76923077;71.21283072;0.589591265;75.17848498;68.08452697;81.6000883;57.1313847;86.35177468;0.0;
19;1962;Cauca;Jambaló;19364;2016;17154;1.638587696;;89.20368427;101;2250.0;252;0;0;1;0;0;91.62148279;37.75469437;89.55490731;784722.2083;89.54762738;15361.0;44.43564356;40.01980198;212.5693069;81.40845296;10.53192072;9.50490272;61.37162952;0.474574169;12.93713409;11.67557222;75.38729368;54.08338547;290.7800293;63.56844711;21.26649687;35.48275064;10.80111137;20.91357445;36.06153124;10.3100047;102.0;230167.0;51.0;6058.0;62.0;6589.0;82.25806;91.94112;0.425504567;91.68497501;86.43926386;96.2435608;70.9362816;;0.0;
19;1962;Cauca;Jambaló;19364;2021;18735;2.169735789;0.154790499;90.05070723;106;2250.0;252;0;0;1;0;0;92.42393509;37.35294118;83.24351634;912479.1667;86.51721377;16209.0;41.74093246;40.23316193;198.1502533;106.725011;15.53501552;8.298959052;82.89103639;0.569655783;14.55611518;7.776020801;77.66786402;54.08338547;290.7800293;63.56844711;20.38731645;37.30580975;12.04511598;20.01713613;37.77444575;11.66327514;134.0;355578.0;41.0;114435.0;50.0;143818.0;82.0;79.56931;0.452301418;81.78227844;75.74935928;87.3348262;81.6574598;81.17813099;1.0;HH
19;1921;Cauca;La Sierra;19392;2011;11199;1.713694675;;84.93615501;96;1800.0;203;0;0;1;0;0;88.67351129;36.46817248;78.08581778;1019436.75;96.87472096;10849.0;41.29064748;39.30582734;203.2446043;41.14873215;10.14210219;2.926265822;28.08036414;0.367432201;24.64742329;7.111436171;68.24114054;36.6823349;377.8821411;133.3395233;17.93561574;37.98330778;18.82132516;17.5487988;37.98798799;18.71246246;;;;;;;;;;93.96677088;92.78157395;95.0431175;71.4094163;94.6235448;0.0;
19;1921;Cauca;La Sierra;19392;2016;10832;2.367983752;0.036927622;83.41026588;101;1800.0;203;0;0;1;0;0;88.07189542;36.53594771;71.3720503;1118838.792;90.75886263;9831.0;47.96842105;45.61052632;235.4315789;69.93035884;22.14990536;8.202777061;39.57767642;0.645590462;31.6742338;11.72992274;56.59584346;36.6823349;377.8821411;133.3395233;17.5229854;39.13827294;21.59725978;17.31315043;38.92147588;20.83254494;;;;;;;;;;92.97985557;91.70568515;94.3151786;71.9381253;89.81625828;1.0;HH
19;1921;Cauca;La Sierra;19392;2021;11036;4.15382989;0.063428779;83.7803552;106;1800.0;203;0;0;1;0;0;88.44977652;36.2973418;68.61394324;905965.75;86.72526278;9571.0;49.98947525;46.97894669;233.0947418;131.8910152;72.75384937;8.431660671;50.70550511;1.195097999;55.16209674;6.392899972;38.44500329;36.6823349;377.8821411;133.3395233;15.99786932;40.53622159;23.52627841;15.85862324;39.98889711;23.14951887;;;;;;;;;;91.82017623;90.38460643;93.1168114;91.6800374;85.42381649;1.0;HH
19;1982;Cauca;La Vega;19397;2011;23532;1.553558275;;95.03229645;96;2200.0;492;0;0;1;0;0;96.14671098;36.24101415;85.88098016;987663.8333;83.53306136;19657.0;40.9408284;41.59171598;207.9940828;96.32486778;15.57940144;5.628642346;75.11682399;0.409335661;16.17381036;5.843394832;77.98279481;44.46942139;380.4160156;144.9909821;16.30054918;37.0361125;18.92993843;16.85773841;37.4066354;17.6480806;333.0;55290.0;120.0;18458.0;133.0;21274.0;90.22556391;86.76318511;0.122391479;87.15227277;83.65506493;90.1905035;66.2307843;86.91816229;1.0;HH
19;1982;Cauca;La Vega;19397;2016;24218;1.569424946;0.024774961;95.44553638;101;2200.0;492;0;0;1;0;0;96.61748576;35.90560096;74.24203822;1268218.583;72.70625155;17608.0;47.2039801;44.46268657;230.1791045;152.5571379;42.67146384;16.97307207;92.912602;0.629932851;27.97080781;11.1257148;60.90347739;44.46942139;380.4160156;144.9909821;18.10218978;38.15896188;20.0892133;18.65746972;38.54306864;19.71736205;292.0;706464.0;119.0;17669.0;140.0;19844.0;85.0;89.03951;0.200595567;88.95180102;85.58116996;92.0994677;68.8216363;79.5776795;1.0;HH
19;1982;Cauca;La Vega;19397;2021;25455;2.261507235;0.039285013;96.3032803;106;2200.0;492;0;0;1;0;0;97.30776807;35.55716068;70.33999761;1573780.0;66.28167354;16872.0;47.41242981;46.29943466;225.966095;132.1088887;29.80034074;10.05884338;92.24970456;0.518989938;22.55740779;7.614054952;69.82853726;44.46942139;380.4160156;144.9909821;17.11565258;39.51076018;21.72162874;17.50019941;39.69051607;21.63994576;296.0;718114.0;109.0;267076.0;123.0;299709.0;88.61789;89.11177;0.22126839;88.9626506;85.23166914;92.3709058;88.826873;78.11610527;1.0;HH
19;1960;Cauca;López de Micay;19418;2011;17706;1.283463233;;90.7827855;100;390.0;3297;0;0;1;0;0;93.39072631;37.35629052;92.21851234;1063391.167;53.24748673;9428.0;33.87234043;31.17021277;174.2659574;51.24063263;11.40954009;2.170568917;37.66052363;0.289396999;22.26658709;4.236030677;73.49738224;79.04180145;383.7495117;97.02200317;19.72134119;35.81785229;12.33574989;19.47510701;35.49222798;12.8182023;;;;;;;;;;83.58476454;81.76750874;85.3549601;63.5196804;89.35720737;0.0;
19;1960;Cauca;López de Micay;19418;2016;18282;2.042537286;0.010939722;90.15425008;105;390.0;3297;0;0;1;0;0;91.9967617;38.53004106;112.5888227;1108022.417;64.42402363;11778.0;41.09574468;36.70212766;196.0319149;67.64408996;1.804121994;7.460413353;58.37955461;0.370003774;2.667079999;11.02892116;86.30399884;79.04180145;383.7495117;97.02200317;20.32748034;30.94904664;9.447376926;20.33559284;31.68129792;10.22335815;;;;;;;;;;81.93348493;80.19841326;83.7828179;63.3915945;82.73900795;0.0;
19;1960;Cauca;López de Micay;19418;2021;19335;2.894578054;0.072407551;90.45254719;110;390.0;3297;0;0;1;0;0;92.39855917;38.08666172;104.5755675;1470737.833;57.50193949;11118.0;38.77777863;33.30555725;174.0370331;109.2861594;25.45837499;8.018994877;75.80878953;0.565224512;23.29515021;7.337612486;69.36723731;79.04180145;383.7495117;97.02200317;19.4952488;32.70665168;10.78982323;19.44909929;33.41013825;11.6464181;;;;;;;;;;82.76164979;80.87826403;84.4895128;82.6353364;83.23713887;1.0;HH
19;1982;Cauca;Mercaderes;19450;2011;21297;1.30221784;;71.85049537;96;1156.0;640;0;0;1;0;0;78.08549605;39.19238844;77.55326159;1028737.792;73.44696436;15642.0;43.40816327;44.63265306;211.6938776;75.9422757;12.40961862;6.455211848;57.07744523;0.356586729;16.34085693;8.500155926;75.15898714;87.80054474;443.8260498;189.1109619;18.11425917;37.90989317;18.30933581;16.9103684;38.98594759;19.41701481;484.0;50299.0;215.0;20635.0;223.0;21568.0;96.41255605;95.67414688;0.023658338;95.42131513;93.64888685;97.0795296;72.5147875;94.92706494;1.0;HH
19;1982;Cauca;Mercaderes;19450;2016;22225;1.914885639;0.031496063;73.42182227;101;1156.0;640;0;0;1;0;0;79.63189683;38.74469474;72.76881534;991242.9167;67.52305962;15007.0;49.32596685;47.8121547;242.878453;142.2785189;32.90953074;17.21591098;92.15307715;0.640173313;23.13035798;12.10014774;64.76949428;87.80054474;443.8260498;189.1109619;16.87778769;38.43889384;22.03389831;15.73309124;39.45528824;23.54970495;438.0;585875.0;199.0;35230.0;216.0;37908.0;92.12963;92.93553;0.059020071;92.41550938;89.81534838;94.825431;71.501493;91.08658707;1.0;HH
19;1982;Cauca;Mercaderes;19450;2021;24178;2.364063749;0.107535776;74.55538092;106;1156.0;640;0;0;1;0;0;80.80652834;38.34669009;69.85280182;1048788.417;60.66672181;14668.0;47.97752762;45.98314667;224.0449371;195.4599306;59.736788;16.13870785;119.5844348;0.808420592;30.56216576;8.256785826;61.18104841;87.80054474;443.8260498;189.1109619;15.83141637;39.53335524;23.90732829;14.5510578;40.28818924;25.73713143;419.0;655142.0;195.0;587871.0;211.0;603669.0;92.41706;97.383;0.041108459;96.90196917;95.14647597;98.3619818;96.7540743;94.1325593;1.0;HH
19;1958;Cauca;Miranda;19455;2011;29538;6.977734895;;43.89938384;112;1094.0;212;0;0;1;0;0;52.99101412;43.71171832;81.32590825;566050.0;49.68176586;14675.0;45.4597205;44.66791925;217.0124224;437.0387338;56.77301534;244.6267661;135.6389524;1.479581332;12.99038528;55.97370373;31.03591099;36.53852463;257.4682922;43.89369202;19.26159326;37.27652579;13.66531954;18.52868331;39.06553317;14.27806413;;;;;;;;;;68.65795164;66.27167723;70.5308996;52.1761492;70.65224799;2.0;LL
19;1958;Cauca;Miranda;19455;2016;30855;6.810349484;0.116674769;43.02706206;117;1094.0;212;0;0;1;0;0;51.43552636;44.05281937;65.28713811;685790.8333;47.5546913;14673.0;51.54479419;49.62227603;255.4745763;806.5495593;75.03473689;536.7012558;194.8135667;2.613999544;9.30317747;66.54287384;24.15394869;36.53852463;257.4682922;43.89369202;19.08164616;40.5782718;15.92563186;18.09923131;42.48141795;16.7587828;;;;;;;;;;66.07674085;63.77476055;68.3322905;51.123298;67.25299902;0.0;
19;1958;Cauca;Miranda;19455;2021;32675;5.662586075;0.275439939;43.2654935;122;1094.0;212;0;0;1;0;0;52.09279338;43.84826862;62.00921741;916148.8333;49.27314461;16100.0;50.03022003;47.6428566;234.0714264;883.0465905;108.6626355;498.0172953;276.3666597;2.702514432;12.30542496;56.39762393;31.29695111;36.53852463;257.4682922;43.89369202;18.11685055;41.76278837;17.44608826;17.16199247;43.5507983;18.24433415;;;;;;;;;;70.09968713;67.86846264;72.2303182;69.9926988;69.27454992;0.0;
19;1921;Cauca;Morales;19473;2011;34027;0.979859131;;93.44344197;96;1500.0;418;0;0;1;0;0;95.15347797;36.59683013;93.92473638;1038572.5;68.34278661;23255.0;42.06056452;41.34975806;208.3951613;124.3343736;40.25996667;11.91598063;72.15842633;0.365399164;32.38039931;9.583818446;58.03578224;40.06281281;331.8540649;66.59414673;19.17450958;35.46320444;13.07404468;19.97071206;34.90755995;11.75788639;276.0;23346.0;113.0;9227.0;118.0;9877.0;95.76271186;93.41905437;0.217910414;92.88189054;89.66102706;95.6407242;70.5849688;93.6870106;0.0;
19;1921;Cauca;Morales;19473;2016;37470;1.133351125;0.010675207;93.53616226;101;1500.0;418;0;0;1;0;0;95.17457925;36.79728711;87.13911887;1069961.375;68.81505204;25785.0;48.26482213;45.55335968;236.7391304;219.9722031;64.14086613;27.52857365;128.3027633;0.587062191;29.15862333;12.51456923;58.32680744;40.06281281;331.8540649;66.59414673;18.95390444;36.44495896;14.21279731;19.64691866;36.5536662;13.35427272;295.0;384714.0;130.0;11232.0;139.0;11881.0;93.52518;94.5375;0.346444035;93.73664378;90.72430196;96.0543384;72.5236492;88.70541735;1.0;HH
19;1921;Cauca;Morales;19473;2021;40770;1.829163601;0.071130733;94.3144469;106;1500.0;418;0;0;1;0;0;95.8369743;36.43431695;81.11685705;1189687.25;68.66568555;27995.0;47.4152832;44.8039856;223.8504944;332.1686783;129.4641294;28.17237383;174.5321751;0.814737989;38.97541757;8.481345674;52.54323675;40.06281281;331.8540649;66.59414673;18.06034692;38.24887032;15.52888587;18.69830106;38.10490861;14.92892169;256.0;447118.0;133.0;282982.0;138.0;297414.0;96.37681;95.14751;0.075996137;94.56530461;91.60433066;96.663049;94.4209761;86.83018599;1.0;HH
19;1958;Cauca;Padilla;19513;2011;9850;2.47715736;;57.14720812;44;1000.0;68;0;0;1;0;0;65.742715;42.67438319;78.73554112;645477.875;51.49238579;5072.0;41.16091954;40.5862069;199.8045977;83.37361469;41.59979534;4.790567908;36.98325144;0.846432636;49.89563604;5.745904056;44.3584599;34.27718735;273.0138855;34.27718735;19.93650794;35.44973545;16.48677249;18.92682927;39.84390244;15.1804878;;;;;;;;;;79.53034488;77.7453645;81.4061441;60.4385514;80.06929252;2.0;LL
19;1958;Cauca;Padilla;19513;2016;9828;3.116096866;0.040700041;55.52503053;49;1000.0;68;0;0;1;0;0;64.54943984;42.72771554;66.76217765;695185.9167;49.98982499;4913.0;46.94805195;42.51948052;222.2597403;127.6712369;61.32239618;14.44570262;51.90313807;1.299056134;48.03148907;11.31476672;40.65374421;34.27718735;273.0138855;34.27718735;19.84552671;37.43831796;18.2793392;18.52138572;42.32630153;17.36017031;;;;;;;;;;74.72297304;72.41542908;76.766853;57.8128516;78.09074691;2.0;LL
19;1958;Cauca;Padilla;19513;2021;10275;3.355231144;0.02919708;55.67883212;54;1000.0;68;0;0;1;0;0;65.03477306;42.5329429;63.71555048;909282.1667;49.85888078;5123.0;43.92623138;39.55737686;199.2131195;143.9031524;59.9948811;10.85773221;73.05053906;1.400517298;41.69115138;7.545166334;50.76368228;34.27718735;273.0138855;34.27718735;18.98186315;38.31409728;19.9299258;17.55485893;43.48146782;18.66125761;;;;;;;;;;78.023324;76.004944;80.1267884;77.9042423;79.10920909;4.0;HL
19;1962;Cauca;Páez;19517;2011;38890;1.108896889;;92.63049627;104;1400.0;1599;0;0;1;0;0;94.09025691;37.62960557;116.0627017;858728.5833;82.36821805;32033.0;40.56218905;39.98507463;201.3383085;112.2642736;12.15661399;7.118595941;92.98906366;0.288671313;10.8285687;6.340927273;82.83050403;72.6911087;275.38974;86.80545044;19.34108916;31.73202287;11.15735633;19.41629723;30.76841883;11.05657589;;;;;;;;;;89.39267778;87.95754882;90.6958595;67.933365;90.6206827;0.0;
19;1962;Cauca;Páez;19517;2016;43795;1.506831069;0.01598356;93.27092134;109;1400.0;1599;0;0;1;0;0;94.59860548;37.52237822;111.3862978;928386.75;71.37572782;31259.0;46.26645768;42.95924765;225.7648903;218.6323525;56.17931394;25.07558272;137.3774558;0.49921761;25.69579173;11.46929191;62.83491636;72.6911087;275.38974;86.80545044;19.6695691;32.05626256;11.26590757;20.21495327;31.48598131;11.14018692;;;;;;;;;;85.29087373;83.54269004;86.9900014;65.9891922;81.59437727;1.0;HH
19;1962;Cauca;Páez;19517;2021;48191;2.059167341;0.014525534;94.46162146;114;1400.0;1599;0;0;1;0;0;95.6578484;37.00772721;104.2649631;1164984.5;68.46091594;32992.0;45.40410995;43.07534409;213.2842407;345.3936351;126.6213886;26.16929594;192.6029506;0.716718132;36.66002372;7.576658419;55.76331786;72.6911087;275.38974;86.80545044;18.82022472;33.89920208;12.46946751;19.33804546;33.09772718;12.5322724;;;;;;;;;;86.90298212;85.16402667;88.5508938;86.7703481;81.78644228;1.0;HH
19;1982;Cauca;Patía;19532;2011;36525;2.435546429;;64.72826831;104;987.0;723;0;0;1;0;0;72.44236216;42.0233463;75.66035359;596789.4167;77.36618754;28258.0;40.92827988;40.82655977;200.9970845;120.1667165;16.56696995;10.79543466;92.80431185;0.328998539;13.78665444;8.983714443;77.22963112;64.3891449;406.5069275;151.1423492;17.92803615;38.69915909;15.15359533;17.79563117;40.26990128;16.95547154;455.0;58562.0;162.0;19628.0;184.0;22194.0;88.04347826;88.43831666;0.058137131;88.3957773;85.17606239;91.2532956;67.1757772;88.48360349;1.0;HH
19;1982;Cauca;Patía;19532;2016;36653;3.51221819;0.15278422;63.25539519;109;987.0;723;0;0;1;0;0;70.98031067;41.22811575;69.23549153;789552.5;73.50285106;26941.0;47.41860465;46.00290698;233.1918605;246.0211295;37.00566525;30.00287148;179.0125928;0.671216898;15.04166139;12.19524174;72.76309687;64.3891449;406.5069275;151.1423492;19.08871826;39.0124979;17.47463991;17.23551302;40.24986709;19.420521;408.0;679224.0;170.0;26366.0;197.0;29868.0;86.29442;88.27508;0.067411223;88.00693356;85.03114353;90.459342;68.0905963;87.55220422;1.0;HH
19;1982;Cauca;Patía;19532;2021;38152;4.531435661;0.30404697;64.01237157;114;987.0;723;0;0;1;0;0;71.95972303;40.89623562;65.88107183;908526.0;72.61218285;27703.0;46.85797119;44.73333359;219.1565247;314.7904315;86.07912588;26.22392971;202.487376;0.825095491;27.3448991;8.330599371;64.32450153;64.3891449;406.5069275;151.1423492;18.12435849;40.26254659;19.01572038;16.21098722;41.24535411;21.20054987;372.0;738769.0;138.0;70973.0;156.0;83916.0;88.46154;84.57624;0.090922258;84.64281028;81.1174308;88.2099176;84.5136258;84.431937;1.0;HH
19;1982;Cauca;Piamonte;19533;2011;7178;1.323488437;;79.29785456;15;310.0;1162;0;0;1;0;0;84.18310971;37.00078927;110.9086492;880958.8333;110.8526052;7957.0;37.87179487;40.53846154;197.5384615;32.56298569;18.36716292;0.843078416;13.35274435;0.453649842;56.40503331;2.589069763;41.00589693;109.1439133;426.1002197;232.851181;19.20977385;34.72835976;9.175981284;20.26418493;32.00240168;5.403782648;;;;;;;;;;96.83847172;96.02258076;97.5203386;73.5917461;91.08888755;1.0;HH
19;1982;Cauca;Piamonte;19533;2016;8312;2.494385627;;76.84071222;20;310.0;1162;0;0;1;0;0;82.02373517;38.05121799;89.165532;737541.6667;82.84408085;6886.0;50.78947368;45.31578947;240.3421053;63.77302341;34.6975666;3.871190131;25.20426668;0.767240416;54.40790595;6.070262823;39.52183123;109.1439133;426.1002197;232.851181;19.11111111;37.12280702;12.9122807;19.76715383;34.90215507;9.635868219;;;;;;;;;;90.33368988;88.82770619;91.5210097;69.890798;;0.0;
19;1982;Cauca;Piamonte;19533;2021;9489;3.37583869;0.685003688;76.79418274;25;310.0;1162;0;0;1;0;0;82.25567098;37.66164935;81.70832644;1051312.75;80.72505006;7660.0;47.38000107;45.24000168;225.8600006;102.4554309;37.21947893;5.778053511;59.45789846;1.079728432;36.32748269;5.63957758;58.03293973;109.1439133;426.1002197;232.851181;17.92298238;39.26669398;14.35886932;18.6021272;37.48643369;10.9398741;;;;;;;;;;90.1376015;88.76436327;91.5777716;90.0000307;85.62886376;0.0;
19;1921;Cauca;Piendamó - Tunía;19548;2011;37781;2.636466301;;65.13326804;104;1865.0;171;0;0;1;0;0;72.31303798;40.61965306;79.13867711;655939.7083;79.78878272;30145.0;44.82368778;43.76192308;214.2352941;196.1417245;47.38027038;22.34152313;126.419931;0.519154402;24.15614041;11.3905;64.45335959;28.52031708;323.3007202;73.43204498;18.31992378;37.75142918;15.81621851;18.52400868;39.16035788;15.50108529;454.0;55018.0;176.0;20514.0;192.0;21702.0;91.66666667;94.52585015;0.020065157;94.20226481;91.87704267;96.2488835;71.5883784;90.76272925;0.0;
19;1921;Cauca;Piendamó - Tunía;19548;2016;39927;3.321895793;0.142760538;65.06123676;109;1865.0;171;0;0;1;0;0;72.60868523;40.41435868;72.4650383;711566.9167;74.92173216;29914.0;50.124197;47.03426124;245.0428266;321.0466042;75.90294838;44.33727249;200.8063833;0.804083964;23.64234581;13.81022939;62.5474248;28.52031708;323.3007202;73.43204498;18.33442888;38.33746271;18.2130758;18.06947891;39.75186104;18.39702233;448.0;716864.0;197.0;17902.0;219.0;19324.0;89.95434;92.64127;0.027853381;92.17987416;89.6920697;94.5233878;71.319183;88.88403682;1.0;HH
19;1921;Cauca;Piendamó - Tunía;19548;2021;42578;4.538141763;0.199633614;66.09986378;114;1865.0;171;0;0;1;0;0;73.79071197;39.9877096;68.62544531;908526.0;73.73761097;31396.0;48.9355545;46.65333176;230.3022156;404.823153;100.8581501;38.18033608;265.7846669;0.950780105;24.91412591;9.431361767;65.65451232;28.52031708;323.3007202;73.43204498;17.34979815;39.71978152;19.72928046;17.06081866;40.9004321;20.01579705;276.0;751702.0;103.0;203774.0;126.0;245141.0;81.74603;83.12522;0.114934903;83.41891795;79.51652244;87.6619951;83.2916014;83.03133874;1.0;HH
19;1958;Cauca;Puerto Tejada;19573;2011;40831;11.484942;;13.0342142;99;1000.0;92;0;0;1;0;0;17.94909433;51.79520301;74.7262162;546405.8333;52.15644976;21296.0;41.25903346;40.9335316;203.1895911;447.6444552;57.15821454;164.5815346;225.9047061;1.096334783;12.76866358;36.76612826;50.46520816;18.96829224;278.3158875;18.96829224;18.87436342;38.15298997;13.19892897;18.11421227;42.0078957;14.78608153;493.0;47675.0;77.0;7681.0;156.0;17674.0;49.35897436;43.45931877;0.308350706;44.57543839;40.66577922;49.1401188;33.874805;58.25043968;2.0;LL
19;1958;Cauca;Puerto Tejada;19573;2016;41209;12.6602603;1.618578466;12.76177534;104;1000.0;92;0;0;1;0;0;17.92657195;51.9454213;65.80686421;702379.1667;46.00208692;18957.0;47.27495622;44.46059545;228.2889667;647.338109;98.20620263;262.6029101;286.5289963;1.570865852;15.17077417;40.56657664;44.26264919;18.96829224;278.3158875;18.96829224;19.16976391;39.50688374;14.673088;17.58798516;42.92499774;17.83678639;451.0;653764.0;113.0;11903.0;193.0;19985.0;58.54922;59.55967;0.198087282;59.59539506;55.27902328;63.8300028;46.1087078;60.68523831;2.0;LL
19;1958;Cauca;Puerto Tejada;19573;2021;43172;16.96605053;2.012878718;14.36579264;109;1000.0;92;0;0;1;0;0;20.26305406;51.46126529;62.82829638;949676.25;49.09432039;21195.0;46.20622635;42.68677139;211.9708099;719.1222113;21.14732424;359.2248905;338.7499965;1.665714378;2.940713541;49.95324646;47.10604;18.96829224;278.3158875;18.96829224;18.29365873;40.75315063;15.82316463;16.69399379;43.96358302;19.01536072;409.0;646098.0;74.0;52921.0;153.0;103598.0;48.36601;51.08303;0.370892626;51.63428321;46.72176155;55.8849369;51.5554773;54.6134917;2.0;LL
19;1962;Cauca;Puracé;19585;2011;15510;1.414141414;;90.12250161;96;2400.0;783;0;0;1;0;0;92.64541039;37.60119567;89.42277691;1026999.083;100.2578981;15550.0;44.60204082;43.70408163;215.7244898;53.79876983;3.138928307;4.099195972;46.56064555;0.346865054;5.834572643;7.619497592;86.54592977;25.8222847;346.1143188;124.2271576;19.86536263;35.53918455;12.38409755;19.61503208;37.09571821;11.53594343;;;;;;;;;;92.94554658;91.72263319;94.0322845;70.6333438;92.93810511;1.0;HH
19;1962;Cauca;Puracé;19585;2016;16756;1.569089679;0.059680115;90.04535689;101;2400.0;783;0;0;1;0;0;92.83565764;37.10691824;76.17305406;1117295.917;86.73907854;14534.0;47.94776119;44.76865672;234.2164179;88.09436041;14.40104928;10.5084301;63.18488103;0.525748152;16.34729988;11.92860707;71.72409305;25.8222847;346.1143188;124.2271576;20.41497734;37.93226807;13.68948247;19.40262843;39.34289128;13.59617682;;;;;;;;;;90.79162795;89.45899038;92.0765115;70.2451027;89.73854506;1.0;HH
19;1962;Cauca;Puracé;19585;2021;18074;2.138891963;0.016598429;90.74914241;106;2400.0;783;0;0;1;0;0;93.43979496;36.79826507;71.18333333;1652770.75;81.75832688;14777.0;48.1875;46.46875;227.8229218;131.2883174;32.52394542;10.5318805;88.23249152;0.726393258;24.77291663;8.021947958;67.20513541;25.8222847;346.1143188;124.2271576;19.55338296;39.34007333;15.37606933;18.43932547;40.7252287;15.28711562;;;;;;;;;;90.53521667;88.96189761;91.8283226;90.397039;89.82781634;1.0;HH
19;1921;Cauca;Rosas;19622;2011;11346;2.314325166;;90.71919619;167;1714.0;130;0;0;1;0;0;93.06643685;35.85083046;76.8436984;1070344.917;82.28450555;9336.0;43.72815534;43.05825243;213.776699;46.45395904;9.63036906;3.04585372;33.77773626;0.409430275;20.73099744;6.556715043;72.71228751;27.79938507;368.7197571;126.351181;17.68788084;38.507109;20.02369668;17.13865392;38.23096727;19.8050754;518.0;45026.0;210.0;18793.0;223.0;19847.0;94.17040359;94.68937371;0.024238969;94.54502506;92.11335296;96.3151676;71.8488567;94.02881153;0.0;
19;1921;Cauca;Rosas;19622;2016;11393;2.543959741;0.061441236;90.38005793;172;1714.0;130;0;0;1;0;0;93.0588585;35.79072533;70.14765101;1150041.542;76.81909945;8752.0;48.45901639;46.57377049;239.852459;75.32824102;17.03958772;8.733901368;49.55475193;0.661180032;22.62045083;11.59445813;65.78509103;27.79938507;368.7197571;126.351181;16.8034188;38.23931624;24.58119658;16.21865416;39.1845571;24.26483854;386.0;502108.0;178.0;21129.0;198.0;23488.0;89.89899;89.95657;0.079574261;89.93714011;86.95913639;92.5316482;69.5839891;89.50077459;1.0;HH
19;1921;Cauca;Rosas;19622;2021;11887;3.191862258;0.100950618;91.02380752;177;1714.0;130;0;0;1;0;0;93.62101313;35.54304774;66.81551416;1069263.0;71.0524102;8446.0;49.09901047;46.78217697;232.267334;104.8584196;33.04389418;8.101912636;63.7126128;0.882126858;31.51286688;7.7265256;60.76060752;27.79938507;368.7197571;126.351181;15.60646012;39.55174687;26.61502966;14.89946726;39.76628287;26.94621069;354.0;559194.0;139.0;392182.0;152.0;416850.0;91.44736;94.08228;0.082508428;93.74559448;90.87639883;95.9589854;93.602517;92.44811127;1.0;HH
19;1982;Cauca;San Sebastián;19693;2011;10577;1.538716082;;92.78623428;96;2100.0;389;0;0;1;0;0;94.60925581;35.00593321;69.80303245;967308.8333;94.42185875;9987.0;41.9047619;40.04761905;210.3015873;41.80463994;7.260867879;2.392047512;32.15172455;0.395240994;17.36856935;5.721966545;76.9094641;68.53087616;398.0685425;169.6692963;23.86912212;38.45878777;14.28571429;18.35874799;38.62359551;16.27207063;;;;;;;;;;94.46639859;93.32920949;95.3498478;71.7891051;93.72278742;1.0;HH
19;1982;Cauca;San Sebastián;19693;2016;10819;2.306128108;0.018485997;93.5483871;101;2100.0;389;0;0;1;0;0;95.24662978;35.7048235;64.583049;930336.5833;77.47481283;8382.0;47.11764706;45.57352941;233.6176471;52.3787277;6.044044143;5.948217656;40.3864659;0.484136498;11.53911981;11.35617056;77.10470963;68.53087616;398.0685425;169.6692963;20.60210374;40.24301777;18.46209648;18.62393968;39.34024505;20.0;;;;;;;;;;90.44236361;88.93606482;91.8599762;69.9748784;88.87085439;1.0;HH
19;1982;Cauca;San Sebastián;19693;2021;11368;2.93807178;0.017593244;94.51090781;106;2100.0;389;0;0;1;0;0;96.07142857;35.90714286;60.82487473;1066087.667;71.25263899;8100.0;46.88158035;44.93421173;225.5263214;76.62111733;22.49832103;5.755025745;48.36777055;0.674007014;29.36308138;7.511017778;63.12590085;68.53087616;398.0685425;169.6692963;17.7675733;42.42317202;21.1586012;17.40273396;40.69400631;22.69540834;;;;;;;;;;88.16397225;86.58236025;89.8490564;88.0294136;89.55956823;1.0;HH
19;1958;Cauca;Santander de Quilichao;19698;2011;102064;9.166389063;;53.63987302;148;1071.0;444;0;0;1;0;0;61.05452125;43.56354761;75.00037295;534150.0;51.60977426;52675.0;44.01015284;43.06818777;211.1717613;912.4395215;149.5456706;403.7860795;359.1077714;0.893987617;16.38965291;44.25346229;39.35688481;41.00839615;298.5480957;41.00839615;19.1622319;38.66110305;13.49983874;18.54887906;41.10111331;14.6904072;807.0;127018.0;238.0;36588.0;318.0;51435.0;74.8427673;71.13444153;0.084424857;71.07601729;68.15134213;74.0197253;54.0137419;71.38731725;2.0;LL
19;1958;Cauca;Santander de Quilichao;19698;2016;107906;11.02201608;0.851667192;52.9488629;153;1071.0;444;0;0;1;0;0;61.11286518;42.9470869;68.76144578;695784.5833;56.15072378;60590.0;50.63397129;47.73763955;246.7480064;1522.099286;267.3384983;662.9700659;591.790722;1.410578917;17.56380157;43.5562957;38.87990274;41.00839615;298.5480957;41.00839615;19.1011236;39.78402631;15.05161695;17.79340771;41.80845101;17.30341548;903.0;1579096.0;276.0;26970.0;391.0;36340.0;70.58823;74.21574;0.058972492;74.11215244;71.55901128;76.9697079;57.3402623;70.63416571;0.0;
19;1958;Cauca;Santander de Quilichao;19698;2021;114453;10.6160753;0.862362717;53.6517173;158;1071.0;444;0;0;1;0;0;62.15815754;42.50194849;65.03245797;916622.6667;59.20596227;67763.0;50.34252548;48.14056778;237.1156616;1963.584985;229.103379;892.6915946;841.7900112;1.715625615;11.66760699;45.46233555;42.87005745;41.00839615;298.5480957;41.00839615;18.19550489;41.21410904;16.30282826;16.83799587;42.98402632;18.71153617;709.0;1805597.0;249.0;336646.0;316.0;418931.0;78.79747;80.35834;0.076794985;80.12790106;77.17945372;82.9726623;80.0056073;76.19237414;0.0;
19;1982;Cauca;Santa Rosa;19701;2011;5709;1.766217084;;88.26414433;96;1750.0;3009;0;0;1;0;0;90.26904263;37.01956674;96.0058309;1139983.417;106.743738;6094.0;41.10042553;39.99;206.2553191;17.90152107;2.247015197;0.916612551;14.73789332;0.313566668;12.5520909;5.120305406;82.3276037;84.0406189;422.4936829;217.7058868;18.25158492;35.33533534;14.54788121;18.43657817;35.4719764;13.01622419;;;;;;;;;;95.75276707;94.74444158;96.591663;72.7666722;88.16866657;1.0;HH
19;1982;Cauca;Santa Rosa;19701;2016;5431;2.74044068;0.073651261;87.09261646;101;1750.0;3009;0;0;1;0;0;89.92917602;36.51753325;81.13207547;1135481.25;58.00036826;3150.0;49.23684211;47.31578947;243.3684211;26.35696392;2.641040365;2.939711666;20.77621189;0.485305909;10.02027537;11.15345331;78.82627131;84.0406189;422.4936829;217.7058868;17.69692688;37.54856941;18.12080537;18.65384615;37.03846154;15.61538462;;;;;;;;;;83.4631292;81.79500927;85.1049551;64.5750739;81.63902549;1.0;HH
19;1982;Cauca;Santa Rosa;19701;2021;5529;3.694158076;0.61493941;87.99059504;106;1750.0;3009;0;0;1;0;0;90.76086957;35.98484848;76.18513324;1655582.708;58.41924399;3230.0;50.45454407;46.63636398;236.6136322;36.8865575;6.994019882;2.706592649;27.18594497;0.667146998;18.96089078;7.337612486;73.70149673;84.0406189;422.4936829;217.7058868;16.79362881;39.02354571;19.94459834;17.53123817;38.58386975;17.68269595;;;;;;;;;;84.58846295;82.80367005;86.1525473;84.4593614;83.50659923;1.0;HH
19;1962;Cauca;Silvia;19743;2011;32774;1.95480157;;86.37334472;103;2750.0;582;0;0;1;0;0;88.80129493;38.80279368;90.16053347;814840.8333;109.4587173;35874.0;41.68264535;39.25476744;203.1598837;119.6411256;6.216131483;16.03009038;97.39490373;0.365048897;5.195647778;13.39847841;81.40587381;36.17765045;305.9510193;82.94997406;19.39494152;35.69110172;12.03380489;19.34326543;36.47309213;12.37458194;641.0;54087.0;262.0;21553.0;277.0;24409.0;94.58483755;88.29939776;0.091256312;88.50254125;85.96780477;90.5800481;67.2569117;93.77807059;0.0;
19;1962;Cauca;Silvia;19743;2016;35948;2.643633396;0.011127184;87.71558918;108;2750.0;582;0;0;1;0;0;90.12125348;38.08199045;82.5357909;813638.25;89.4097029;32141.0;47.03636364;43.36103896;228.5688312;180.8885002;16.79689443;25.57554742;138.5160584;0.503194893;9.285772401;14.13884652;76.57538107;36.17765045;305.9510193;82.94997406;20.31738936;36.44389808;13.12583818;19.5878573;37.60248172;14.059384;560.0;678016.0;237.0;28050.0;252.0;29866.0;94.04762;93.91951;0.08370814;93.72623596;91.7521703;95.4139066;72.5155967;91.77176817;1.0;HH
19;1962;Cauca;Silvia;19743;2021;39175;3.374388428;0.056158264;88.93171666;113;2750.0;582;0;0;1;0;0;91.27750626;37.59558497;77.23779118;1027761.0;82.30504148;32243.0;44.82352829;42.71826553;213.024765;231.4401533;20.61622794;23.90631286;186.9176125;0.590785331;8.907800848;10.32937134;80.76282781;36.17765045;305.9510193;82.94997406;19.57527766;38.08103661;14.33052242;18.66984336;39.10883561;15.46104324;545.0;735932.0;255.0;489452.0;268.0;513782.0;95.14925;95.26453;0.013089656;95.05120367;93.28335132;96.583329;94.9061335;92.65260426;1.0;HH
19;1921;Cauca;Sotará Paispamba;19760;2011;12829;1.403071167;;96.13375945;75;2450.0;449;0;0;1;0;0;97.28519259;36.09177978;77.57201646;1127545.583;82.65648141;10604.0;44.3612987;42.62311688;215.3636364;89.92005891;11.45546707;4.743281462;73.72131038;0.700912455;12.73961251;5.274998169;81.98538932;26.20719337;360.4224243;128.0982208;18.39045288;38.93818849;16.40146879;18.62386779;38.56666137;16.51040839;424.0;51209.0;165.0;19338.0;178.0;21054.0;92.69662921;91.84952978;0.069535989;91.79937702;89.37683535;94.0361973;69.7623199;92.96346625;0.0;
19;1921;Cauca;Sotará Paispamba;19760;2016;13607;1.356532177;0.007349159;95.99470861;80;2450.0;449;0;0;1;0;0;97.21427683;36.07760229;68.18932306;1294717.083;70.58131844;9604.0;48.41860465;45.89534884;237.244186;70.75602281;16.67766018;7.891739971;46.18662266;0.519997228;23.57065804;11.15345331;65.27588864;26.20719337;360.4224243;128.0982208;18.67452135;39.67599411;18.80706922;18.02845827;40.13495673;18.84993399;333.0;597992.0;137.0;20249.0;168.0;24783.0;81.54762;81.7052;0.165036891;82.33658767;78.69848798;85.9326734;63.7034734;85.04869213;1.0;HH
19;1921;Cauca;Sotará Paispamba;19760;2021;14554;1.713732765;0.068709633;96.46832486;85;2450.0;449;0;0;1;0;0;97.55876522;35.83120929;64.311852;1996250.292;63.47395905;9238.0;50.05970001;45.11940384;232.8059692;102.5364246;35.29091473;7.523725492;59.72178435;0.704524011;34.4179299;7.337612486;58.24445762;26.20719337;360.4224243;128.0982208;17.65601218;40.77763941;20.83852221;16.91005869;41.16282244;21.12733725;306.0;645044.0;124.0;189253.0;132.0;199177.0;93.93939;95.01749;0.045258171;94.48023044;91.50988039;96.5923829;94.3360317;92.95807064;1.0;HH
19;1958;Cauca;Suárez;19780;2011;29571;0.952227971;;78.16441784;22;1250.0;370;0;0;1;0;0;82.82103239;38.5960092;90.92355814;988721.0833;55.89936086;16530.0;37.90186528;37.1634715;190.5854922;104.0390464;29.84292556;5.26670385;68.929417;0.351827961;28.6843513;5.062237719;66.25341098;52.92404175;324.5343628;52.92404175;19.4712327;35.24240635;13.06829364;19.51423786;36.32049135;12.44416527;;;;;;;;;;83.37570057;81.82543184;85.1033811;63.3608036;88.82040776;0.0;
19;1958;Cauca;Suárez;19780;2016;31209;1.226676066;0.032042039;79.56358743;27;1250.0;370;0;0;1;0;0;84.48940567;38.34006724;80.46828097;1132142.417;53.34999519;16650.0;44.68018018;40.71171171;214.9144144;200.559962;34.80797221;22.50831183;143.243678;0.642635016;17.3553943;11.22273439;71.42187131;52.92404175;324.5343628;52.92404175;19.31221948;36.99348884;14.95669764;19.73359324;37.14100065;14.69135802;;;;;;;;;;80.7161335;78.74101749;82.7739348;62.4497348;82.01138527;0.0;
19;1958;Cauca;Suárez;19780;2021;33081;2.375734309;0.096732263;81.20673498;32;1250.0;370;0;0;1;0;0;85.99650054;37.8732291;75.5010206;1077588.167;55.12529851;18236.0;44.88888931;40.56481552;205.3148193;383.2144285;146.7779386;21.75597627;214.6805136;1.158412468;38.30177773;5.677233071;56.0209892;52.92404175;324.5343628;52.92404175;18.29443447;38.59365649;16.49311789;18.69769715;38.51933297;16.43149472;;;;;;;;;;83.01266179;81.16005603;84.9295577;82.8859652;82.32821032;0.0;
19;1982;Cauca;Sucre;19785;2011;9665;0.74754268;;84.28349715;12;1125.0;128;0;0;1;0;0;87.80930544;37.30772905;74.44164832;1056830.083;69.17744439;6686.0;39.25;39.36363636;197.7954545;25.78128016;5.106391504;1.404812554;19.2700761;0.266748889;19.8065863;5.448963532;74.74445017;58.12918091;399.1528625;152.1994324;19.83487716;38.6830447;14.72009666;19.28069802;39.90210683;14.5775697;;;;;;;;;;88.55743315;86.94436912;89.9993016;67.2986265;91.52570883;1.0;HH
19;1982;Cauca;Sucre;19785;2016;9496;1.314588599;0.042122999;83.04549284;17;1125.0;128;0;0;1;0;0;87.2707162;37.73619688;66.75995025;1086381.292;69.39764111;6590.0;47.68852459;45.73770492;232.3114754;50.86653353;15.67559602;5.697593194;29.49334432;0.535662737;30.81711085;11.20106443;57.98182472;58.12918091;399.1528625;152.1994324;18.99937978;38.99111019;18.42050858;18.80231809;41.51105387;19.55355226;;;;;;;;;;86.10061363;84.01906049;87.6559043;66.6156846;87.98672061;1.0;HH
19;1982;Cauca;Sucre;19785;2021;9736;3.151533826;0.112982744;83.44289236;22;1125.0;128;0;0;1;0;0;87.71868132;37.40659341;63.30881249;1220032.5;67.55341002;6577.0;47.23809433;43.36507797;216.5238037;72.90644995;25.72213448;5.382866889;41.80144859;0.748833709;35.28101354;7.383251952;57.33573451;58.12918091;399.1528625;152.1994324;17.65776699;40.73624595;20.12540453;17.32053422;42.77963272;21.51502504;;;;;;;;;;86.46761883;84.75906447;88.0407284;86.3356492;83.59034712;1.0;HH
19;1921;Cauca;Timbío;19807;2011;34108;2.683143739;;60.32015949;476;1798.0;169;0;0;1;0;0;68.39851556;41.35312589;74.72745292;642902.6667;74.85927055;25533.0;44.57922078;43.05561688;212.1590909;152.7262893;36.34385602;16.94787268;99.4345606;0.447772632;23.79672562;11.09689285;65.10638152;16.85018921;358.7351685;111.3953705;17.42442135;38.20264525;18.61124232;17.41206615;40.47868623;18.92033543;;;;;;;;;;87.0074894;85.47052607;88.450065;66.1207571;86.51474291;0.0;
19;1921;Cauca;Timbío;19807;2016;35004;2.736115872;0.03142498;59.34750314;481;1798.0;169;0;0;1;0;0;67.99967421;40.95672477;68.85457439;736739.9167;69.68346475;24392.0;51.05151515;49.26363636;252.8272727;252.2779449;61.72204112;33.31645425;157.2394495;0.720711761;24.46588866;13.20624927;62.32786207;16.85018921;358.7351685;111.3953705;17.35694509;38.68827873;21.12367328;16.82137197;40.85918044;21.05501472;;;;;;;;;;84.15929836;82.38996855;85.6356339;65.1136971;86.87260725;0.0;
19;1921;Cauca;Timbío;19807;2021;36873;4.799356349;0.046104195;60.06563068;486;1798.0;169;0;0;1;0;0;68.9254989;40.55049575;65.91654187;908526.0;70.46348277;25982.0;50.90675354;48.74597931;239.0900269;365.1272273;138.9564362;32.98506615;193.185725;0.990229239;38.05699104;9.033855513;52.90915345;16.85018921;358.7351685;111.3953705;16.40744797;39.67141292;22.87513691;15.80615699;41.63219255;22.94632784;;;;;;;;;;85.24120957;83.520273;87.0006579;85.1111118;82.57056734;0.0;
19;1960;Cauca;Timbiquí;19809;2011;24147;1.260681106;;77.27668033;96;10.0;2002;0;0;1;0;0;80.7751123;40.26569817;128.8497361;1114210.5;93.16271172;22496.0;33.51351351;32.72297297;179.3513514;119.9821374;63.61724641;3.087297674;53.27759327;0.496882169;53.02226466;2.573131086;44.40460426;120.1352386;425.5535583;139.763092;20.47915983;28.85625205;9.115523466;18.79755832;29.3001087;11.23003596;;;;;;;;;;91.9326819;90.65409348;93.1019975;69.8636241;90.74252641;0.0;
19;1960;Cauca;Timbiquí;19809;2016;25491;2.168739294;0.031383626;76.42305127;101;10.0;2002;0;0;1;0;0;81.251632;40.02088955;114.9784032;1078327.667;84.53964144;21550.0;41.50480769;37.35096154;198.7163462;196.5405006;108.8796884;10.13085739;77.52995487;0.771019186;55.39809252;5.154590202;39.44731728;120.1352386;425.5535583;139.763092;19.97984184;31.33819197;9.249496046;19.3679028;32.26395617;10.66465497;;;;;;;;;;87.54511759;85.88424672;88.988311;67.7332912;84.61653237;1.0;HH
19;1960;Cauca;Timbiquí;19809;2021;27234;3.008494284;0.165234633;76.75332305;106;10.0;2002;0;0;1;0;0;81.83650085;39.61831759;107.5162152;1212996.083;78.03848131;21253.0;39.51136398;35.52840805;181.2954559;171.2356415;49.99238506;8.989500923;112.2537555;0.628756854;29.19508148;5.249783774;65.55513475;120.1352386;425.5535583;139.763092;19.10684413;33.26060077;10.34257037;18.41305154;34.05265109;12.05784205;;;;;;;;;;88.27057315;86.77624605;89.844037;88.1358518;85.15130222;1.0;HH
19;1962;Cauca;Toribío;19821;2011;28927;0.884410182;;92.38773464;196;1700.0;412;0;0;1;0;0;94.13705409;37.56615575;96.1779806;765367.8333;94.46192139;27325.0;39.1416087;38.8813913;198.6608696;106.2373607;10.05519465;13.31206659;82.87009942;0.367260209;9.464838531;12.53049446;78.00466701;59.26067734;275.2392883;59.26067734;21.67491022;34.22996138;9.424757775;21.85911914;33.97092038;9.479107849;275.0;37521.0;109.0;14987.0;112.0;15624.0;97.32142857;95.92293907;0.058404234;95.51520525;92.91377737;97.6034797;72.5861386;94.32281284;0.0;
19;1962;Cauca;Toribío;19821;2016;33386;1.260258791;0.014976337;92.90720661;201;1700.0;412;0;0;1;0;0;94.6241953;37.17637879;80.71325615;869437.0;85.95219553;28696.0;45.12112676;40.68450704;216.7830986;174.4924031;24.33003159;23.91872519;126.2436463;0.52265142;13.94331854;13.70760261;72.34907885;59.26067734;275.2392883;59.26067734;21.83465593;37.12542935;10.81369182;22.23030303;37.07878788;11.07272727;264.0;590605.0;126.0;19847.0;135.0;20859.0;93.33334;95.14838;0.059074466;94.66722464;91.93413421;96.9854739;73.2436357;92.10314401;0.0;
19;1962;Cauca;Toribío;19821;2021;36379;1.721002043;0.07971632;93.82610847;206;1700.0;412;0;0;1;0;0;95.39830045;36.76887144;75.15574696;927987.6667;85.65381126;31160.0;43.05769348;41.14011002;203.4340668;244.4728053;49.36149347;23.32074362;171.7905682;0.672016288;20.19099565;9.539197457;70.26980689;59.26067734;275.2392883;59.26067734;20.91196684;38.98221883;12.04319843;21.19700748;38.79190912;12.51870324;189.0;494612.0;93.0;414016.0;96.0;426651.0;96.875;97.03857;0.025475241;96.4963509;93.80887803;98.3767848;96.3490751;93.32820362;0.0;
19;1962;Cauca;Totoró;19824;2011;21230;1.216046475;;94.30051813;96;2600.0;384;0;0;1;0;0;95.63162483;37.52581104;93.91996292;1073802.167;81.45548752;17293.0;44.7123;40.2633;209.66;61.21931639;10.89292366;4.294729329;46.03166341;0.2883623;17.79327882;7.015317357;75.19140382;19.18051338;324.3587036;97.39657593;19.651718;35.52101863;10.81359423;20.39055835;35.35880178;10.55076311;182.0;25758.0;72.0;10732.0;73.0;10836.0;98.63013699;99.04023625;0.009360774;98.34663662;96.21492907;99.7003823;74.7378659;96.01487301;0.0;
19;1962;Cauca;Totoró;19824;2016;23624;1.84699176;0.029630884;94.40399594;101;2600.0;384;0;0;1;0;0;95.85820005;37.30007162;87.36044387;1058336.125;73.62004741;17392.0;45.78971963;42.30373832;225.046729;130.8657434;40.09725595;15.23083126;75.53765624;0.553952521;30.63999401;11.63851659;57.7214894;19.18051338;324.3587036;97.39657593;19.95785925;36.18204804;11.74884113;20.84360915;36.39765286;12.14388979;162.0;308338.0;60.0;7106.0;68.0;7917.0;88.23529;89.75622;0.190734293;89.18729101;83.85894642;92.8421459;69.0038339;89.04816333;1.0;HH
19;1962;Cauca;Totoró;19824;2021;25813;2.125866811;0.046488204;95.20784101;106;2600.0;384;0;0;1;0;0;96.51630665;36.91585486;81.21667475;1298560.917;72.32402278;18669.0;44.9153862;42.34615326;213.6923065;172.5520864;46.90739995;13.39657971;112.2481067;0.66846971;27.18448727;7.763788888;65.05172384;19.18051338;324.3587036;97.39657593;19.02325581;38.05426357;13.11627907;19.80949431;38.10113839;13.73809339;158.0;314450.0;65.0;103143.0;82.0;134395.0;79.2683;76.74616;0.233614561;78.5126847;72.21109206;83.80725;78.3928562;80.48680098;1.0;HH
19;1958;Cauca;Villa Rica;19845;2011;18764;4.697825624;;33.08463014;13;970.0;77;0;0;1;0;0;42.47866287;47.14912281;76.89226745;533983.3333;47.56448518;8925.0;39.29458824;39.31188235;195.2588235;209.5470454;41.79892179;98.67974512;69.06837852;1.116750402;19.94727327;47.09192865;32.96079808;25.41213989;286.4076233;25.41213989;19.40433213;38.19945848;12.04873646;18.73737374;41.06060606;13.65656566;525.0;48052.0;108.0;10244.0;189.0;17898.0;57.14285714;57.2354453;0.172823214;57.75325387;53.7870156;62.3659842;43.8891973;63.35849166;2.0;LL
19;1958;Cauca;Villa Rica;19845;2016;20139;7.822715461;0.863995233;31.35706837;18;970.0;77;0;0;1;0;0;41.1365204;47.64153446;65.37709194;702572.9167;38.57192512;7768.0;46.13181818;42.15;221.5;369.0509782;72.95609554;193.9042233;102.1906594;1.832518885;19.76856853;52.54131128;27.69012019;25.41213989;286.4076233;25.41213989;18.82352941;41.00534759;13.43315508;18.5188618;43.37751413;15.46019094;455.0;582354.0;101.0;11889.0;184.0;21696.0;54.8913;54.79812;0.167514221;55.17696931;50.75575108;59.8226011;42.6901903;57.91209191;2.0;LL
19;1958;Cauca;Villa Rica;19845;2021;21528;11.00272513;1.639725009;32.23244147;23;970.0;77;0;0;1;0;0;42.40611014;47.32438218;61.76313327;1121291.125;37.54645113;8083.0;44.24117661;41.57058716;206.5470581;488.9969907;84.11256277;241.4221725;163.4622554;2.271446445;17.20103894;49.37089126;33.4280698;25.41213989;286.4076233;25.41213989;17.98676559;42.32003208;14.64808502;17.68218799;44.41751774;16.79937684;427.0;609158.0;110.0;67377.0;165.0;100336.0;66.66666;67.15137;0.174734846;66.80861184;62.96449085;70.9602995;66.7066464;65.23497292;2.0;LL
20;2058;Cesar;Valledupar;20001;2011;425252;15.83657063;;13.10070264;96;169.0;4225;0;1;0;0;0;16.13372356;49.95262951;85.16559637;534116.6667;67.45553225;286856.0;45.66643851;45.4729271;219.0513819;2923.615747;164.3953935;394.2516137;2364.96874;0.687501939;5.623016418;13.48506944;80.89191414;0.0;658.2824707;166.7567444;19.575173;36.6192978;10.58600315;19.35374165;39.15281422;11.08042152;31981.0;426175.0;9711.0;133825.0;12768.0;170059.0;76.05733083;78.69327704;0.002159773;78.69165029;78.24064729;79.1973727;59.8011911;74.60484257;0.0;
20;2058;Cesar;Valledupar;20001;2016;463923;20.22497986;1.156226357;12.19275613;101;169.0;4225;0;1;0;0;0;15.2070198;49.80823945;81.48439496;685756.75;61.74710027;286459.0;52.90723528;50.85438309;260.3409878;4488.286083;173.7643661;517.6085878;3796.913129;0.967463584;3.871508253;11.53243306;84.59605869;0.0;658.2824707;166.7567444;19.10195359;37.74046177;11.72420161;18.21426155;39.88524119;13.15201948;27850.0;5621911.0;7249.0;119889.0;11244.0;181049.0;64.46994;66.21909;0.003485453;66.22030216;65.59024413;66.7785348;51.2343707;66.71243186;0.0;
20;2058;Cesar;Valledupar;20001;2021;538601;17.4935775;1.446339684;12.19919755;106;169.0;4225;0;1;0;0;0;15.19495465;49.9943142;73.45851641;906267.25;58.29584423;313982.0;53.73594284;50.68693924;252.2762146;6213.081463;185.181865;692.1917242;5335.707874;1.153559214;2.980515645;11.14087636;85.87860799;0.0;658.2824707;166.7567444;18.72636952;39.93883652;12.55600946;17.572425;41.53805418;15.00404427;27313.0;6368413.0;7299.0;1867467.0;10338.0;2570884.0;70.6036;72.6391;0.003066039;72.6373417;72.05907655;73.1472713;72.5264803;71.65223556;3.0;LH
20;2082;Cesar;Aguachica;20011;2011;95063;8.055009134;;12.33182205;154;152.0;917;0;1;0;0;0;15.89809566;50.50054276;84.32433329;533883.3333;63.32326983;60197.0;43.86316532;44.37140121;210.9707661;478.3295974;46.27647421;75.52749442;356.5256288;0.503171157;9.674599787;15.78984341;74.5355568;130.5254364;424.6451111;130.5254364;18.91267385;36.54357588;11.77355365;18.96968834;39.38075586;11.71806705;971.0;147370.0;368.0;57248.0;437.0;66564.0;84.21052632;86.00444685;0.026109934;85.79994283;83.57911966;88.0705121;65.2030902;82.06114769;0.0;
20;2082;Cesar;Aguachica;20011;2016;103714;11.15953487;0.855236516;12.46215554;159;152.0;917;0;1;0;0;0;16.32913354;49.99702001;77.8048057;685696.25;69.3300808;71905.0;50.71046229;48.68045418;246.8475264;669.2619637;58.29407626;118.539601;492.4282864;0.645295682;8.710203093;17.71198835;73.57780856;130.5254364;424.6451111;130.5254364;18.77791674;38.28836877;12.80050821;18.09302413;40.61416171;13.99111378;1100.0;1907615.0;311.0;25286.0;436.0;36118.0;71.33028;70.00941;0.045154814;70.09253818;67.28956396;72.6482227;54.2303036;70.72003703;0.0;
20;2082;Cesar;Aguachica;20011;2021;121581;9.564679788;1.25101784;13.06700883;164;152.0;917;0;1;0;0;0;17.26344236;49.53105751;73.97518474;905965.75;65.98317171;80223.0;49.73161697;47.42867661;231.8727875;1044.243759;113.8182132;211.6073024;718.8182433;0.858887292;10.89958281;20.26416731;68.83624988;130.5254364;424.6451111;130.5254364;18.29223036;39.28679869;14.24715765;17.65838938;41.05362847;15.65514695;995.0;2048190.0;296.0;573201.0;382.0;726063.0;77.48691;78.94646;0.049903133;78.87579318;76.54810615;81.2642693;78.7554105;77.04663914;0.0;
20;2058;Cesar;Agustín Codazzi;20013;2011;54842;5.610359457;;19.99380037;153;131.0;1739;0;1;0;0;0;24.39047109;47.09032904;93.22413845;534200.0;89.89460632;49300.0;42.40857353;43.88220588;210.6485294;468.4395197;179.1690605;95.55528934;193.7151699;0.854161992;38.24806681;20.39863959;41.3532936;46.06354141;620.3149414;206.0890198;18.90812734;35.09020291;12.45054267;18.62015902;36.74202176;11.5011175;478.0;56001.0;126.0;15084.0;153.0;18013.0;82.35294118;83.73952146;0.097419531;83.98215457;80.95286689;87.3520901;63.8216743;83.49849452;0.0;
20;2058;Cesar;Agustín Codazzi;20013;2016;58086;5.800881452;0.287504734;20.49202906;158;131.0;1739;0;1;0;0;0;25.20880627;47.00603932;88.84006786;686472.5833;84.51261922;49090.0;49.47033898;47.82627119;242.2627119;1956.440703;1409.139578;223.0722519;324.2288732;3.368179429;72.02567273;11.4019429;16.57238436;46.06354141;620.3149414;206.0890198;18.27614547;36.16875556;13.86548867;18.31117574;37.51211744;13.32917878;443.0;764765.0;134.0;17889.0;165.0;22132.0;81.21212;80.82867;0.100398716;80.85499829;77.30977182;84.6621271;62.5571739;79.26025376;0.0;
20;2058;Cesar;Agustín Codazzi;20013;2021;67084;5.855221315;0.445709856;21.78910023;163;131.0;1739;0;1;0;0;0;26.96835842;46.66185883;84.19567486;908632.0833;79.89833641;53599.0;49.45623779;46.3165741;230.2011108;741.7378132;273.5769989;67.86365554;400.2971587;1.105685131;36.88324824;9.149278131;53.96747363;46.06354141;620.3149414;206.0890198;17.73609545;37.16091886;15.51017985;17.86463013;38.10422282;14.98951782;485.0;819835.0;125.0;220152.0;164.0;288926.0;76.21951;76.19667;0.128530175;76.69992419;72.7630762;80.4755335;76.5828624;77.63409602;0.0;
20;2057;Cesar;Astrea;20032;2011;18250;2.328767123;;47.49041096;27;75.0;583;0;1;0;0;0;55.40674276;41.9674078;109.7351057;998050.7917;99.01369863;18070.0;40.20522388;42.35447761;204.3432836;76.82986304;19.29054826;6.313367085;51.2259477;0.420985551;25.10813828;8.217334817;66.6745269;100.5393448;564.4813232;197.6058044;18.76655717;31.92751934;12.35562149;18.92658573;33.3484625;10.67740837;;;;;;;;;;93.46310255;92.13664258;94.498291;71.026657;91.79607893;0.0;
20;2057;Cesar;Astrea;20032;2016;19232;2.455542845;0.09359401;47.80054077;32;75.0;583;0;1;0;0;0;55.34470334;42.11506125;100.0789474;817177.25;90.46900998;17399.0;49.2;45.96086957;236.926087;109.1844581;25.08168412;9.060207715;75.04256624;0.567722848;22.97184467;8.298074538;68.73008079;100.5393448;564.4813232;197.6058044;18.20479127;33.69048822;13.89871626;18.47092836;35.73187707;12.30324446;;;;;;;;;;87.36519558;85.57436514;88.9182172;67.5940863;86.25327537;0.0;
20;2057;Cesar;Astrea;20032;2021;22021;3.21246386;0.28609055;46.74628763;37;75.0;583;0;1;0;0;0;54.66108188;42.06977576;93.70875825;905965.75;81.05898915;17850.0;46.45258713;43.87068939;215.9137878;167.3772596;53.02851314;12.18778218;102.1609643;0.760080194;31.68202973;7.281623684;61.03634659;100.5393448;564.4813232;197.6058044;17.84416275;34.92598174;15.32665544;18.15642458;36.5735568;13.84543762;;;;;;;;;;88.46192134;86.83825079;90.0522508;88.326908;85.26065258;0.0;
20;2020;Cesar;Becerril;20045;2011;18846;2.321889703;;26.71654462;34;111.0;1206;0;1;0;0;0;31.08622147;45.05494505;105.4608128;760019.5417;72.23814072;13614.0;39.52486188;41.89502762;198.2486188;684.2412426;609.7452014;9.448049812;65.04799141;3.630697456;89.11260582;1.38080683;9.506587349;68.30636597;595.2192383;197.2052002;18.83196721;33.69877049;10.43032787;18.88619855;35.09795289;8.584635703;562.0;57263.0;125.0;13922.0;178.0;17930.0;70.2247191;77.64640268;0.089115382;78.19928058;74.85282528;81.5431797;59.427018;76.25992702;0.0;
20;2020;Cesar;Becerril;20045;2016;20473;4.021963887;0.210032726;25.69725981;39;111.0;1206;0;1;0;0;0;29.46946054;46.1945099;101.4547547;711292.0833;68.92492551;14111.0;48.88495575;46.61061947;236.5752212;1328.880616;1203.392353;15.87216897;109.6160942;6.49089345;90.55684448;1.194401422;8.248754095;68.30636597;595.2192383;197.2052002;19.05763165;33.85262353;10.5323521;19.22077922;36.01398601;9.340659341;699.0;813431.0;166.0;14802.0;230.0;19489.0;72.17391;75.95054;0.086364569;75.87481097;72.63125867;78.7146786;58.7040238;76.7077651;0.0;
20;2020;Cesar;Becerril;20045;2021;23847;4.239177535;0.264184174;25.5336101;44;111.0;1206;0;1;0;0;0;29.72699697;46.22425629;94.89993099;905965.75;70.03815994;16702.0;48.4364624;44.91160202;224.6243134;5480.415756;5327.683843;17.1493752;135.582538;22.98157318;97.21313272;0.312921062;2.473946213;68.30636597;595.2192383;197.2052002;18.83315428;34.9888439;11.85852409;18.93410523;36.89766729;10.54827175;566.0;832172.0;152.0;252616.0;192.0;307322.0;79.16666;82.19913;0.072452152;82.28237103;79.22610731;85.1887915;82.1567891;81.55482022;0.0;
20;2057;Cesar;Bosconia;20060;2011;35520;5.173141892;;7.713963964;32;83.0;578;0;1;0;0;0;9.990795428;48.71903045;96.63877266;533983.3333;78.55574324;27903.0;40.53571429;40.82692308;200.6923077;166.3655943;35.20443033;16.89904639;114.2621176;0.468371606;21.16088394;10.15777719;68.68133887;54.31758499;615.9626465;160.5916748;19.85736572;33.93135725;10.52484957;19.78147052;36.52401548;9.162303665;458.0;61293.0;142.0;20512.0;159.0;22420.0;89.3081761;91.4897413;0.071631011;91.20794029;88.88978648;93.6689;69.3128616;86.78575326;0.0;
20;2057;Cesar;Bosconia;20060;2016;38121;6.425592193;0.595472312;6.416410902;37;83.0;578;0;1;0;0;0;8.484953303;48.99688689;88.60791397;691049.1667;83.33464495;31768.0;48.56043956;45.72967033;233.3208791;248.2058607;41.33541693;25.53925518;181.3311886;0.651100078;16.65368288;10.28954558;73.05677153;54.31758499;615.9626465;160.5916748;19.78949562;35.91079617;11.05147978;19.35125997;38.08442073;10.72956839;433.0;817079.0;131.0;18271.0;163.0;22866.0;80.3681;79.90466;0.135081133;80.0503988;76.3707015;83.7033788;61.9346587;77.26883864;0.0;
20;2057;Cesar;Bosconia;20060;2021;44343;13.40591149;1.693615678;6.406873689;42;83.0;578;0;1;0;0;0;8.589385475;48.86813315;83.8577923;948275.0;78.7068985;34901.0;46.92460251;43.06150818;215.5238037;324.3122667;48.53782671;24.5019793;251.2724607;0.731371957;14.96638632;7.55505783;77.47855585;54.31758499;615.9626465;160.5916748;19.32953883;36.97844306;12.42325102;19.00136178;38.75624149;12.08352247;489.0;840899.0;149.0;331942.0;190.0;396962.0;78.42105;83.6206;0.06178905;83.5195367;80.1513306;86.2436108;83.3920666;81.22117214;0.0;
20;2020;Cesar;Chimichagua;20175;2011;29571;2.585584976;;58.24963647;119;30.0;1425;0;1;0;0;0;65.68677141;41.44800967;111.8280213;1129409.667;117.7674073;34825.0;39.52341598;41.83195592;202.3498623;137.836564;31.96075631;13.98836293;91.88744479;0.46612074;23.18742965;10.14851395;66.6640564;122.5027313;536.1719971;180.5079803;18.69046826;31.21960967;13.22187438;17.98323946;32.78609699;12.44676467;648.0;62124.0;176.0;17333.0;201.0;19523.0;87.56218905;88.78246171;0.046674989;89.11203319;86.40976536;91.4197229;67.720091;88.9692848;1.0;HH
20;2020;Cesar;Chimichagua;20175;2016;32280;3.814281289;0.015489467;59.34634449;124;30.0;1425;0;1;0;0;0;66.78103342;41.39504563;105.2416975;819804.5;90.97893432;29368.0;47.13043478;43.96086957;226.2673913;181.8792598;40.75914195;15.66210251;125.4580153;0.563442564;22.40999991;8.611263609;68.97873648;122.5027313;536.1719971;180.5079803;17.99286681;31.8964457;15.42860657;17.06829816;33.75577475;15.20164815;682.0;865429.0;191.0;17548.0;237.0;21560.0;80.59071;81.39146;0.064043951;81.70538967;78.37103397;84.370568;63.2151182;82.71156674;1.0;HH
20;2020;Cesar;Chimichagua;20175;2021;37547;2.78340036;0.085226516;60.10600048;129;30.0;1425;0;1;0;0;0;67.86649215;41.20475757;98.75327491;1032685.5;76.78376435;28830.0;45.92129517;43.09490585;213.5208282;262.6934406;86.19685801;20.30587023;156.1907123;0.699638961;32.81271806;7.729873342;59.4574086;122.5027313;536.1719971;180.5079803;17.63264436;32.86810143;17.14787982;16.64980027;34.41810919;17.23568575;740.0;859946.0;190.0;228589.0;240.0;289986.0;79.16666;78.8276;0.062090129;79.1461297;76.19283635;82.1019231;79.0253344;81.56556475;1.0;HH
20;2020;Cesar;Chiriguaná;20178;2011;24097;7.532057933;;38.50686807;123;33.0;1015;0;1;0;0;0;46.32846427;44.12258192;95.43648075;1839898.75;85.53761879;20612.0;39.37123746;41.16053512;201.4816054;1807.811362;1711.099995;11.72251439;84.98885265;7.502225847;94.65036181;0.648436813;4.701201376;98.20127106;560.888855;180.2194824;18.65007417;35.08323718;11.79330806;18.34824041;36.98069046;11.44361782;;;;;;;;;;89.38716899;88.08210375;90.7682251;67.9291787;80.90052086;0.0;
20;2020;Cesar;Chiriguaná;20178;2016;26190;4.349942726;0.053455517;39.65635739;128;33.0;1015;0;1;0;0;0;47.54222222;44.40444444;92.49828372;685703.75;88.6216113;23210.0;47.88257576;46.46969697;234.155303;699.7841999;567.6115802;14.67828782;117.4943319;2.67195189;81.1123744;2.097544903;16.7900807;98.20127106;560.888855;180.2194824;18.06288731;35.46017902;12.8146278;17.66140712;37.99832304;12.90494702;;;;;;;;;;83.97355131;82.29050106;85.6073473;64.9699854;80.79847691;0.0;
20;2020;Cesar;Chiriguaná;20178;2021;30552;6.290095575;0.134197434;40.66836868;133;33.0;1015;0;1;0;0;0;49.0;44.1697417;86.84472897;905965.75;76.28305839;23306.0;45.57295227;42.56583786;211.5231323;265.7798673;67.54909697;20.14108905;178.0896812;0.869926248;25.41543032;7.578109381;67.0064603;98.20127106;560.888855;180.2194824;17.64822265;36.6550155;14.23860714;17.13561635;38.85242706;14.53635714;;;;;;;;;;84.80232997;83.06360262;86.664765;84.672902;81.81270359;0.0;
20;2020;Cesar;Curumaní;20228;2011;33383;3.473574374;;29.38921008;46;61.0;914;0;1;0;0;0;36.58959965;46.21805289;98.18610012;535900.0;86.11269209;28747.0;39.98445596;41.34196891;200.9015544;147.656053;30.24663217;15.75114116;101.6582796;0.442309118;20.48451896;10.66745375;68.84802728;115.1003876;544.0355225;168.0260925;19.08696177;33.06597515;12.76685563;18.76078805;36.33712279;11.61240402;;;;;;;;;;88.49414758;87.0937261;89.7374728;67.250533;89.92635341;0.0;
20;2020;Cesar;Curumaní;20228;2016;35654;3.791065986;0.106579907;29.34313121;51;61.0;914;0;1;0;0;0;36.85672221;46.00816436;90.00499523;694927.4167;80.86890671;28833.0;49.5;46.71226415;239.8985849;208.1147247;40.81950673;17.86346442;149.4317536;0.583706526;19.61394456;8.583469739;71.8025857;115.1003876;544.0355225;168.0260925;18.86749972;35.23021502;13.13182483;18.25805009;38.36091234;12.83542039;;;;;;;;;;81.74191546;79.97338713;83.4525189;63.243378;83.19515622;0.0;
20;2020;Cesar;Curumaní;20228;2021;41199;4.346181542;0.245151581;29.60751475;56;61.0;914;0;1;0;0;0;37.47427186;45.78904334;85.22973391;905965.75;81.22041797;33462.0;47.88915253;45.445755;224.5613251;308.7128534;66.95164318;23.86219477;217.8990155;0.74932123;21.687352;7.729576047;70.58307196;115.1003876;544.0355225;168.0260925;18.42053885;36.27001171;14.63295588;17.85041765;38.97928637;14.53816812;;;;;;;;;;86.31839172;84.53293621;87.8494026;86.1866499;84.84912037;0.0;
20;2057;Cesar;El Copey;20238;2011;27857;6.062509722;;27.2714219;40;135.0;985;0;1;0;0;0;33.2211101;45.45040946;99.56571566;533883.3333;79.34450946;22103.0;43.12773723;42.78467153;210.1459854;221.3355403;83.45033508;39.53627666;98.34892854;0.794541911;37.7030887;17.86259749;44.43431381;44.30993271;646.8955688;134.7262878;19.03445342;33.58854388;12.33517652;18.82772162;35.74285507;10.31924951;;;;;;;;;;85.29839251;83.87605586;86.7555448;64.8219404;84.4721176;0.0;
20;2057;Cesar;El Copey;20238;2016;29026;6.167171961;0.075794116;25.97671054;45;135.0;985;0;1;0;0;0;32.13969005;45.96511972;91.52056642;686018.3333;76.19720251;22117.0;50.32248521;49.6035503;248.7692308;299.8138322;104.9172446;61.18118967;133.715398;1.032914739;34.9941308;20.40639327;44.59947594;44.30993271;646.8955688;134.7262878;18.49085052;34.95305325;13.89897882;18.39279529;37.15968133;12.51125736;;;;;;;;;;79.04495925;77.06949349;80.8510079;61.1567543;77.99643194;0.0;
20;2057;Cesar;El Copey;20238;2021;33099;6.167356516;0.290038974;25.01586151;50;135.0;985;0;1;0;0;0;31.37262;46.00376457;86.17252891;908715.5;71.75141243;23749.0;48.12661362;46.43152618;226.6149902;467.7604554;192.7586761;90.37225243;184.6295269;1.413216277;41.20884395;19.32019934;39.47095671;44.30993271;646.8955688;134.7262878;18.03604798;35.9816746;15.48616553;18.00121139;37.88007268;14.15505754;;;;;;;;;;81.76863339;79.84152844;83.6589099;81.6438355;79.49601967;0.0;
20;2057;Cesar;El Paso;20250;2011;29782;3.922671412;;79.38352025;32;37.0;864;0;1;0;0;0;83.76431145;39.51207333;101.3646659;574382.25;62.49076623;18611.0;39.88102894;40.4340836;198.5916399;932.4772934;824.4054327;11.51724757;96.55461312;3.131009648;88.41024211;1.235123649;10.35463424;70.86917877;588.0719604;196.3460999;19.04633439;34.49113104;9.61084508;19.15078569;36.22199933;8.452022735;;;;;;;;;;85.79482962;84.2083603;87.3440537;65.1992045;81.66230417;0.0;
20;2057;Cesar;El Paso;20250;2016;34570;5.326149841;0.38183396;80.97772635;37;37.0;864;0;1;0;0;0;85.42412662;39.23509764;98.49067487;737972.3333;68.44663003;23662.0;48.03174603;44.77460317;232.9365079;620.4613046;421.3063585;19.36760044;179.7873457;1.794796947;67.90211659;3.121484015;28.9763994;70.86917877;588.0719604;196.3460999;18.82407354;34.86731803;9.510319709;19.21495976;37.41098825;8.875123024;;;;;;;;;;78.43086108;76.47001033;80.208117;60.6816291;77.55824062;0.0;
20;2057;Cesar;El Paso;20250;2021;41378;5.377455008;0.828942917;82.12576732;42;37.0;864;0;1;0;0;0;86.51228138;38.92253282;90.70439024;910194.0833;61.189521;25319.0;47.31058884;45.39764786;220.5035248;639.375068;366.9878889;23.24551872;249.1416604;1.545205346;57.39790418;3.635662365;38.96643345;70.86917877;588.0719604;196.3460999;18.42169202;36.62957384;10.54958939;18.84705995;38.9009087;10.01009664;;;;;;;;;;82.94820848;81.07696808;85.0018506;82.8216103;80.37777831;1.0;HH
20;2082;Cesar;Gamarra;20295;2011;13366;2.926579879;;33.5403262;82;43.0;356;0;1;0;0;0;41.18100128;43.52588789;79.06329701;672342.1667;73.76178363;9859.0;40.36936937;39.81981982;198.1891892;65.08726325;12.7047572;6.172165246;46.21034081;0.486961419;19.51957505;9.482907926;70.99751702;137.4668732;434.0274353;137.4668732;18.86406775;38.15155497;14.48386626;18.61285868;38.5913764;13.65659046;;;;;;;;;;87.60462925;85.9721344;88.994207;66.5745496;88.66834052;0.0;
20;2082;Cesar;Gamarra;20295;2016;14240;2.421582397;0.14747191;34.12219101;87;43.0;356;0;1;0;0;0;42.10153483;43.95907123;78.73575811;1048975.417;72.02247191;10256.0;49.56074766;46.65420561;239.2616822;103.8002488;20.71620765;8.796897928;74.28714327;0.728934332;19.95776299;8.474833178;71.56740383;137.4668732;434.0274353;137.4668732;17.68394649;37.41638796;17.83723523;17.42638732;38.15118913;16.59116648;;;;;;;;;;82.29779975;80.60451054;84.088149;63.6734634;84.94225505;0.0;
20;2082;Cesar;Gamarra;20295;2021;16503;2.930780262;0.430224808;34.57553172;92;43.0;356;0;1;0;0;0;42.91763149;43.99603043;74.58259491;1320322.375;63.3581773;10456.0;45.15322495;41.73387146;209.5483856;139.1951637;34.25331955;10.43785513;94.50398898;0.843453697;24.60812477;7.49871968;67.89315555;137.4668732;434.0274353;137.4668732;17.12104689;38.18005574;19.65345935;17.00606061;38.52121212;18.56969697;;;;;;;;;;82.68311374;80.61860158;84.4755683;82.5569202;85.7931317;0.0;
20;2082;Cesar;González;20310;2011;4900;2.404761905;;65.10204082;96;1300.0;76;0;1;0;0;0;70.69332199;39.3024245;81.90747782;1386217.958;75.69387755;3709.0;43.625;46.9375;216.59375;44.23587531;16.67188293;8.366966052;19.19702632;0.902772965;37.68860188;18.91443538;43.39696274;104.4242325;451.9381409;104.4242325;19.33128363;37.50960799;12.64411991;18.92950392;40.42645779;12.40208877;;;;;;;;;;86.5519577;84.98923565;88.1292017;65.7745789;91.09656323;0.0;
20;2082;Cesar;González;20310;2016;4499;2.176409572;;66.7259391;101;1300.0;76;0;1;0;0;0;73.78854626;38.74449339;75.22093814;1606891.917;76.08357413;3423.0;51.5;50.5;256.2083333;30.0803341;8.657766762;3.160781907;18.26178543;0.668600447;28.7821496;10.50780186;60.71004854;104.4242325;451.9381409;104.4242325;17.28553137;39.52198037;16.90140845;16.69758813;40.16697588;16.97588126;;;;;;;;;;85.40047369;83.71965757;87.0991038;66.0739892;;0.0;
20;2082;Cesar;González;20310;2021;4629;3.301649024;;69.95031324;106;1300.0;76;0;1;0;0;0;76.70325119;37.85462829;72.37876802;1428439.542;78.8507237;3650.0;51.63333511;53.03333282;251.8000031;32.95576248;7.605451607;3.916408784;21.43390209;0.711941294;23.0777595;11.88383606;65.03840444;104.4242325;451.9381409;104.4242325;16.56391286;39.95067818;19.07110563;15.98360656;40.0273224;19.94535519;;;;;;;;;;89.19200508;87.72494242;90.6709989;89.0558774;;0.0;
20;2082;Cesar;La Gloria;20383;2011;14398;5.239153586;;62.36977358;95;35.0;789;0;1;0;0;0;70.06014703;40.0757407;90.08644886;607291.75;89.04708987;12821.0;40.71895425;42.5751634;203.7254902;98.56870837;32.91869464;8.224928017;57.42508571;0.684600003;33.3966988;8.344360145;58.25894106;140.1891937;478.8439331;140.1891937;18.41038118;36.4422817;12.76020546;17.91428571;38.32857143;12.11428571;;;;;;;;;;90.35777874;89.1992568;91.6238997;68.666787;90.64617486;0.0;
20;2082;Cesar;La Gloria;20383;2016;16010;3.296377264;0.274828232;64.17239225;100;35.0;789;0;1;0;0;0;71.46772825;39.29387196;85.3636725;834821.0833;67.52029981;10810.0;50.17021277;48.68794326;247.3333333;197.0437413;71.94683316;41.66683202;83.43007614;1.230754162;36.51312783;21.14598096;42.34089121;140.1891937;478.8439331;140.1891937;18.74698213;36.52824722;14.49782714;16.95573389;38.54517215;14.39295884;;;;;;;;;;80.18853178;78.11986235;81.9486562;62.0415316;82.9079291;0.0;
20;2082;Cesar;La Gloria;20383;2021;18909;3.746893014;1.126447723;64.97435084;105;35.0;789;0;1;0;0;0;72.37764108;39.03182669;79.42847731;911149.6667;57.03104342;10784.0;48.40740585;44.80864334;224.5555573;327.1734977;120.6863565;87.71076769;118.7763735;1.730252778;36.88757108;26.80864077;36.30378815;140.1891937;478.8439331;140.1891937;18.31231416;37.81400595;15.95406542;16.34993447;39.62429008;16.16426387;;;;;;;;;;80.43280003;78.28910128;82.4275075;80.310041;81.69286266;1.0;HH
20;2020;Cesar;La Jagua de Ibirico;20400;2011;38613;5.597208194;;25.41631057;32;140.0;752;0;1;0;0;0;31.97562015;45.53855228;94.04188835;1010917.333;45.02887629;17387.0;42.87384615;43.98153846;206.9138462;3009.798328;2860.641195;46.88193949;102.2751933;7.79477981;95.04428149;1.557643881;3.398074625;84.60733032;579.2785034;182.2614899;19.70973308;35.24307318;9.814269766;19.95557201;37.53107315;8.451896123;;;;;;;;;;79.93111246;78.29331857;81.7249229;60.743112;76.00412119;0.0;
20;2020;Cesar;La Jagua de Ibirico;20400;2016;43661;4.351328035;0.297748563;24.29628272;37;140.0;752;0;1;0;0;0;30.87628866;46.46620848;88.9238653;685696.25;48.86970065;21337.0;48.6433121;46.70700637;236.4203822;3420.108989;3164.947503;81.69825821;173.4632281;7.833327201;92.53937558;2.388761834;5.071862583;84.60733032;579.2785034;182.2614899;19.76020502;36.64653121;9.207395204;19.2397634;39.42867623;8.533174378;;;;;;;;;;64.56157805;62.0882155;66.9181127;49.9510228;72.98630067;0.0;
20;2020;Cesar;La Jagua de Ibirico;20400;2021;51603;4.792680012;0.439896905;23.09749433;42;140.0;752;0;1;0;0;0;29.77970849;46.67188909;83.08531596;905965.75;52.72561673;27208.0;49.07070541;45.66464615;226.8808136;2628.101309;2233.301781;137.1512471;257.6482801;5.09292349;84.97776604;5.218643842;9.803590116;84.60733032;579.2785034;182.2614899;19.42042533;37.94500273;10.29446132;18.86690578;40.49519843;9.622430483;;;;;;;;;;77.2650519;75.08314702;79.3035963;77.1471275;79.21725503;0.0;
20;2058;Cesar;Manaure Balcón del Cesar;20443;2011;8754;2.949128018;;16.1411926;31;750.0;144;0;1;0;0;0;20.72816942;46.63475486;86.3578333;1257683.833;102.7758739;8997.0;40.86065574;43.56557377;211.1639344;42.08745541;12.83255778;4.502813441;24.75208419;0.480779705;30.49022007;10.69870677;58.81107316;52.52551651;674.6757202;210.9008026;19.42251297;36.90503045;12.70020302;19.20851655;36.47303865;11.68710947;;;;;;;;;;93.19299537;91.96976415;94.4209139;70.8213908;89.85121363;0.0;
20;2058;Cesar;Manaure Balcón del Cesar;20443;2016;9506;2.708815485;0.010519672;16.18977488;36;750.0;144;0;1;0;0;0;20.8690013;46.88715953;81.71777118;1315045.417;87.91289712;8357.0;52.84033613;51.39495798;258.5546218;58.60137009;15.40181236;5.111552497;38.08800523;0.61646718;26.28234176;8.722581893;64.99507635;52.52551651;674.6757202;210.9008026;19.08317776;36.63140427;14.78946277;19.18890075;37.84418356;13.59658485;;;;;;;;;;86.17457276;84.41159716;87.6641825;66.6729064;85.67253868;0.0;
20;2058;Cesar;Manaure Balcón del Cesar;20443;2021;11137;3.737541528;0.161623417;17.05127054;41;750.0;144;0;1;0;0;0;22.1875;46.60560345;77.2002772;1061409.833;80.37173386;8951.0;50.19047546;46.15872955;232.3730164;79.40522526;29.32163307;6.155685827;43.92790636;0.71298577;36.92657879;7.752242762;55.32117845;52.52551651;674.6757202;210.9008026;18.56510186;37.71479185;16.40389725;18.79096868;38.401311;15.2221413;;;;;;;;;;86.57302268;84.85048131;88.2362946;86.4408922;85.93851557;0.0;
20;2020;Cesar;Pailitas;20517;2011;16659;3.44908658;;25.7278348;43;75.0;521;0;1;0;0;0;32.42413163;46.38391225;87.97260802;689538.9167;107.0952638;17841.0;41.07881773;42.76847291;202.955665;102.5904339;19.69893642;16.83909573;66.05240174;0.615825883;19.20153339;16.41390439;64.38456222;150.1972656;505.474823;150.1972656;19.19691306;35.90980345;12.83009767;19.00549845;37.49701171;12.02486254;613.0;56592.0;197.0;18277.0;214.0;19840.0;92.05607477;92.12197581;0.035881199;92.11086091;89.95887666;94.1438435;69.99903;90.9607085;0.0;
20;2020;Cesar;Pailitas;20517;2016;17729;3.280406866;0.129730949;25.4893113;48;75.0;521;0;1;0;0;0;31.26429052;47.24949563;84.324421;762634.1667;101.9177619;18069.0;50.12790698;48.19186047;246.0581395;125.7834613;25.97727966;11.9352905;87.87089117;0.709478602;20.652381;9.48875979;69.85885921;150.1972656;505.474823;150.1972656;18.53630646;36.6380789;13.88221841;18.00979519;38.83570793;14.2364203;567.0;761875.0;161.0;15141.0;194.0;18234.0;82.98969;83.03719;0.093377056;83.37132615;79.93920617;86.0607036;64.5040463;84.00372771;0.0;
20;2020;Cesar;Pailitas;20517;2021;20465;3.745826207;0.141705351;25.33105302;53;75.0;521;0;1;0;0;0;31.36819321;47.31146047;80.01374675;905965.75;92.24041046;18877.0;46.47963715;42.90497589;217.9095001;180.8849383;37.11072489;15.57568802;128.1985254;0.883874607;20.51620507;8.610826397;70.87296853;150.1972656;505.474823;150.1972656;18.02510961;37.53487445;15.48425668;17.54722409;39.37098475;15.93633138;567.0;793724.0;182.0;302514.0;201.0;335513.0;90.54726;90.16461;0.040625167;90.0987208;87.72445871;92.284436;89.9612093;88.4539416;0.0;
20;2082;Cesar;Pelaya;20550;2011;17803;3.275197064;;29.66915688;28;70.0;438;0;1;0;0;0;37.19252439;46.09042188;95.84723767;535633.3333;87.67623434;15609.0;41.65938865;43.37117904;208.8777293;85.11628626;20.24306136;9.14156239;55.7316625;0.478100805;23.78282965;10.74008605;65.4770843;140.5318451;490.3369751;140.5318451;18.89613309;34.16142086;11.73561151;19.20961042;36.66778938;11.38430448;;;;;;;;;;88.42846607;87.18383146;89.8847403;67.2006188;90.3740036;0.0;
20;2082;Cesar;Pelaya;20550;2016;19536;3.110923423;0.189393939;30.31838657;33;70.0;438;0;1;0;0;0;37.56258395;45.74429112;89.297769;686582.5;82.89823915;16195.0;48.09958506;44.77593361;232.3568465;130.2318187;31.25240261;11.2569496;87.72246646;0.666624788;23.99751683;8.643778234;67.35870493;140.5318451;490.3369751;140.5318451;18.39829042;35.70774397;12.65900071;18.13781028;38.82995159;12.87465238;;;;;;;;;;82.6677761;80.90536087;84.5078076;63.9597125;82.86309465;0.0;
20;2082;Cesar;Pelaya;20550;2021;22879;3.36116089;0.231653481;30.81428384;38;70.0;438;0;1;0;0;0;38.4904129;45.34848331;84.51590595;923885.3333;76.27081603;17450.0;47.09842682;45.21653366;218.9606323;231.7183402;90.36807584;17.74087527;123.6093891;1.012799249;38.99910373;7.656224042;53.34467223;140.5318451;490.3369751;140.5318451;17.94025703;36.83570684;14.09343522;17.55698319;39.60221772;14.51201267;;;;;;;;;;85.54160689;83.73818265;87.187005;85.4110506;84.47847068;0.0;
20;2058;Cesar;Pueblo Bello;20570;2011;22172;1.69696013;;68.16705755;14;1100.0;859;0;1;0;0;0;72.86476379;40.5323654;126.914405;993091.3333;121.5857839;26958.0;39.25;43.23809524;206.8571429;109.0125647;45.91878075;9.500141569;53.59364238;0.49166771;42.12246623;8.714721643;49.16281213;11.73456478;667.4473267;156.6652374;19.29778247;29.85744456;8.940513904;19.52257587;30.66247224;7.531458179;;;;;;;;;;95.90931008;95.10985563;96.7800099;72.885636;90.93370591;0.0;
20;2058;Cesar;Pueblo Bello;20570;2016;25141;1.658313777;0.015910266;68.19935563;19;1100.0;859;0;1;0;0;0;71.96435566;41.1084998;128.2518519;1088876.083;114.4504992;28774.0;48.65891473;45.37209302;232.7286822;180.6783116;71.39372445;15.23742066;94.0471665;0.718660004;39.51427474;8.433453094;52.05227216;11.73456478;667.4473267;156.6652374;19.41360438;29.91399531;8.522283034;19.21301919;30.66958141;7.076350093;;;;;;;;;;92.2923905;90.95765242;93.5426376;71.4062364;82.24871476;0.0;
20;2058;Cesar;Pueblo Bello;20570;2021;29706;2.16847326;0.127920285;68.23873965;24;1100.0;859;0;1;0;0;0;72.4298879;40.86647784;118.4499606;1441684.167;110.9405507;32956.0;48.29000092;46.04000092;227.8500061;248.9157332;96.05199763;18.62645052;134.2372851;0.837930833;38.58815848;7.483034632;53.92880688;11.73456478;667.4473267;156.6652374;19.27093727;31.45080822;9.598882459;19.10311456;31.9771008;8.130579977;;;;;;;;;;95.17257684;94.13387129;96.0857187;95.0273215;83.66133958;0.0;
20;2082;Cesar;Río de Oro;20614;2011;14718;2.59772614;;52.01793722;98;1165.0;621;0;1;0;0;0;58.52014652;42.68131868;81.13788345;1295811.708;71.05584998;10458.0;43.85470085;47.04273504;217.9316239;213.8446182;159.7909401;8.823810214;45.22986789;1.452946176;74.72291865;4.126271818;21.15080954;113.996933;427.7119751;113.996933;18.29301075;37.72849462;14.24731183;17.53228909;39.20032976;15.51250344;;;;;;;;;;86.83393512;85.11472351;88.5014789;65.9888657;85.91597714;0.0;
20;2082;Cesar;Río de Oro;20614;2016;15924;2.477915934;0.351670435;52.96407938;103;1165.0;621;0;1;0;0;0;59.90990991;41.62423293;73.70685534;1145794.125;58.94875659;9387.0;53.41441441;51.09009009;260.5135135;146.2472392;63.49211614;10.46082776;72.29429533;0.918407682;43.41423228;7.152837767;49.43292996;113.996933;427.7119751;113.996933;17.46697939;40.21725713;16.29428466;17.06506455;39.93352934;17.42298351;;;;;;;;;;78.18362173;76.36438259;80.2796428;60.4903411;79.55879312;0.0;
20;2082;Cesar;Río de Oro;20614;2021;18522;4.030792211;2.073210236;53.41215851;108;1165.0;621;0;1;0;0;0;60.68848511;41.41856392;69.97157937;979040.3333;51.54410971;9547.0;48.83871078;48.10483932;231.540329;224.9524391;123.1614235;13.60973417;88.18128139;1.214514842;54.74998361;6.050049613;39.19996678;113.996933;427.7119751;113.996933;16.73230442;41.26663119;17.93507185;16.43475403;40.4075819;19.45874877;;;;;;;;;;79.69517279;77.69849357;81.5180999;79.5735395;79.86796853;0.0;
20;2058;Cesar;La Paz;20621;2011;24463;3.334968456;;29.77557945;76;66.0;1351;0;1;0;0;0;35.76930874;45.64666532;92.6889467;674851.4583;91.69766586;22432.0;43.32972973;44.97837838;213.9945946;186.9444035;65.94837428;16.07775101;104.9182782;0.764192468;35.27699842;8.600284742;56.12271684;32.95238876;638.5160522;198.5562897;18.8682309;35.80417309;11.35016644;18.44228553;37.29622921;11.14770295;722.0;73194.0;246.0;25409.0;266.0;27186.0;92.48120301;93.46354741;0.020444013;93.37633164;91.54484941;94.9954208;70.960716;92.1574025;0.0;
20;2058;Cesar;La Paz;20621;2016;26364;3.252541344;0.151722045;29.377181;81;66.0;1351;0;1;0;0;0;36.1638819;45.61684596;89.34646922;781121.9167;80.15475649;21132.0;49.7918552;47.28054299;242.5113122;237.3725055;102.1762573;21.90758732;113.2886609;0.90036605;43.04468922;9.229201702;47.72610908;32.95238876;638.5160522;198.5562897;18.75848544;36.25735405;12.40006034;18.37326415;37.34930566;13.03219899;693.0;957278.0;214.0;28661.0;268.0;35161.0;79.85075;81.51361;0.051403127;81.56017935;78.89800624;84.1569948;63.1027696;84.24310974;0.0;
20;2058;Cesar;La Paz;20621;2021;30605;4.854871208;0.333278876;29.52132005;86;66.0;1351;0;1;0;0;0;36.64438811;45.49819467;84.11761661;957847.5833;70.73680771;21649.0;49.68275833;47.37241364;232.4586182;396.3418904;201.5547888;44.02957753;150.7575241;1.295023331;50.85376885;11.10898913;38.03724202;32.95238876;638.5160522;198.5562897;18.36441894;37.32229034;13.83852876;17.94905376;38.0590662;14.63558379;679.0;1035457.0;202.0;252245.0;226.0;276125.0;89.38053;91.35175;0.031071366;91.08350608;88.92360437;92.8604546;90.9444916;87.56456086;0.0;
20;2082;Cesar;San Alberto;20710;2011;22801;9.514933556;;22.30603921;35;120.0;568;0;1;0;0;0;28.48921637;46.79718174;82.06195415;533883.3333;62.96653656;14357.0;44.76585366;46.36097561;218.297561;310.7488788;123.2951196;63.60712943;123.8466297;1.362873904;39.67677055;20.46898115;39.8542483;83.63856506;385.9902039;83.63856506;18.22802559;39.04127596;10.71772851;19.14837577;40.30728709;9.798068481;;;;;;;;;;77.30543659;75.42766445;79.3023351;58.7477473;77.90794899;0.0;
20;2082;Cesar;San Alberto;20710;2016;24863;6.00859376;0.595262036;20.95483248;40;120.0;568;0;1;0;0;0;26.74498287;46.97014195;79.03556135;685696.25;54.86868037;13642.0;54.94329897;55.09793814;269.3453608;380.2005832;80.82322435;137.2096505;162.1677084;1.529182252;21.25804849;36.08875328;42.65319822;83.63856506;385.9902039;83.63856506;17.95243853;39.93550988;11.88230552;17.83592872;40.93755017;11.71135014;;;;;;;;;;68.13522447;65.8140875;70.3667419;52.7159381;71.68945072;0.0;
20;2082;Cesar;San Alberto;20710;2021;29008;6.053789759;1.558190844;20.17374517;45;120.0;568;0;1;0;0;0;26.04475156;46.89042448;74.34275858;905965.75;53.70242692;15578.0;52.58297729;51.20851135;248.4170227;555.6404416;152.1888667;180.9434243;222.5081506;1.915473116;27.38981099;32.56484063;40.04534838;83.63856506;385.9902039;83.63856506;17.41743816;41.12201188;13.2098936;17.3799367;41.72285675;13.12783817;;;;;;;;;;73.60760086;71.43568105;75.8444801;73.4952586;74.34078002;0.0;
20;2058;Cesar;San Diego;20750;2011;16969;3.022668788;;44.88773646;28;167.0;614;0;1;0;0;0;51.16581197;43.95897436;91.45709349;664398.5833;80.82974836;13716.0;41.51122642;43.65806604;210.3396226;73.8988367;23.85155906;7.738718483;42.30855916;0.435493174;32.27596012;10.47204371;57.25199617;25.00599861;637.8037109;187.961792;18.07271444;36.34545241;12.50735381;17.82762692;37.72136954;12.25501771;;;;;;;;;;88.55189879;87.22354391;89.8038896;67.2944207;89.5308178;0.0;
20;2058;Cesar;San Diego;20750;2016;18079;2.754577134;0.016593838;44.69826871;33;167.0;614;0;1;0;0;0;51.21044005;43.78388602;89.00098206;886247.4167;82.66497041;14945.0;49.42857143;44.91005291;237.3650794;104.8362114;27.6769461;9.037492096;68.12177321;0.579878375;26.40017769;8.620582502;64.9792398;25.00599861;637.8037109;187.961792;17.4265673;36.38754932;14.14949584;17.63260748;38.07928532;14.226689;;;;;;;;;;83.73096689;82.12003024;85.3729554;64.7822988;85.60406151;0.0;
20;2058;Cesar;San Diego;20750;2021;20880;2.897110473;0.148467433;45.61302682;38;167.0;614;0;1;0;0;0;52.5973339;43.53575963;83.54833814;917542.5833;76.61877395;15998.0;48.74585724;44.08839798;225.1491699;179.4407674;46.83105799;13.79736554;118.8123439;0.859390648;26.098338;7.689091916;66.21257008;25.00599861;637.8037109;187.961792;16.93394425;37.61932035;15.6261932;17.272203;38.60053825;15.97462514;;;;;;;;;;86.35323484;84.60380355;87.9015298;86.2214398;85.54759369;0.0;
20;2082;Cesar;San Martín;20770;2011;22262;4.464633306;;46.23124607;28;113.0;853;0;1;0;0;0;54.67893703;42.71533451;89.21469741;567972.5833;57.98221184;12908.0;43.14388489;43.8057554;213.0503597;388.2392145;309.3194333;13.63741616;65.28236504;1.743954786;79.67238284;3.512632329;16.81498484;98.81578827;394.0986938;98.81578827;18.37402689;38.03963199;10.1910828;19.12757803;38.18215003;9.664172294;471.0;60325.0;120.0;16677.0;153.0;21072.0;78.43137255;79.1429385;0.125197694;79.34124343;75.57386288;83.1355618;60.294845;78.79700216;0.0;
20;2082;Cesar;San Martín;20770;2016;24965;5.88790974;1.02543561;46.04846785;33;113.0;853;0;1;0;0;0;54.25413874;42.30171763;78.93438579;689633.3333;56.06248748;13996.0;51.93220339;50.86440678;256.1242938;440.9894608;270.9938244;20.95223087;149.0434054;1.766430846;61.45131541;4.751186306;33.79749829;98.81578827;394.0986938;98.81578827;18.6543142;40.2920625;11.19572898;18.9892051;40.09649984;10.80307491;436.0;804225.0;121.0;15643.0;167.0;21518.0;72.45509;72.69727;0.142951321;72.86664767;68.35023037;76.7870218;56.3766205;69.83170888;0.0;
20;2082;Cesar;San Martín;20770;2021;29439;9.642820748;6.406467611;45.49407249;38;113.0;853;0;1;0;0;0;54.01830008;42.18572006;73.61168033;980155.5417;53.98960563;15894.0;51.09999847;48.88095093;237.5523834;1183.828854;970.8141816;24.87164489;188.1430277;4.021294386;82.00629492;2.100949373;15.8927557;98.81578827;394.0986938;98.81578827;18.25460368;41.61329063;12.31651988;18.60770881;41.09058197;12.13756833;461.0;803974.0;130.0;222009.0;176.0;323249.0;73.86364;68.68049;0.154934044;69.2390621;65.42208239;73.2111551;69.1333873;66.87440984;0.0;
20;2020;Cesar;Tamalameque;20787;2011;13413;3.566813291;;59.00991575;96;32.0;512;0;1;0;0;0;66.53875031;42.06223409;105.4175782;837163.8333;96.99545217;13010.0;36.58552632;38.42763158;192.5986842;77.3858315;26.91723774;6.502604993;43.96598877;0.576946481;34.78316019;8.402836626;56.81400318;160.7749329;495.3657837;160.7749329;18.47809837;31.63402601;13.8735237;17.90600833;34.38429506;13.39976205;522.0;62906.0;158.0;18105.0;170.0;19845.0;92.94117647;91.23204837;0.06390019;91.25823959;89.05843151;93.5950035;69.3510862;91.43007927;1.0;HH
20;2020;Cesar;Tamalameque;20787;2016;14513;2.78256276;0.048232619;60.01515882;101;32.0;512;0;1;0;0;0;67.60753697;41.61099017;100.3509593;1209706.917;76.66919314;11127.0;47.46534653;42.92574257;226.3118812;99.84487939;36.58362985;8.397495889;54.86375365;0.687968576;36.64046677;8.410542373;54.94899086;160.7749329;495.3657837;160.7749329;17.55040044;32.68434134;15.67246617;16.53142621;35.86851877;14.97730711;504.0;809723.0;147.0;15298.0;173.0;17768.0;84.9711;86.0986;0.10313089;85.83041587;82.70282507;88.669104;66.4066337;86.11222045;0.0;
20;2020;Cesar;Tamalameque;20787;2021;16841;2.894226392;0.118757793;59.89549314;106;32.0;512;0;1;0;0;0;67.9074132;41.61401314;93.73705494;1634780.708;68.41042693;11521.0;44.97687912;41.56647491;209.2023163;135.3643351;46.01954548;10.16426679;79.18052286;0.803778488;33.99680236;7.508821861;58.49437578;160.7749329;495.3657837;160.7749329;17.08959711;33.87853277;17.2940469;16.04503871;36.73469388;16.8777856;438.0;707351.0;119.0;237576.0;135.0;271115.0;88.14815;87.62923;0.09129385;87.46407558;84.27340735;90.3217607;87.3305852;87.50774413;1.0;HH
23;2321;Córdoba;Montería;23001;2011;452158;13.58940533;;20.96899756;234;17.0;3043;0;1;0;0;0;26.64596482;48.43302341;72.36718966;533923.3333;62.79884465;283950.0;45.68748503;46.94597064;225.0166119;2580.931657;118.4856941;214.4820769;2247.963886;0.570803051;4.590810987;8.310257896;87.09893112;0.0;508.229187;262.5695496;18.80716124;39.84980963;13.43120541;18.39747353;41.67520108;14.03999674;28076.0;367963.0;9579.0;128330.0;12989.0;168619.0;73.74701671;76.10648859;0.001885383;76.11042037;75.56872186;76.5993042;57.8396027;73.59186853;3.0;LH
23;2321;Córdoba;Montería;23001;2016;478806;18.95207384;1.074130232;20.8865386;239;17.0;3043;0;1;0;0;0;27.09316293;48.12545044;70.27930413;685696.25;63.53638008;304216.0;53.90939977;52.47319743;266.2948282;4317.589905;179.0914079;570.4474804;3568.051017;0.901740978;4.147948551;13.21217376;82.63987769;0.0;508.229187;262.5695496;18.1180307;40.18016933;15.0046462;17.4189594;41.71449679;16.43421362;25659.0;4802425.0;7650.0;145988.0;11724.0;202924.0;65.25077;71.94221;0.002693728;71.93871895;71.37464502;72.5178921;55.6586859;70.24969355;3.0;LH
23;2321;Córdoba;Montería;23001;2021;513732;19.03200501;1.510320556;21.90753155;244;17.0;3043;0;1;0;0;0;28.2113347;47.92615168;67.37680942;906982.1667;60.19052736;309218.0;53.14532471;50.36229706;250.4102325;5826.45596;270.5956382;395.7234209;5160.136901;1.134143086;4.644257848;6.791837501;88.56390465;0.0;508.229187;262.5695496;17.5313489;40.95789432;16.08148712;16.67752024;42.18505085;18.23513376;23462.0;5008822.0;5782.0;1695787.0;8906.0;2424847.0;64.92252;69.93378;0.003427697;69.93664378;69.4240649;70.4943449;69.8299043;69.70646694;3.0;LH
23;2374;Córdoba;Ayapel;23068;2011;47570;1.861467311;;45.52449022;88;26.0;1929;0;1;0;0;0;52.37085962;42.78884069;99.30963676;816646.3333;84.96741644;40419.0;38.88259958;40.29769392;197.3731656;195.7167178;63.5337823;25.39142697;106.7915086;0.411428879;32.4621131;12.97356059;54.56432631;95.79417419;441.5676575;225.6048737;18.23715708;33.92835109;14.00485337;18.22247065;35.23670293;12.29737283;127.0;40543.0;32.0;9518.0;40.0;12626.0;80.0;75.38412799;0.656711403;78.45465233;72.77962362;84.5749001;59.621086;85.2359492;3.0;LH
23;2374;Córdoba;Ayapel;23068;2016;47045;2.78102526;0.089276225;42.44234244;93;26.0;1929;0;1;0;0;0;49.27831509;43.26427414;93.14377758;785144.6667;77.89775747;36647.0;46.71612903;41.95483871;221.7483871;289.5378575;113.6236232;24.53374693;151.3804874;0.615448735;39.24309731;8.473415924;52.28348677;95.79417419;441.5676575;225.6048737;18.52130955;34.05342041;15.41070083;18.01459476;35.53694028;14.49976251;136.0;589271.0;52.0;17354.0;58.0;19950.0;89.65517;86.98746;0.173263543;86.28480147;80.81805666;90.821448;66.7581899;86.51482066;1.0;HH
23;2374;Córdoba;Ayapel;23068;2021;48022;3.720169922;0.072883262;41.53304735;98;26.0;1929;0;1;0;0;0;48.5425665;43.26040265;89.99082039;921171.9167;77.40827121;37173.0;46.33771133;43.59474564;215.6735535;592.7943742;359.3195863;19.13486724;214.3399206;1.234422503;60.61454056;3.227909723;36.15754972;95.79417419;441.5676575;225.6048737;17.94062167;34.07692939;17.60846387;17.13910983;35.83516669;16.99526147;133.0;540426.0;34.0;278504.0;56.0;434891.0;60.71429;64.03996;0.463996828;68.37227134;61.33100243;74.9369672;68.2679194;70.84429045;3.0;LH
23;2374;Córdoba;Buenavista;23079;2011;19638;3.217825984;;63.74885426;42;56.0;847;0;1;0;0;0;70.53634631;40.29403757;93.89927093;561675.1667;79.62114268;15636.0;41.29004329;41.06926407;204.5411255;92.30289264;31.05859035;10.71035253;50.53394975;0.470021859;33.64855582;11.60348525;54.74795893;80.88072205;438.6617126;211.5005341;17.74706701;35.58361503;13.83972957;18.46555324;37.30688935;12.4217119;;;;;;;;;;89.42592651;87.89455153;90.827827;67.9586322;89.86194848;0.0;
23;2374;Córdoba;Buenavista;23079;2016;20617;3.21619699;0.155211718;63.33608187;47;56.0;847;0;1;0;0;0;69.94507986;40.2579735;87.93319743;759661.8333;75.6317602;15593.0;48.42;44.996;234.724;122.8093568;36.42441844;11.82082661;74.56411175;0.595670354;29.65931863;9.625346891;60.71533448;80.88072205;438.6617126;211.5005341;18.43410261;35.21838642;16.27884799;17.89556806;37.35070575;15.04293752;;;;;;;;;;83.58842599;81.88137278;85.2982004;64.6720155;84.02092763;0.0;
23;2374;Córdoba;Buenavista;23079;2021;22138;3.674677026;0.117445117;63.54684253;52;56.0;847;0;1;0;0;0;70.299665;40.03946583;85.07030004;983027.4167;70.9684705;15711.0;46.0320282;42.37366486;213.0605011;290.8956098;175.1093668;13.55490286;102.2313402;1.314010343;60.19663441;4.659713795;35.1436518;80.88072205;438.6617126;211.5005341;17.77087034;35.43516874;18.40142096;16.91487406;37.73671631;17.45725317;;;;;;;;;;86.44034475;84.84827669;88.0230655;86.3084168;84.73670077;0.0;
23;2327;Córdoba;Canalete;23090;2011;14705;1.820809249;;73.88643319;33;50.0;394;0;1;0;0;0;79.36858609;38.35518814;95.31584281;1068074.25;117.4362462;17269.0;42.14634146;40.83739837;208.398374;79.59007382;30.39073737;8.818763989;40.38057246;0.541244977;38.18407988;11.08023095;50.73568917;31.44917107;528.9766235;277.1424561;18.38840277;35.47081102;13.60846284;18.1753689;36.74801362;11.3507378;;;;;;;;;;97.10460649;96.30491422;97.8094798;73.7939934;93.30378928;0.0;
23;2327;Córdoba;Canalete;23090;2016;15071;2.658527415;0.019905779;74.85236547;38;50.0;394;0;1;0;0;0;80.30765151;38.29067763;86.25506505;1132413.625;112.1425254;16901.0;49.14213198;45.0;235.7563452;115.6176168;41.79737076;11.07572592;62.74452008;0.767152921;36.15138586;9.579617909;54.26899623;31.44917107;528.9766235;277.1424561;17.81818182;36.33766234;16.5974026;17.41961742;37.57970425;14.28571429;;;;;;;;;;94.35257467;93.20966466;95.3885987;73.0001923;89.03644328;0.0;
23;2327;Córdoba;Canalete;23090;2021;16078;3.21194593;0.037318074;74.99689016;43;50.0;394;0;1;0;0;0;80.61968408;38.23207776;83.18303439;1345013.0;99.72011444;16033.0;47.36428452;43.17142868;219.6571503;186.1305581;92.8973315;8.741391081;84.49183552;1.157672335;49.90976896;4.696376119;45.39385493;31.44917107;528.9766235;277.1424561;17.15578381;36.51259477;18.68427488;16.51898734;38.03797468;16.58227848;;;;;;;;;;94.06626764;92.86282327;95.2656563;93.9227007;88.90868301;0.0;
23;2377;Córdoba;Cereté;23162;2011;97549;5.002272362;;43.65805903;88;12.0;266;0;1;0;0;0;52.46755758;44.099132;70.98101461;533883.3333;65.26463623;63665.0;42.70659349;44.55401211;214.1211204;357.4663924;28.52771302;63.26790912;265.6707703;0.366448034;7.980530092;17.69898107;74.32048884;30.20601845;530.7756348;258.371521;17.68684549;40.64350281;15.28898628;17.48253144;41.91854662;15.87342783;404.0;73646.0;144.0;26212.0;163.0;29333.0;88.34355828;89.36010636;0.069313589;89.08517389;85.93792494;92.0772632;67.6996795;86.46437111;0.0;
23;2377;Córdoba;Cereté;23162;2016;103241;4.560768816;0.206313383;43.92053545;93;12.0;266;0;1;0;0;0;53.14088453;43.63117871;69.59938411;685696.25;65.42265185;67543.0;51.59714045;48.568545;250.9840202;753.9951552;36.85244445;98.53659355;618.6061172;0.730325312;4.887623507;13.0685977;82.04377879;30.20601845;530.7756348;258.371521;17.27516113;40.58899355;17.03520079;16.68244471;41.49310815;18.24636474;287.0;904831.0;93.0;31940.0;122.0;41976.0;76.22951;76.0911;0.224578357;76.26431296;71.82463067;81.026265;59.0053799;77.00658121;0.0;
23;2377;Córdoba;Cereté;23162;2021;111029;6.065232207;0.551207342;44.67841735;98;12.0;266;0;1;0;0;0;54.0580925;43.34250519;68.15326125;907235.5;61.50915527;68293.0;50.70428848;47.16930008;237.0346069;962.534413;64.0697958;73.85644136;824.6081759;0.866921627;6.65636417;7.673122162;85.67051367;30.20601845;530.7756348;258.371521;16.60618564;40.37246486;19.35822573;15.76609919;41.27101618;21.06376229;360.0;1021752.0;103.0;128941.0;122.0;154818.0;84.42623;83.28554;0.169343397;83.11289914;79.10609781;86.7322031;82.9860496;81.78993001;0.0;
23;2314;Córdoba;Chimá;23168;2011;16028;1.054924715;;77.31469928;84;4.0;335;0;1;0;0;0;82.31750532;37.4497992;76.42567176;1247436.5;90.72872473;14542.0;41.07096774;40.94193548;208.3290323;62.82490182;18.80481738;10.79358277;33.22650167;0.391969689;29.93210786;17.18042124;52.8874709;32.93727875;546.1615601;227.7193909;17.09205274;39.53066409;18.14442966;16.85349826;39.49233346;17.33024095;212.0;39299.0;82.0;15497.0;92.0;16639.0;89.13043478;93.13660677;0.061452045;93.13492211;89.2920362;95.8870379;70.7772585;90.29930558;1.0;HH
23;2314;Córdoba;Chimá;23168;2016;17041;1.293938149;;77.86514876;89;4.0;335;0;1;0;0;0;83.00742105;37.57109582;74.19879029;1320643.0;72.35490875;12330.0;48.71111111;44.73333333;236.3277778;72.01522255;16.47167466;7.266812155;48.27673573;0.422599745;22.87249012;10.09066125;67.03684863;32.93727875;546.1615601;227.7193909;16.45164973;38.88571755;20.59595844;16.50567496;39.20550592;20.00724463;174.0;546802.0;71.0;20748.0;76.0;21788.0;93.42105;95.22673;0.027432357;93.84037339;89.93737855;96.777328;72.6039043;83.50369134;0.0;
23;2314;Córdoba;Chimá;23168;2021;18479;1.945902556;0.324692895;79.32247416;94;4.0;335;0;1;0;0;0;84.29977585;37.28681415;72.4132204;1064329.167;64.30001623;11882.0;47.32973099;43.9783783;220.9621582;119.572052;42.31532523;6.396791715;70.85993506;0.647069928;35.38897637;5.349738177;59.26128545;32.93727875;546.1615601;227.7193909;15.76614605;38.62389194;23.0688054;15.58369432;39.05364878;22.85904698;179.0;633034.0;51.0;193134.0;59.0;217325.0;86.44068;88.86874;0.199183845;88.56002966;84.0151777;92.3742335;88.4248666;85.52867218;1.0;HH
23;2373;Córdoba;Chinú;23182;2011;45000;2.266851852;;56.07111111;477;122.0;624;0;1;0;0;0;64.28009795;40.74989329;74.68294013;808123.4167;85.09111111;38291.0;40.35813149;40.94290657;203.8823529;192.7558697;50.29047815;36.61831777;105.8470738;0.428346377;26.09024474;18.99725172;54.91250354;34.27658081;528.5213623;229.6716766;17.44563311;39.71851982;17.29656261;17.41167988;40.05948089;16.72224225;209.0;45854.0;103.0;24268.0;112.0;25528.0;91.96428571;95.06424318;0.029271937;94.64345813;91.62446765;97.2278183;71.9236603;91.30487825;1.0;HH
23;2373;Córdoba;Chinú;23182;2016;46948;2.479516344;0.025560194;57.58924768;482;122.0;624;0;1;0;0;0;65.67173638;40.33586819;71.23906658;775120.0417;79.41765357;37285.0;51.25877193;50.04824561;253.2434211;228.0357169;51.72030161;23.26608941;153.0493259;0.485719769;22.68078979;10.20282688;67.11638333;34.27658081;528.5213623;229.6716766;16.45054346;40.24507952;19.27063662;16.50590423;40.10121545;19.34339721;187.0;528902.0;76.0;19937.0;87.0;21868.0;87.35632;91.16975;0.091069005;90.38842864;86.38153346;93.8013004;69.9331491;89.92289785;1.0;HH
23;2373;Córdoba;Chinú;23182;2021;50221;3.35218335;0.34447741;59.21029052;487;122.0;624;0;1;0;0;0;67.28618802;39.91863962;69.7180553;947582.9167;75.78503017;38060.0;50.2297554;47.88512421;235.6045227;332.0612173;93.97604461;18.61504778;219.4701249;0.661199931;28.30081916;5.605908432;66.09327241;34.27658081;528.5213623;229.6716766;15.66892447;40.06107827;21.76109001;15.49432739;39.93111831;22.2528363;145.0;554458.0;57.0;322729.0;59.0;332372.0;96.61017;97.09873;0.025626161;96.08572398;92.34931513;98.2970137;95.9390749;93.38793021;1.0;HH
23;2377;Córdoba;Ciénaga de Oro;23189;2011;55858;2.64271307;;60.62157614;88;13.0;644;0;1;0;0;0;67.53830962;40.78374721;79.97476518;632542.1667;86.39407068;48258.0;41.04525547;43.03941606;207.2467153;347.7437225;142.1555347;66.7730738;138.815114;0.622549541;40.87939637;19.20180566;39.91879797;41.21528244;515.4228516;255.8911285;17.77927944;38.43937831;16.01166554;17.53000973;39.21632241;15.64831837;415.0;62188.0;156.0;21553.0;168.0;23251.0;92.85714286;92.6970883;0.052762043;92.59337526;90.07754852;94.8514304;70.3657136;91.69245786;1.0;HH
23;2377;Córdoba;Ciénaga de Oro;23189;2016;58047;3.151038526;0.08958258;61.62075559;93;13.0;644;0;1;0;0;0;68.81225398;40.44326545;75.56133553;744537.8333;82.37118197;47814.0;50.58059701;50.38358209;252.9880597;556.7490584;100.2062314;243.2808957;213.2619313;0.95913494;17.99845547;43.69668741;38.30485712;41.21528244;515.4228516;255.8911285;17.43348021;38.64125423;18.00389384;17.22280153;39.46819604;17.98401112;239.0;669338.0;70.0;16201.0;87.0;20814.0;80.45977;77.83704;0.356675009;78.59786661;74.20481039;82.9756459;60.8108406;79.99038523;3.0;LH
23;2377;Córdoba;Ciénaga de Oro;23189;2021;61898;3.460666473;0.231025235;63.37038353;98;13.0;644;0;1;0;0;0;70.56807512;40.02973396;73.94793064;905965.75;79.30466251;49088.0;48.36614227;46.33858109;228.510498;1012.628292;141.5935821;587.3754574;283.6592526;1.635962862;13.98277959;58.00504114;28.01217928;41.21528244;515.4228516;255.8911285;16.6928226;38.45562566;20.44646575;16.2803586;39.33170334;20.76283619;263.0;498363.0;72.0;217245.0;80.0;247391.0;90.0;87.81443;0.281487405;87.42143389;83.49188723;91.4735511;87.2880085;85.31268981;1.0;HH
23;2314;Córdoba;Cotorra;23300;2011;19298;0.959512212;;72.15255467;14;10.0;79;0;1;0;0;0;78.51358736;39.12265885;76.75477122;1103663.0;76.56233807;14775.0;39.9005848;40.73684211;203.6491228;56.46627866;14.81295848;4.975698452;36.67762174;0.292601713;26.23328263;8.811805152;64.95491221;48.72579193;545.6395874;239.4142456;16.95719443;39.24703455;16.31768953;17.55701343;40.39362699;16.1928564;266.0;40800.0;105.0;16247.0;115.0;17607.0;91.30434783;92.2757994;0.068195001;92.14111823;88.72005183;95.1094813;70.0220239;91.54030657;0.0;
23;2314;Córdoba;Cotorra;23300;2016;19070;1.611606363;0.005243838;69.78500262;19;10.0;79;0;1;0;0;0;76.4017769;39.50148075;72.29413166;1277395.542;79.02464604;15070.0;48.89090909;45.17575758;234.5151515;75.47267401;13.07285435;7.116946921;55.28287274;0.395766513;17.32130803;9.429832737;73.24885923;48.72579193;545.6395874;239.4142456;17.04972837;38.94692854;18.24070205;17.43524953;41.21920404;18.49863129;244.0;534421.0;89.0;17975.0;99.0;19742.0;89.89899;91.04954;0.070833106;90.37421381;86.71583747;93.4377959;69.9221512;90.27731841;1.0;HH
23;2314;Córdoba;Cotorra;23300;2021;19905;2.352842669;0.110524994;68.83195177;24;10.0;79;0;1;0;0;0;75.71987699;39.53965148;70.62395628;1276522.083;75.33785481;14996.0;47.60563278;44.13145447;222.8122101;128.2006647;34.06251647;5.856312222;88.28183605;0.644062621;26.56968787;4.568082571;68.86222956;48.72579193;545.6395874;239.4142456;16.4039755;38.80132517;20.53006726;16.58286404;40.99959775;21.19871279;201.0;558946.0;65.0;448231.0;72.0;480900.0;90.27778;93.2067;0.083614181;92.68480658;88.93971052;95.4742906;92.5433481;91.91899843;1.0;HH
23;2374;Córdoba;La Apartada;23350;2011;15607;1.136776233;;26.47529955;14;40.0;268;0;1;0;0;0;32.83300589;46.09823183;91.81732678;1036105.75;72.66611136;11341.0;42.76515152;43.16666667;208.7651515;48.28025242;6.421311909;6.10312704;35.75581347;0.309349987;13.3000794;12.64104211;74.05887848;92.74530792;424.7025757;198.8887482;17.95233214;35.4177345;13.48026653;18.80046136;37.3830578;11.68781238;;;;;;;;;;86.93485619;85.37181491;88.5273384;66.06556;88.82418588;0.0;
23;2374;Córdoba;La Apartada;23350;2016;15093;1.994301994;0.165639701;24.5014245;19;40.0;268;0;1;0;0;0;30.37704529;46.25721287;82.66805628;872379.1667;73.65666203;11117.0;48.72131148;44.03278689;230.9344262;80.51760226;17.82506638;7.74721932;54.94531656;0.533476461;22.13809885;9.621771021;68.24013013;92.74530792;424.7025757;198.8887482;18.49351337;36.19274557;15.03839026;18.50378034;38.8645709;13.60923199;;;;;;;;;;80.80083939;78.98926211;82.697902;62.5152714;84.60665909;0.0;
23;2374;Córdoba;La Apartada;23350;2021;15369;3.035873078;0.175678313;24.19155443;24;40.0;268;0;1;0;0;0;30.22936828;46.07178237;80.17898912;914235.0833;69.73127725;10717.0;50.31745911;48.57143021;233.777771;105.0197385;13.71496225;5.091097386;86.2136789;0.683321872;13.05941382;4.847752868;82.09283331;92.74530792;424.7025757;198.8887482;17.96034729;35.89477776;17.53271997;17.69472033;38.93099843;16.19184527;;;;;;;;;;83.97527075;82.28835699;85.6848906;83.8471051;84.3887931;0.0;
23;2314;Córdoba;Lorica;23417;2011;117922;3.456592776;;57.75597429;272;6.0;890;0;1;0;0;0;66.00345267;41.67088078;80.34810337;534016.6667;81.22318143;95780.0;40.40834964;41.1245923;203.816047;656.688567;119.5813228;66.67662053;470.4306236;0.556883844;18.20974642;10.15346146;71.63679212;55.89778519;561.5161743;235.4325867;17.81490167;38.16647553;15.44254831;17.68601153;39.54184104;15.3027782;796.0;131581.0;329.0;51821.0;363.0;57248.0;90.63360882;90.52019285;0.030042749;90.50260076;88.64254301;92.4523987;68.7768435;89.90981711;1.0;HH
23;2314;Córdoba;Lorica;23417;2016;114867;4.21530988;0.112303795;54.46821106;277;6.0;890;0;1;0;0;0;63.36274414;42.01350478;76.08397624;685696.25;79.2473034;91029.0;49.04507937;45.98349206;238.4374603;907.091042;110.1388229;87.52246491;709.4297542;0.789688111;12.1419811;9.648696862;78.20932204;55.89778519;561.5161743;235.4325867;17.23912274;38.60452777;17.37884683;16.7469611;39.9146193;17.8373652;753.0;1630732.0;262.0;40340.0;304.0;47020.0;86.18421;85.79328;0.065566838;85.68434638;83.36527094;88.3724819;66.2936203;84.66401845;1.0;HH
23;2314;Córdoba;Lorica;23417;2021;115769;4.97780062;0.194352547;53.12734843;282;6.0;890;0;1;0;0;0;62.26589735;42.20551725;73.94160584;905965.75;80.74700481;93480.0;48.33400726;45.39650726;225.3763428;1282.694165;157.6366056;60.5629148;1064.494644;1.107977235;12.28949269;4.721539745;82.98896757;55.89778519;561.5161743;235.4325867;16.61028894;38.51832276;19.58069063;15.88740701;39.86341067;20.54432375;679.0;1890127.0;235.0;606504.0;266.0;702210.0;88.34586;86.37074;0.063428876;86.41469855;83.91346107;88.987213;86.2828097;85.49249725;1.0;HH
23;2327;Córdoba;Los Córdobas;23419;2011;16824;1.300721192;;79.8977651;48;7.0;430;0;1;0;0;0;85.46193143;37.71157752;99.71949509;1068924.25;97.28364242;16367.0;42.00746269;41.58955224;205.1567164;76.93648905;27.08142836;6.388529122;43.46653156;0.457302003;35.19971953;8.303640056;56.49664041;43.8123436;544.5581055;286.0174866;17.63285024;34.5410628;13.96365309;18.16728167;36.00246002;11.24231242;299.0;65033.0;109.0;24252.0;119.0;26393.0;91.59663866;91.88800061;0.072612229;92.16261067;88.9309694;94.9416915;70.0383569;92.0539405;0.0;
23;2327;Córdoba;Los Córdobas;23419;2016;18085;2.15694406;0.011058889;80.01658833;53;7.0;430;0;1;0;0;0;84.89092378;37.75383787;86.58775365;1028460.667;87.82969312;15884.0;47.75316456;46.13291139;235.0379747;110.54931;35.16065512;10.40032523;64.98832964;0.611276251;31.80540441;9.40786083;58.78673476;43.8123436;544.5581055;286.0174866;18.05585625;35.25654904;17.40636501;17.5539731;37.47032893;14.9090087;266.0;802495.0;93.0;22296.0;97.0;23439.0;95.87629;95.12351;0.030342749;94.46406522;91.55293668;96.6441414;73.0864521;91.84250592;0.0;
23;2327;Córdoba;Los Córdobas;23419;2021;19777;1.977044041;0.030338272;80.36102543;58;7.0;430;0;1;0;0;0;85.33019095;37.57395027;83.04620834;1925236.875;73.53491429;14543.0;46.75280762;43.41572952;218.0112305;148.8799576;50.8814763;6.750443073;91.24803818;0.752793435;34.17617598;4.534151664;61.28967235;43.8123436;544.5581055;286.0174866;17.48411438;35.57386815;19.34074662;16.71303452;37.91859866;17.14580113;248.0;781775.0;87.0;301533.0;94.0;331798.0;92.55319;90.87849;0.101499434;90.67477056;87.40039631;93.5701351;90.5363799;90.45657741;0.0;
23;2314;Córdoba;Momil;23464;2011;18132;1.749669093;;38.21972204;48;7.0;152;0;1;0;0;0;46.32303662;43.96514958;82.89600702;842501.5833;78.87712332;14302.0;39.34567901;40.70781893;199.7695473;48.13815594;5.588974798;5.553749012;36.99543213;0.265487293;11.61028022;11.53710379;76.85261599;24.92684555;561.1923218;213.5596619;16.99823165;37.82051282;17.16401415;17.25011008;37.90180537;16.93086746;;;;;;;;;;89.67157719;88.14520508;91.0559974;68.1453128;88.63327954;1.0;HH
23;2314;Córdoba;Momil;23464;2016;19180;2.180222454;0.015641293;39.28050052;53;7.0;152;0;1;0;0;0;47.41162674;43.83760541;74.99599295;773182.375;70.52137643;13526.0;47.4;44.47727273;231.55;74.07781053;12.33199547;7.085261381;54.66055367;0.386224247;16.64735416;9.564620404;73.78802544;24.92684555;561.1923218;213.5596619;17.79359431;38.30856186;18.00293071;18.38769998;38.93621442;17.23457303;;;;;;;;;;81.53160873;79.43617604;83.1806853;63.0806646;85.39311063;1.0;HH
23;2314;Córdoba;Momil;23464;2021;20531;2.478366048;0.126637767;41.3521017;58;7.0;152;0;1;0;0;0;49.71013019;43.39910496;73.65506921;911173.5417;68.90068677;14146.0;47.54732513;45.76954651;224.4032898;112.2985539;21.52403732;5.351375887;85.4231407;0.546970698;19.1667983;4.765311485;76.06789022;24.92684555;561.1923218;213.5596619;17.05934109;37.95092384;20.59829895;17.44321491;38.82741215;19.89904873;;;;;;;;;;84.87729725;82.9129546;86.6223214;84.7477548;84.9623294;1.0;HH
23;2374;Córdoba;Montelíbano;23466;2011;71803;9.987976361;;22.92383327;57;39.0;1282;0;1;0;0;0;27.57002141;47.40899358;84.01406903;809296.1667;85.93094996;61701.0;45.3144385;45.42245989;221.4780749;1434.057965;130.8115302;1011.757718;291.4887167;1.997211767;9.121774246;70.55207969;20.32614606;83.45599365;424.8094482;182.6160278;19.28978395;37.7418627;11.52761325;19.33203114;39.10974167;10.41569232;217.0;73096.0;69.0;25404.0;94.0;32007.0;73.40425532;79.37013778;0.163049705;79.04045426;73.5577317;84.0411045;60.0662623;74.16195841;0.0;
23;2374;Córdoba;Montelíbano;23466;2016;78682;9.129258704;0.260542437;24.12241682;62;39.0;1282;0;1;0;0;0;28.05953009;48.01514634;84.3363578;860365.8333;73.25690755;57640.0;52.72168285;50.38187702;258.2793959;1605.615879;136.0506456;1055.195473;414.369761;2.040639383;8.473424268;65.71904815;25.80752759;83.45599365;424.8094482;182.6160278;18.28703104;36.98573389;12.76441499;18.35292943;39.39189695;12.33929953;305.0;922241.0;100.0;29846.0;131.0;38907.0;76.33588;76.71113;0.13899788;75.96555448;71.72919954;79.9693227;58.7742317;75.00741862;0.0;
23;2374;Córdoba;Montelíbano;23466;2021;84552;8.393355568;0.357176649;25.97809632;67;39.0;1282;0;1;0;0;0;31.04262753;47.57092942;80.48092869;989079.75;68.95401646;58302.0;51.50721741;48.59587479;240.368042;2299.401956;240.0008279;1464.644595;594.7565329;2.7195122;10.43753256;63.69676216;25.86570528;83.45599365;424.8094482;182.6160278;17.86948223;37.23211481;14.52318249;17.59145564;39.96941825;14.44524245;221.0;912053.0;57.0;210156.0;90.0;319138.0;63.33333;65.85114;0.309861777;66.62255642;60.69008223;72.0911508;66.520875;68.18074103;3.0;LH
23;2327;Córdoba;Moñitos;23500;2011;26693;1.996153798;;78.36136815;33;3.0;206;0;1;0;0;0;83.1734827;38.4562265;93.17094122;1068074.25;86.83549994;23179.0;38.28783383;38.83382789;194.5400593;122.8232128;43.40761818;14.1399744;65.27562025;0.460132667;35.34154268;11.51246094;53.14599638;64.13510895;572.1496582;244.7032776;18.69622284;35.75907831;12.65130524;18.98451344;36.80560906;11.3645119;131.0;44700.0;39.0;13741.0;43.0;14709.0;90.69767442;93.41899517;0.112563348;93.16237282;88.84625196;96.3751326;70.7981194;91.78903671;1.0;HH
23;2327;Córdoba;Moñitos;23500;2016;28837;1.687646658;0.090161945;78.73911988;38;3.0;206;0;1;0;0;0;83.83494485;38.60138908;87.32558786;1301821.583;77.68838645;22403.0;48.236;44.7;234.108;153.8550724;42.06212211;14.83541675;96.9575335;0.533533559;27.33879453;9.642461912;63.01874356;64.13510895;572.1496582;244.7032776;18.30065359;35.49155773;15.09395425;18.45360096;37.68464202;14.4815888;97.0;576031.0;35.0;19417.0;42.0;22449.0;83.33334;86.49383;0.250179786;86.05949548;79.49695997;91.7195154;66.5838716;87.28911529;1.0;HH
23;2327;Córdoba;Moñitos;23500;2021;31496;2.73659089;0.311150622;79.28943358;43;3.0;206;0;1;0;0;0;84.3751904;38.5030159;84.01874811;1172480.792;73.66649733;23202.0;45.63934326;43.95628357;214.6229553;219.2578112;71.34296151;10.64556899;137.2692807;0.696144943;32.5383899;4.855274678;62.60633542;64.13510895;572.1496582;244.7032776;17.62790406;35.73173023;17.1206713;17.60159722;38.14001417;16.68062085;154.0;577743.0;52.0;513525.0;56.0;554264.0;92.85714;92.64989;0.091621757;92.01082127;88.33689305;95.46831;91.8703915;91.2836778;1.0;HH
23;2374;Córdoba;Planeta Rica;23555;2011;62288;6.434893827;;36.05028256;57;87.0;1188;0;1;0;0;0;42.83035698;45.66471884;82.38973009;533883.3333;82.75751349;51548.0;43.09334889;44.23920653;214.8553092;319.786922;43.70082155;70.98627092;205.0998295;0.51340053;13.66560624;22.19799061;64.13640315;51.72475052;460.1395569;222.7215729;18.49028205;37.15398207;14.53766115;18.21219189;39.0058627;14.35100548;257.0;64198.0;89.0;22653.0;101.0;25869.0;88.11881188;87.56813174;0.116597384;87.43788855;83.49173119;90.9498531;66.4478361;86.21701903;0.0;
23;2374;Córdoba;Planeta Rica;23555;2016;63538;6.130320963;0.225062168;35.86042998;62;87.0;1188;0;1;0;0;0;42.81262037;45.53349441;79.60529554;685696.25;84.45969341;53664.0;48.86142709;46.45604964;238.5615305;467.8591487;49.66114644;131.6232201;286.5747821;0.736345413;10.61455068;28.13308674;61.25236258;51.72475052;460.1395569;222.7215729;17.80277537;37.03169567;16.78684742;17.38054739;38.96706355;17.18571208;228.0;788131.0;71.0;24272.0;98.0;32570.0;72.44898;74.52257;0.209472328;75.54122084;69.93877441;80.5374437;58.4459265;76.09443338;0.0;
23;2374;Córdoba;Planeta Rica;23555;2021;66933;7.539753684;0.542333378;36.47826931;67;87.0;1188;0;1;0;0;0;43.66087126;45.28390962;77.72243815;905965.75;80.3908386;53808.0;48.80516815;46.16600418;230.2793274;622.2083844;100.5678502;138.2665965;383.3739377;0.929598829;16.16304966;22.2219115;61.61503883;51.72475052;460.1395569;222.7215729;17.14693902;36.78035139;19.19873549;16.45952696;38.84824445;19.92360805;233.0;855821.0;76.0;437646.0;91.0;530607.0;83.51649;82.48026;0.182977214;82.57425576;77.46747168;86.83003;82.4482283;81.75690534;0.0;
23;2374;Córdoba;Pueblo Nuevo;23570;2011;32155;2.134971233;;70.17260146;54;120.0;819;0;1;0;0;0;76.24210155;39.14103345;89.78342273;889206.1667;87.15907324;28026.0;42.49642857;42.41785714;207.2464286;138.0178311;45.41550296;10.53448225;82.0678459;0.429226656;32.905533;7.63269656;59.46177044;59.95428085;470.6844482;242.2482147;18.29689298;35.79431894;15.41396645;18.30094605;36.84479673;13.79442598;;;;;;;;;;92.58425721;91.33633025;93.7195615;70.3587844;92.99265641;0.0;
23;2374;Córdoba;Pueblo Nuevo;23570;2016;34608;2.512424873;0.187817846;71.07027277;59;120.0;819;0;1;0;0;0;76.76712643;39.27393686;82.42266154;866344.5;77.84616274;26941.0;49.87359551;48.09269663;246.4241573;196.0122257;44.886518;18.10766674;133.0180409;0.566378368;22.89985629;9.238029247;67.86211446;59.95428085;470.6844482;242.2482147;18.22629274;36.69150691;17.03168553;17.60526161;37.90005285;16.38968818;;;;;;;;;;85.25904475;83.66861935;86.9211714;65.9645663;87.94105687;0.0;
23;2374;Córdoba;Pueblo Nuevo;23570;2021;37587;3.069988737;1.926197888;72.01159976;64;120.0;819;0;1;0;0;0;77.68778374;39.10441601;79.96314291;1299001.667;70.14925373;26367.0;48.74390411;45.90731812;228.5926819;279.7326154;83.66105694;11.96129818;184.1102603;0.744227034;29.90750893;4.275975529;65.81651554;59.95428085;470.6844482;242.2482147;17.64273334;36.54603708;19.29197962;16.75652361;37.95557473;18.96700453;;;;;;;;;;86.73109124;85.06331149;88.3658236;86.5987195;85.31202623;1.0;HH
23;2327;Córdoba;Puerto Escondido;23574;2011;21192;1.748694476;;81.96489241;50;9.0;417;0;1;0;0;0;86.11615245;37.62537014;96.13575796;1068074.25;131.1343903;27790.0;38.70776256;38.02283105;196.3926941;89.83661475;24.46206831;8.777931716;56.59661472;0.423917586;27.22950813;9.770995646;62.99949623;47.09405518;554.4901123;266.8047485;18.21961139;34.68594668;14.405784;18.30749482;36.23975511;13.02458774;;;;;;;;;;98.41914888;97.84039572;99.0043627;74.7929711;93.01043039;0.0;
23;2327;Córdoba;Puerto Escondido;23574;2016;22874;1.958191251;0.087435516;82.26370552;55;9.0;417;0;1;0;0;0;86.43888395;37.32588171;86.8252516;1298062.833;89.03121448;20365.0;47.21658986;43.8202765;226.9308756;146.2268239;39.98209674;13.86402821;92.38069898;0.639270892;27.34251874;9.481179883;63.17630137;47.09405518;554.4901123;266.8047485;17.87190954;35.39785672;17.57657582;17.55420484;37.25845958;15.84868003;;;;;;;;;;89.38369373;87.82770295;90.949526;69.1557899;89.15034168;0.0;
23;2327;Córdoba;Puerto Escondido;23574;2021;25002;2.10116524;0.07599392;82.85337173;60;9.0;417;0;1;0;0;0;87.08628059;37.21677951;83.88910183;2017042.25;77.49780018;19376.0;45.77697754;43.95323563;215.3813019;179.6267352;52.80195372;8.339597626;118.4851839;0.718449465;29.39537573;4.642737406;65.96188687;47.09405518;554.4901123;266.8047485;17.283376;35.32697231;19.78124273;16.71207993;37.45355462;18.26438775;;;;;;;;;;89.76890272;88.21121737;91.130863;89.6318946;89.8529904;0.0;
23;2374;Córdoba;Puerto Libertador;23580;2011;36450;1.704389575;;67.66803841;31;90.0;2062;0;1;0;0;0;73.78885719;38.99384292;94.82237169;886590.5;91.2866941;33274.0;43.6080402;44.06030151;212.1155779;243.0707907;123.7462906;15.78038996;103.5441101;0.66686088;50.90956846;6.492096361;42.59833518;91.04911041;411.2623291;166.7779999;19.39259728;35.99599283;11.22535063;20.03546099;35.71837108;8.933882407;;;;;;;;;;92.45949592;91.10331986;93.7083679;70.2639729;91.80693865;0.0;
23;2374;Córdoba;Puerto Libertador;23580;2016;40285;4.311571718;0.163832692;68.20404617;36;90.0;2062;0;1;0;0;0;73.01934126;39.69949556;95.16631165;819402.7917;86.78168053;34960.0;51.16961131;46.51943463;245.8409894;341.9760106;140.5123072;23.38936046;178.074343;0.848891673;41.08835205;6.839474037;52.07217391;91.04911041;411.2623291;166.7779999;18.13588683;35.36714464;13.01125974;18.5663744;36.64051684;10.89063221;;;;;;;;;;86.65810889;85.14294255;88.1940717;67.0470163;85.03110132;0.0;
23;2374;Córdoba;Puerto Libertador;23580;2021;44226;4.288578363;0.404739294;69.24659702;41;90.0;2062;0;1;0;0;0;74.13069041;39.45909625;91.6599011;1141219.25;79.72233528;35258.0;47.3242569;44.47277069;219.6930695;451.3033754;190.0226089;14.55210032;246.7286662;1.020448097;42.10529308;3.224460777;54.67024614;91.04911041;411.2623291;166.7779999;17.55463881;35.53058896;14.91705433;17.84048507;37.17350746;12.71455224;;;;;;;;;;88.93714787;87.19229964;90.3722616;88.8014092;84.67521352;0.0;
23;2314;Córdoba;Purísima de La Concepción;23586;2011;15899;1.37692098;;55.72048557;80;6.0;122;0;1;0;0;0;62.37905898;41.9019218;85.57013118;1109087.25;88.08730109;14005.0;39.12987013;38.83116883;194.8917749;41.17445335;3.970396985;4.381254219;32.82280215;0.258975114;9.642865082;10.64071011;79.71642481;31.07771492;567.1981201;212.931839;17.70233024;37.17113505;15.7980456;17.67083491;38.04471391;16.21826449;;;;;;;;;;91.60046396;90.35840253;92.7749399;69.6111573;91.11693027;0.0;
23;2314;Córdoba;Purísima de La Concepción;23586;2016;16797;1.885753408;0.023813776;57.69482646;85;6.0;122;0;1;0;0;0;64.79251971;41.15382265;81.93202147;1224417.0;78.52592725;13190.0;48.61827957;45.14516129;235.5376344;62.89815895;7.982549101;5.982245818;48.93336403;0.374460671;12.69122854;9.511003053;77.79776841;31.07771492;567.1981201;212.931839;17.42406405;37.62655992;16.94137038;17.27086595;38.93773335;17.65626882;;;;;;;;;;84.5496653;82.96166201;86.1325429;65.4157223;87.8324791;0.0;
23;2314;Córdoba;Purísima de La Concepción;23586;2021;18057;2.462572225;0.038766129;59.52262281;90;6.0;122;0;1;0;0;0;66.62596437;40.72265083;80.32342657;1442550.917;75.50534419;13634.0;45.86721802;43.17427444;213.5684662;105.8019232;14.48994719;4.946478256;86.36549771;0.585933007;13.69535331;4.675225279;81.62942141;31.07771492;567.1981201;212.931839;16.75054705;37.62582057;19.0809628;16.39564876;38.86957497;20.20859033;;;;;;;;;;87.78838947;86.18268463;89.382079;87.6544041;88.92519307;0.0;
23;2373;Córdoba;Sahagún;23660;2011;99729;3.911015519;;48.68894705;177;83.0;993;0;1;0;0;0;56.54122622;43.06871036;77.70465789;533883.3333;63.4750173;63303.0;44.16742424;45.14090909;216.375;514.1723067;62.75296944;77.31083405;374.1085032;0.5155695;12.20465759;15.03597783;72.75936458;54.31604004;509.3734436;249.3247681;17.638133;38.46682987;16.45659255;17.29155898;39.84334619;16.48841;394.0;76277.0;152.0;28329.0;163.0;30102.0;93.25153374;94.11002591;0.032595592;93.66324939;91.05722834;95.6660621;71.1787572;90.58240711;1.0;HH
23;2373;Córdoba;Sahagún;23660;2016;105129;4.318979539;0.080853047;49.67040493;182;83.0;993;0;1;0;0;0;57.99949116;42.57588508;74.40105117;689454.9167;72.72874278;76459.0;53.39950372;51.87427626;262.4582299;781.6306169;71.83837643;97.17136446;612.620876;0.743496673;9.190834504;12.43187797;78.37728753;54.31604004;509.3734436;249.3247681;17.2149859;38.68671948;18.36597671;16.86603774;39.71698113;18.73962264;285.0;931663.0;117.0;40839.0;130.0;45013.0;90.0;90.72713;0.091239606;89.77066147;86.20575044;92.6409509;69.4551852;87.33114953;1.0;HH
23;2373;Córdoba;Sahagún;23660;2021;112903;4.560625788;1.063744985;51.30864547;187;83.0;993;0;1;0;0;0;59.76004266;42.1836118;72.78239755;907341.8333;70.0920259;79136.0;51.20815659;49.96343231;243.2447205;1091.468844;127.8590962;90.48136368;873.1283842;0.966731481;11.71440641;8.289871413;79.99572218;54.31604004;509.3734436;249.3247681;16.52675573;38.41180253;20.84911052;15.95537205;39.48519722;21.59184749;308.0;891667.0;73.0;178175.0;86.0;197280.0;84.88372;90.3158;0.140072568;89.89747495;86.62050707;93.1582171;89.7602706;87.82928218;1.0;HH
23;2373;Córdoba;San Andrés Sotavento;23670;2011;41927;2.805073898;;78.76070313;88;117.0;217;0;1;0;0;0;83.23728389;37.64720621;100.1334358;997035.0;106.4826961;44645.0;37.04584041;37.3582343;190.7809847;123.7490785;17.61431856;14.78563234;91.34912764;0.295153668;14.23389877;11.94807469;73.81802654;21.98508835;546.4160156;219.3769226;18.63407949;34.91548652;13.77341252;19.2543794;34.06697609;11.83310875;339.0;63482.0;194.0;35310.0;197.0;36448.0;98.47715736;96.87774363;0.03817;96.75542478;94.56445875;98.4495186;73.5286352;95.91761404;0.0;
23;2373;Córdoba;San Andrés Sotavento;23670;2016;46586;3.211086306;0.017172541;79.58399519;93;117.0;217;0;1;0;0;0;83.25617802;37.35435536;96.24762791;777513.25;85.75752372;39951.0;45.50615114;41.22495606;220.427065;182.3843658;23.58760754;17.57488259;141.2218756;0.391500377;12.93291091;9.63617825;77.43091084;21.98508835;546.4160156;219.3769226;18.75969625;35.95574426;13.55433984;19.14720261;34.20242622;12.62900598;263.0;884520.0;108.0;36037.0;133.0;43254.0;81.20301;83.31483;0.20476291;84.04370103;79.84666604;87.8763597;65.0242599;84.5942375;0.0;
23;2373;Córdoba;San Andrés Sotavento;23670;2021;49458;2.163957297;0.036394517;79.53010635;98;117.0;217;0;1;0;0;0;83.70522253;37.46230853;86.97392833;1487845.667;76.66909297;37919.0;44.26074982;40.87239838;206.936203;236.5687108;30.51253975;12.34682372;193.7093473;0.478322437;12.89796087;5.219127955;81.88291117;21.98508835;546.4160156;219.3769226;18.74635455;37.12330365;14.82676829;18.71867234;35.90834421;14.98251969;347.0;937352.0;149.0;578892.0;159.0;621915.0;93.71069;93.08218;0.053876801;92.85197132;90.29287365;95.502659;92.7102577;91.74174322;1.0;HH
23;2327;Córdoba;San Antero;23672;2011;30410;1.974953414;;49.65143045;82;42.0;205;0;1;0;0;0;57.46402234;42.51091859;84.17714939;1068074.25;87.70799079;26672.0;37.69656992;38.18997361;193.1741425;100.8134802;11.49436254;9.088191791;80.23092591;0.33151424;11.40161267;9.014857705;79.58352962;44.00557709;584.8269043;205.6212006;18.13356052;38.13487122;12.8252179;18.83044023;39.19213253;12.23021583;297.0;62435.0;118.0;24781.0;138.0;28593.0;85.50724638;86.66806561;0.080886256;87.0569322;82.99494847;90.4115221;66.1583309;87.95062763;0.0;
23;2327;Córdoba;San Antero;23672;2016;32818;2.232260751;0.639892742;51.98976172;87;42.0;205;0;1;0;0;0;59.93053978;42.66610406;81.51925276;1236323.792;73.48711073;24117.0;47.32692308;43.85164835;227.9120879;137.9136703;15.45734114;13.03893546;109.4173937;0.420237889;11.20798331;9.45441843;79.33759826;44.00557709;584.8269043;205.6212006;17.66297663;37.98277983;13.79458795;17.98526392;40.30680034;13.63691267;189.0;676118.0;64.0;19516.0;80.0;23601.0;80.0;82.69141;0.201662164;82.42011322;77.99625225;87.1997569;63.7680968;81.2809658;0.0;
23;2327;Córdoba;San Antero;23672;2021;35628;2.793448973;1.049736163;54.34489727;92;42.0;205;0;1;0;0;0;62.32221285;42.22390274;78.83275261;1356576.667;70.68317054;25183.0;45.8103447;42.89901352;214.5320129;203.1185773;34.75980475;9.327726982;159.0310456;0.570109401;17.11306037;4.592256949;78.29468269;44.00557709;584.8269043;205.6212006;17.10705375;38.20594239;15.62145611;17.18541574;40.76256114;15.62361049;203.0;684606.0;56.0;399390.0;68.0;483081.0;82.35294;82.67558;0.263118325;83.00479941;78.66611766;87.9089004;82.8781149;83.90834797;1.0;HH
23;2327;Córdoba;San Bernardo del Viento;23675;2011;34236;1.457773494;;74.30482533;66;4.0;318;0;1;0;0;0;79.75123792;39.03855223;90.23311132;1068074.25;91.19348055;31221.0;40.63210702;42.02341137;204.8327759;107.2676959;19.2088337;13.91968835;74.1391738;0.313318425;17.9073798;12.97658931;69.11603089;58.30308914;579.7865601;223.1036835;18.08705613;35.48682703;15.40664376;17.76347163;37.34501669;14.7293753;279.0;67873.0;136.0;31741.0;147.0;34803.0;92.5170068;91.20190788;0.071945332;91.31858004;88.11262901;94.0943319;69.3969415;92.68555299;0.0;
23;2327;Córdoba;San Bernardo del Viento;23675;2016;36162;1.801614955;0.019357336;75.004148;71;4.0;318;0;1;0;0;0;80.54615822;39.08901459;85.75744114;1272120.25;83.05126929;30033.0;48.47837838;47.40810811;238.5540541;149.5952745;26.99644025;14.49346294;108.1053713;0.413680865;18.04631887;9.688449709;72.26523143;58.30308914;579.7865601;223.1036835;17.78449698;35.75041231;17.20725673;17.03204986;37.89784109;17.1043846;227.0;822811.0;90.0;31865.0;102.0;35459.0;88.23529;89.86435;0.205914071;89.41394299;84.93150603;92.9522967;69.1791936;89.30254608;0.0;
23;2327;Córdoba;San Bernardo del Viento;23675;2021;38929;1.902394958;0.064219476;75.91512754;76;4.0;318;0;1;0;0;0;81.41499731;38.8646716;82.85737698;1997808.208;76.81163143;29902.0;46.90144348;44.48077011;219.4182739;188.9269791;33.84290153;9.455888971;145.6281886;0.485311668;17.91321795;5.005049579;77.08173247;58.30308914;579.7865601;223.1036835;17.07741969;35.9122816;19.49070042;16.1652586;38.04862971;19.74036678;252.0;967081.0;70.0;205294.0;74.0;217074.0;94.5946;94.57328;0.157886848;94.10833472;91.18363459;96.445308;93.9647036;92.90884217;0.0;
23;2377;Córdoba;San Carlos;23678;2011;25071;1.006142555;;82.03502054;88;12.0;505;0;1;0;0;0;86.368914;37.39453518;86.58701098;1415806.708;77.16884049;19347.0;40.62686567;40.58208955;204.1144279;80.94247068;17.15530249;7.078478727;56.70868947;0.32285298;21.1944389;8.745073713;70.06048739;28.94638062;504.2087097;267.0280457;16.70925281;37.47580333;16.83313976;17.10266535;37.93188549;15.35044423;;;;;;;;;;91.83459283;90.52986799;93.1519011;69.789082;86.03805233;0.0;
23;2377;Córdoba;San Carlos;23678;2016;26357;1.23844393;;82.61562393;93;12.0;505;0;1;0;0;0;86.56108112;37.54245469;82.38057948;1579428.375;72.10987593;19006.0;49.22878229;46.04428044;239.9889299;167.2312799;63.06813982;15.69179772;88.47134237;0.63448526;37.71312392;9.38329105;52.90358503;28.94638062;504.2087097;267.0280457;16.6480945;37.23348934;18.76532204;17.00527295;38.25217122;17.5248139;;;;;;;;;;84.37653898;82.71854801;85.9190795;65.2817752;76.71400385;0.0;
23;2377;Córdoba;San Carlos;23678;2021;28363;1.63593414;0.056411522;83.25282939;98;12.0;505;0;1;0;0;0;87.20243887;37.31594993;79.91093793;2613476.25;62.6379438;17766.0;45.7637558;42.59223175;214.2135925;249.4716562;120.9075486;11.25885699;117.3052506;0.87956724;48.46544511;4.513080628;47.02147426;28.94638062;504.2087097;267.0280457;16.00857479;37.10670078;21.18110781;16.16314199;38.26787513;20.24888505;;;;;;;;;;85.89294983;84.2780378;87.5250365;85.7618573;81.26208771;0.0;
23;2377;Córdoba;San José de Uré;23682;2011;10673;0.160217371;;60.14241544;4;55.0;518;0;1;0;0;0;67.02775897;39.41548183;114.1389027;275093.5;36.09107093;3852.0;;;;37.16754666;21.57280313;1.236093995;14.35864954;0.348238983;58.04204223;3.325734696;38.63222308;28.94638062;504.2087097;267.0280457;18.66096866;32.65669516;10.59472934;19.00336168;32.05457781;8.443741349;;;;;;;;;;83.86579227;81.95284189;85.5415287;63.7332455;81.02360967;;
23;2377;Córdoba;San José de Uré;23682;2016;12531;0.476817493;0.031920836;61.31992658;9;55.0;518;0;1;0;0;0;67.2379882;39.33689239;111.7457199;687575.625;59.20517118;7419.0;46.21111111;41.51111111;220.4444444;56.14186636;21.84044682;4.366438116;29.93498143;0.448023832;38.90224575;7.777507943;53.32024631;28.94638062;504.2087097;267.0280457;18.05075837;32.46733744;13.08004205;19.43119891;32.16961853;10.11580381;;;;;;;;;;79.72132851;77.75796179;81.533222;61.6800584;79.37642376;;
23;2377;Córdoba;San José de Uré;23682;2021;14264;0.354038138;0.014021312;62.33174425;14;55.0;518;0;1;0;0;0;68.13806058;39.89981999;98.96567936;905965.75;51.96999439;7413.0;44.26548767;40.47787476;203.3893738;230.5916324;180.7470805;2.927457099;46.91709487;1.616598657;78.38405867;1.269541773;20.34639955;28.94638062;504.2087097;267.0280457;18.2500335;33.7665818;14.24360177;19.27657697;34.43611234;12.05705043;;;;;;;;;;82.64463224;80.70431773;84.3256198;82.5184974;80.71837815;;
23;2377;Córdoba;San Pelayo;23686;2011;49921;1.387358693;;83.26555958;80;9.0;470;0;1;0;0;0;87.6275627;37.56252176;77.14428295;1059476.833;72.344304;36115.0;39.72151899;41.54746835;202.5268987;154.8502754;43.65239936;16.64723936;94.5506367;0.310190652;28.19006892;10.75053907;61.05939201;40.29658127;543.7178955;250.4063416;16.85223477;39.04883092;18.47860665;16.4655068;39.76103015;18.49190651;;;;;;;;;;90.32511821;88.93743166;91.5604718;68.6419669;91.48638807;0.0;
23;2377;Córdoba;San Pelayo;23686;2016;51190;1.555479586;0.011721039;82.66262942;85;9.0;470;0;1;0;0;0;87.25644524;37.39287089;73.94588738;1231357.292;65.86051963;33714.0;50.243083;45.84387352;241.3359684;214.373012;53.52405475;20.47697032;140.3719869;0.418779082;24.96772064;9.55202809;65.48025127;40.29658127;543.7178955;250.4063416;16.75232832;38.30042122;21.02252966;16.1853593;39.59625489;21.31710979;;;;;;;;;;82.87411763;80.99932094;84.7829952;64.1193581;87.56144391;0.0;
23;2377;Córdoba;San Pelayo;23686;2021;53670;2.016023849;0.026085336;82.90292528;90;9.0;470;0;1;0;0;0;87.50122649;37.19705642;72.29512894;1218385.5;62.74455003;33675.0;49.04771805;45.88174438;231.5290527;282.7567864;67.51408691;13.52341757;201.7192819;0.526843276;23.87708807;4.782703094;71.34020883;40.29658127;543.7178955;250.4063416;15.99808274;38.14615441;23.50121672;15.24785295;39.30239566;24.35588368;;;;;;;;;;85.83770501;84.01760285;87.41726;85.7066968;88.62825937;1.0;HH
23;2305;Córdoba;Tierralta;23807;2011;85897;2.445855695;;56.01010513;63;51.0;4728;0;1;0;0;0;62.68626929;41.54736562;100.4384671;555728.25;98.67399327;84758.0;40.62054795;41.25342466;203.1630137;593.6775295;105.7080509;58.15971765;429.809761;0.691150482;17.80563448;9.796516586;72.39784894;66.36224365;453.4173279;199.9578247;18.88525789;34.21924633;12.33346283;19.18221083;34.83554037;10.7646305;262.0;74330.0;105.0;28420.0;109.0;29713.0;96.33027523;95.6483694;0.046572075;95.42761358;93.11113185;97.5083503;72.5195739;93.40182377;4.0;HL
23;2305;Córdoba;Tierralta;23807;2016;90335;2.377446911;0.077489345;54.71411967;68;51.0;4728;0;1;0;0;0;60.75938168;42.0756601;98.92807295;882052.2917;94.81374882;85650.0;49.43825137;46.60874317;240.0404372;990.4278584;243.2602026;93.81827855;653.3493772;1.096394375;24.56112281;9.472499966;65.96637723;66.36224365;453.4173279;199.9578247;18.31944171;34.11870228;13.36002275;18.39593044;35.09098243;12.28711008;166.0;747972.0;56.0;31752.0;69.0;36922.0;81.15942;85.99751;0.273326947;86.40628772;81.19543613;90.6200636;66.8521833;85.04504227;0.0;
23;2305;Córdoba;Tierralta;23807;2021;97012;2.836590662;0.148435245;54.49841257;73;51.0;4728;0;1;0;0;0;60.41690874;42.17889429;95.59801234;1220472.0;89.42089638;86749.0;47.49259186;44.43333435;222.3083344;1231.4742;241.8702298;57.15136718;932.452603;1.269403991;19.64070622;4.64089034;75.71840344;66.36224365;453.4173279;199.9578247;17.84758129;34.68966504;14.34264577;17.78041222;35.64193756;13.70811755;280.0;937421.0;109.0;622323.0;118.0;668108.0;92.37288;93.14706;0.103362883;92.93736434;89.87178905;95.4575981;92.7955204;90.45160718;0.0;
23;2305;Córdoba;Tuchín;23815;2016;49412;0.134582692;0.0040476;85.46506921;9;5.0;101;0;1;0;0;0;88.15907746;37.162651;113.7678559;685696.25;75.40880758;37261.0;46.56712329;42.67945205;226.1561644;138.975133;11.32897086;12.90896669;114.7371954;0.281257858;8.151797099;9.28868814;82.55951476;66.36224365;453.4173279;199.9578247;18.93889809;32.83409695;11.08843799;19.80459917;31.5499808;10.427066;;;;;;;;;;85.40104607;83.67413986;86.9658309;66.0744321;81.77055213;;
23;2305;Córdoba;Tuchín;23815;2021;55849;0.5622303;0.014324339;86.16985085;14;5.0;101;0;1;0;0;0;88.74750179;37.47226755;100.7263483;905965.75;65.56070834;36615.0;43.58333206;40.43217087;207.1744232;199.369143;17.82250291;8.760676194;172.7859639;0.356978895;8.939449023;4.394198652;86.66635233;66.36224365;453.4173279;199.9578247;19.13655106;34.39243269;12.03700495;19.58648288;33.91877872;12.45368312;;;;;;;;;;86.87932076;85.39049889;88.4040239;86.7467228;83.30137674;;
23;2305;Córdoba;Valencia;23855;2011;33317;2.391171674;;54.82186271;52;55.0;968;0;1;0;0;0;61.70015558;41.89148929;91.63561483;941215.6667;97.8779602;32610.0;42.0620155;41.20413437;204.1963824;207.6081993;91.78880238;19.87665846;95.94273848;0.623129932;44.21251313;9.574120156;46.21336672;50.33370972;479.1470947;224.4249573;18.16888046;35.44829222;14.21370968;18.4707956;37.54330517;12.08290281;307.0;75225.0;112.0;27693.0;115.0;28447.0;97.39130435;97.34945688;0.025847272;97.0799574;94.82318318;98.6083802;73.7752615;94.84251355;0.0;
23;2305;Córdoba;Valencia;23855;2016;35002;2.822695846;0.282840981;54.23118679;57;55.0;968;0;1;0;0;0;61.51301815;42.28318262;84.65037987;877221.8333;89.17776127;31214.0;47.81715576;45.20090293;234.6388262;301.6885563;148.4685334;28.6126865;124.6073364;0.861918051;49.21251744;9.484180258;41.30330231;50.33370972;479.1470947;224.4249573;17.42208015;35.79175705;16.82840507;17.35300846;39.24159231;15.00800732;304.0;852052.0;112.0;31112.0;126.0;34546.0;88.88889;90.05963;0.0947161;89.65230189;86.17439397;92.439297;69.3636109;87.8803721;0.0;
23;2305;Córdoba;Valencia;23855;2021;37459;3.039767924;0.178862223;54.21661016;62;55.0;968;0;1;0;0;0;61.69101717;42.16987945;82.01198919;1388800.833;80.09290157;30002.0;44.875;40.91188431;207.7622986;297.3001575;122.3983197;14.05920773;160.8426302;0.793668164;41.1699478;4.72896074;54.10109147;50.33370972;479.1470947;224.4249573;16.7940155;35.68795084;19.1450708;16.48527529;39.45262484;17.40290226;341.0;974459.0;123.0;213503.0;139.0;241043.0;88.48921;88.57465;0.067956472;88.53685185;84.88297383;91.4209477;88.4017241;88.24938272;0.0;
25;2536;Cundinamarca;Albán;25019;2011;5511;3.500574608;;74.55997097;129;2245.0;53;1;0;0;0;0;80.46616803;38.91111498;84.46715328;716894.1667;54.69061876;3014.0;45.29771084;44.3073494;219.253012;134.8557779;45.93897706;62.17690473;26.73989616;2.447029177;34.06526421;46.10622227;19.82851352;50.84449387;62.78596497;62.78596497;16.66666667;34.95670996;21.17604618;16.31982475;37.97006207;18.94852136;;;;;;;;;;76.45613507;74.41114426;78.373825;58.1023263;87.01759126;2.0;LL
25;2536;Cundinamarca;Albán;25019;2016;6038;6.511538037;0.347797284;73.98145081;134;2245.0;53;1;0;0;0;0;80.08795875;37.85259327;72.02637586;685702.5;46.80357734;2826.0;51.20289855;51.85507246;256.8550725;123.0004974;49.78939196;40.40039343;32.81071203;2.037106615;40.47901676;32.84571548;26.67526776;50.84449387;62.78596497;62.78596497;18.11734365;35.62217924;23.92005158;17.33651226;37.77247956;22.82016349;;;;;;;;;;72.75378374;70.74226673;74.7351263;56.2892981;69.82333044;2.0;LL
25;2536;Cundinamarca;Albán;25019;2021;7028;8.162587744;1.195219124;70.3471827;139;2245.0;53;1;0;0;0;0;77.15960912;37.92833876;70.00434405;905965.75;33.50882186;2355.0;48.56451797;46.85483932;230.8387146;159.6263211;86.33116319;27.37821177;45.91694612;2.271290852;54.08328815;17.15143943;28.76527242;50.84449387;62.78596497;62.78596497;16.55629139;36.9205298;25.85540839;15.77555817;38.3960047;25.26439483;;;;;;;;;;65.92099194;63.27701797;68.2128218;65.8203813;78.65170292;0.0;
25;2587;Cundinamarca;Anapoima;25035;2011;11301;12.31970622;;63.64038581;251;689.0;130;1;0;0;0;0;70.75463562;40.22423458;85.0374424;533883.3333;60.44597823;6831.0;44.41666667;44.43333333;213.8222222;189.5088747;71.5374375;19.89309799;98.07833919;1.676921287;37.74885879;10.49718544;51.75395577;41.59216309;41.59216309;41.59216309;14.63755459;36.61135371;23.40611354;14.50860832;37.94835007;23.35007174;266.0;65687.0;113.0;26430.0;142.0;35806.0;79.57746479;73.81444451;0.228078244;74.42675519;69.21005256;79.1567991;56.5601127;78.62444689;0.0;
25;2587;Cundinamarca;Anapoima;25035;2016;13311;14.54185761;0.871459695;61.13740515;256;689.0;130;1;0;0;0;0;68.30018601;40.67105451;75.27970793;685696.25;46.78085794;6227.0;51.94886364;50.4375;257.7784091;328.7235912;91.96017476;34.92271206;201.8407044;2.469563453;27.97492398;10.62373161;61.40134441;41.59216309;41.59216309;41.59216309;15.17303914;37.7361342;24.87532114;14.81924111;39.16940544;24.6041231;195.0;793506.0;70.0;24857.0;114.0;39366.0;61.40351;63.14332;0.225841161;64.04997058;57.60466807;70.1221839;49.5551943;64.96945763;0.0;
25;2587;Cundinamarca;Anapoima;25035;2021;16085;16.48533831;1.510724277;55.90301523;261;689.0;130;1;0;0;0;0;63.65736627;41.24755642;73.17903336;905965.75;34.85234691;5606.0;53.18045044;50.49623871;251.578949;638.7662611;366.3793324;31.66224423;240.7246845;3.971192174;57.35733941;4.956780931;37.68587966;41.59216309;41.59216309;41.59216309;13.85156348;39.09330654;26.72359663;13.35877863;39.50997291;27.50554051;197.0;916989.0;56.0;237479.0;104.0;429511.0;53.84615;55.29055;0.275555928;56.0632847;49.18244376;61.8413536;55.9777191;58.08312095;0.0;
25;2587;Cundinamarca;Anolaima;25040;2011;12098;3.375213534;;68.07736816;129;1650.0;122;1;0;0;0;0;74.78686454;38.83801705;87.14870396;708519.2083;68.87915358;8333.0;44.70984456;44.97927461;215.6839378;106.3747775;38.32113429;9.415717737;58.63792553;0.879275728;36.02464341;8.851457041;55.12389955;54.06332016;54.06332016;54.06332016;14.69270166;33.97887324;27.04865557;13.94871795;36.27350427;26.03418803;204.0;35911.0;87.0;15043.0;107.0;18245.0;81.30841121;82.4499863;0.140803203;83.0488468;77.91136279;87.8386984;63.1124133;84.08186649;0.0;
25;2587;Cundinamarca;Anolaima;25040;2016;13072;3.98370563;0.107099143;68.58935129;134;1650.0;122;1;0;0;0;0;75.63984403;38.53243531;83.58208955;686727.5;58.6750306;7670.0;51.97260274;49.86757991;253.3972603;149.2505437;51.92526566;15.35998737;81.96529066;1.141757525;34.79067103;10.29141134;54.91791764;54.06332016;54.06332016;54.06332016;13.8781575;34.0564636;30.31203566;13.89151687;35.66698202;29.3440555;196.0;548169.0;81.0;27678.0;103.0;35447.0;78.64078;78.08277;0.172145094;78.37222711;73.25478408;82.6556575;60.6362643;78.44586176;0.0;
25;2587;Cundinamarca;Anolaima;25040;2021;15043;5.651022624;0.485275543;66.74865386;139;1650.0;122;1;0;0;0;0;74.1599073;38.50094529;82.60774448;905971.0417;47.38416539;7128.0;55.01626205;51.87804794;253.7479706;191.2550145;74.69627569;9.903033874;106.6557049;1.271388782;39.05585215;5.177921166;55.76622668;54.06332016;54.06332016;54.06332016;12.58397933;34.85788114;32.50645995;12.41955361;35.61550048;32.56196084;180.0;483933.0;66.0;393814.0;87.0;526691.0;75.86207;74.77135;0.228232099;74.61914088;68.50256565;80.5877495;74.5052548;73.62396133;2.0;LL
25;2581;Cundinamarca;Arbeláez;25053;2011;11657;2.42772583;;70.08664322;125;1350.0;162;1;0;0;0;0;76.38054481;38.40013168;86.29305477;828863.5;61.23359355;7138.0;44.87861272;46.08092486;218.1618497;136.0802969;70.03586486;11.88832269;54.15610936;1.167369794;51.46657264;8.736255697;39.79717166;29.68412971;29.68412971;29.68412971;16.12153412;34.51768222;25.51884443;14.94497693;36.10223642;23.34043308;;;;;;;;;;85.53402659;83.94557591;87.0567943;65.001009;87.15238888;0.0;
25;2581;Cundinamarca;Arbeláez;25053;2016;10944;4.183418616;0.173611111;63.64217836;130;1350.0;162;1;0;0;0;0;70.75706797;39.17676377;76.82359779;771163.9583;57.59320175;6303.0;54.0;54.76865672;268.2238806;179.6708398;100.115504;18.61240835;60.94292742;1.641729164;55.72162078;10.35917035;33.91920887;29.68412971;29.68412971;29.68412971;15.43264942;34.87957181;29.36663693;14.38471624;35.71829931;28.45102079;;;;;;;;;;79.72652115;77.71625124;81.5887675;61.6840759;79.49746987;0.0;
25;2581;Cundinamarca;Arbeláez;25053;2021;11464;6.604006746;1.404396371;54.60572226;135;1350.0;162;1;0;0;0;0;62.57694227;40.57561138;75.57751183;914457.3333;48.39497558;5548.0;53.21052551;51.69298172;249.2807007;231.0620081;141.9792951;11.86167503;77.22103798;2.015544383;61.44640404;5.133546241;33.42004972;29.68412971;29.68412971;29.68412971;13.99276236;35.63673962;31.81113217;13.00123653;35.73573574;31.83183183;;;;;;;;;;72.35633469;70.34762827;74.3551193;72.2459022;70.88303702;0.0;
25;2545;Cundinamarca;Beltrán;25086;2011;1617;4.174397032;;81.69449598;155;229.0;211;1;0;0;0;0;86.20892019;37.14788732;94.8024948;1083490.25;96.90785405;1567.0;39.02272727;41.04545455;202.5681818;16.05911953;6.751124478;1.087114453;8.220880598;0.993142828;42.0391944;6.769452402;51.19135319;53.95147324;72.54051971;72.54051971;15.01182033;32.50591017;23.75886525;15.69390402;35.40856031;21.78988327;;;;;;;;;;92.74607853;91.62142253;94.019283;70.4817594;90.82377447;0.0;
25;2545;Cundinamarca;Beltrán;25086;2016;1733;6.37141758;0.692440854;79.91921523;160;229.0;211;1;0;0;0;0;85.05747126;37.09508882;82.46753247;960884.4583;69.41719561;1203.0;49.60869565;46.30434783;239.826087;19.85910878;5.272073587;1.948238972;12.63879622;1.145938187;26.54738259;9.810304147;63.64231326;53.95147324;72.54051971;72.54051971;15.35038932;34.92769744;25.4727475;16.54676259;35.01199041;25.7793765;;;;;;;;;;83.9457279;82.14082318;85.8193679;64.9484585;73.76336329;0.0;
25;2545;Cundinamarca;Beltrán;25086;2021;1939;6.223139075;0.412583806;76.3795771;165;229.0;211;1;0;0;0;0;82.22118525;36.77088194;82.1219716;1115100.5;59.82465188;1160.0;47.93333435;47.46666718;231.3333282;31.19523509;13.00922618;1.39743539;16.78857351;1.608831103;41.70260665;4.479643722;53.81774962;53.95147324;72.54051971;72.54051971;13.56932153;35.49655851;28.61356932;15.50976139;34.38177874;28.52494577;;;;;;;;;;78.79480554;76.87332541;80.691921;78.6745464;76.386302;0.0;
25;2545;Cundinamarca;Bituima;25095;2011;2248;3.028618031;;84.78647687;239;1400.0;61;1;0;0;0;0;87.61702128;36.0;96.6616085;840642.5;72.06405694;1620.0;45.46666667;43.53333333;218.3333333;30.51033287;12.09670754;6.355154112;12.05847121;1.357221213;39.64790419;20.82951419;39.52258163;47.06055832;64.50824738;64.50824738;13.93034826;32.33830846;26.69983416;14.01151631;33.87715931;23.89635317;;;;;;;;;;87.56918316;86.13334755;89.0122216;66.5476125;88.44048146;0.0;
25;2545;Cundinamarca;Bituima;25095;2016;2370;4.388185654;0.210970464;82.27848101;244;1400.0;61;1;0;0;0;0;86.65149791;34.66059917;89.45086705;902857.2083;63.24894515;1499.0;50.25925926;53.74074074;253.9259259;39.07533619;20.21764255;5.3704432;13.48725044;1.648748362;51.74016277;13.74381829;34.51601894;47.06055832;64.50824738;64.50824738;12.46081505;30.95611285;38.00940439;11.06032907;32.72394881;33.08957952;;;;;;;;;;84.51311585;82.72110091;86.0677954;65.3874442;78.26751676;0.0;
25;2545;Cundinamarca;Bituima;25095;2021;2654;4.851168048;;78.74905803;249;1400.0;61;1;0;0;0;0;83.56902357;34.84848485;87.61290323;1021929.417;48.68123587;1292.0;51.53333282;50.59999847;248.0666656;67.74963769;43.25785214;5.384841715;19.10694384;2.552736914;63.8495697;7.948148357;28.20228195;47.06055832;64.50824738;64.50824738;10.81646895;31.61200279;41.03279833;9.90990991;32.76003276;36.44553645;;;;;;;;;;76.83577345;74.85767174;78.6154841;76.7185043;;0.0;
25;2572;Cundinamarca;Bojacá;25099;2011;7233;22.46071248;;26.68325729;311;2600.0;106;1;0;0;0;0;33.9095315;45.62197092;79.73001928;559572.75;36.30582054;2626.0;49.87252174;48.30382609;232.2;122.5559052;55.6587761;11.28608669;55.61104243;1.694399353;45.41500958;9.208929318;45.3760611;36.19300461;36.19300461;36.19300461;17.97412607;38.89347647;13.34984861;18.0;40.0;13.22222222;;;;;;;;;;65.6929554;63.51061547;67.9235697;49.9229202;66.06987987;2.0;LL
25;2572;Cundinamarca;Bojacá;25099;2016;8915;29.85043933;0.964666293;23.63432417;316;2600.0;106;1;0;0;0;0;30.82338152;45.53111251;64.10923277;698479.5;26.46102075;2359.0;54.35099338;54.70198675;271.2980132;117.3660779;34.32247078;12.95652828;70.08707882;1.316501154;29.24394459;11.03941489;59.71664052;36.19300461;36.19300461;36.19300461;19.94200312;40.95471782;14.69997769;19.13357401;41.60649819;14.71119134;;;;;;;;;;54.26726388;51.91700679;56.8126039;41.986355;54.87668834;2.0;LL
25;2572;Cundinamarca;Bojacá;25099;2021;11084;9.573108384;0.938289426;18.00793937;321;2600.0;106;1;0;0;0;0;24.00860744;46.68511118;61.75019475;908816.9167;18.63948033;2066.0;53.24347687;52.64347839;256.9913025;193.3984029;79.48937272;10.16028498;103.7487452;1.744843043;41.10135944;5.253551645;53.64508892;36.19300461;36.19300461;36.19300461;18.65752436;42.52977265;15.69830386;17.77336702;42.58390473;16.47419704;;;;;;;;;;56.02259417;53.64042858;58.4494891;55.9370907;58.17460349;2.0;LL
25;2581;Cundinamarca;Cabrera;25120;2011;4048;2.313899868;;76.53162055;48;1900.0;449;1;0;0;0;0;81.72178743;37.16233274;89.76;948790.2917;103.7302372;4199.0;40.53830189;41.82792453;205.0188679;39.74067716;17.28676153;2.983708169;19.47020746;0.981736096;43.49891035;7.507944963;48.99314469;59.04081345;59.04081345;59.04081345;18.28254848;36.5189289;14.95844875;17.10945802;36.87566419;13.7088204;;;;;;;;;;94.03083295;92.98316642;95.1208522;71.4580999;90.24885511;0.0;
25;2581;Cundinamarca;Cabrera;25120;2016;4427;3.403358181;0.090354642;76.9595663;53;1900.0;449;1;0;0;0;0;82.04193254;35.48313582;81.30511464;753945.0833;87.55364807;3876.0;48.33333333;45.19230769;236.8076923;102.1190594;67.22799059;9.993354718;24.89771409;2.306732763;65.83295125;9.785983906;24.38106485;59.04081345;59.04081345;59.04081345;21.27228525;36.42625608;15.03241491;16.7942828;37.46809597;15.56916794;;;;;;;;;;90.40470425;88.87541478;91.7087449;69.9457415;79.27802663;0.0;
25;2581;Cundinamarca;Cabrera;25120;2021;5153;3.104987386;0.407529594;74.03454298;58;1900.0;449;1;0;0;0;0;79.77418727;35.03990656;77.97118848;1263363.583;69.99805938;3607.0;49.40740585;47.22222137;233.222229;264.6297672;218.3761599;11.681043;34.57256428;5.135450556;82.52138912;4.414107726;13.06450316;59.04081345;59.04081345;59.04081345;19.85522234;38.46949328;16.33919338;15.27531083;38.63232682;17.45115453;;;;;;;;;;84.84977414;83.0578718;86.5067729;84.7202737;79.8600826;0.0;
25;2587;Cundinamarca;Cachipay;25123;2011;8446;4.442931565;;66.20885626;29;1650.0;56;1;0;0;0;0;73.25541423;39.3835224;88.35656784;534800.0;69.16883732;5842.0;45.4;47.0173913;223.3304348;119.5166133;62.43269104;11.75836122;45.325561;1.415067645;52.2376675;9.838265074;37.92406742;48.5144577;48.5144577;48.5144577;14.66480447;34.03165736;26.25698324;14.26506024;36.0;24.74698795;;;;;;;;;;86.47461277;84.96074991;87.9143842;65.7158011;84.50309578;0.0;
25;2587;Cundinamarca;Cachipay;25123;2016;9334;7.32626241;0.267838012;65.30962074;34;1650.0;56;1;0;0;0;0;72.9236048;38.62145524;79.21116087;685696.25;57.64945361;5381.0;52.88636364;52.03409091;262.6363636;167.2617978;85.54212661;17.68288388;64.03678732;1.791962693;51.14265644;10.57198004;38.28536352;48.5144577;48.5144577;48.5144577;15.06619038;35.36457239;28.51439378;13.57377049;36.63387978;26.79781421;;;;;;;;;;78.42965696;76.54203927;80.526239;60.6806975;75.08573493;0.0;
25;2587;Cundinamarca;Cachipay;25123;2021;10910;8.596089215;0.641613199;61.89734189;39;1650.0;56;1;0;0;0;0;69.98191682;39.04245242;77.70897833;905965.75;46.15948671;5036.0;50.71717072;48.05050659;237.8989868;256.3597751;151.7408405;13.49361249;91.12532214;2.349768791;59.19058106;5.263545143;35.5458738;48.5144577;48.5144577;48.5144577;13.54768786;36.23554913;30.81647399;12.15109788;37.19761816;29.41942687;;;;;;;;;;71.58749741;69.54269179;73.7718605;71.4782383;68.75550681;0.0;
25;2571;Cundinamarca;Cajicá;25126;2011;58143;15.71097696;;36.95371756;474;2558.0;53;1;0;0;0;0;45.36389727;45.50371624;67.51029274;534216.6667;17.25401166;10032.0;47.73901524;48.18154748;229.0328253;1044.368398;24.65322431;708.2654474;311.4497261;1.79620659;2.360586969;67.81758706;29.82182597;47.20010757;62.14580536;62.14580536;19.07117438;41.28113879;12.52669039;17.68132344;43.52428186;14.37606098;547.0;94239.0;130.0;22750.0;303.0;50907.0;42.90429043;44.68933545;0.088012678;44.96207237;41.48021379;49.098437;34.1686249;46.89698103;2.0;LL
25;2571;Cundinamarca;Cajicá;25126;2016;73490;17.32129088;4.464553;34.942169;479;2558.0;53;1;0;0;0;0;43.18771968;45.94648877;61.23985757;686025.4167;13.56375017;9968.0;56.08307045;56.33228181;280.787592;1514.531671;27.54339988;915.1864786;571.8017927;2.060867698;1.818608379;60.42702811;37.75436351;47.20010757;62.14580536;62.14580536;17.89142809;43.3041656;13.980687;16.3711135;45.38858475;16.5151793;446.0;1195435.0;92.0;18123.0;240.0;50972.0;38.33333;35.55481;0.100479729;36.0929235;31.9101292;40.3803596;27.9249439;38.30452038;2.0;LL
25;2571;Cundinamarca;Cajicá;25126;2021;92325;20.34578933;4.914161928;29.96046575;484;2558.0;53;1;0;0;0;0;37.86717826;46.72885386;58.06990392;905969.6667;12.17005145;11236.0;58.4419899;57.40239334;281.9751282;2032.399469;59.21919973;1114.78896;858.391309;2.201353338;2.913757882;54.85087835;42.23536377;47.20010757;62.14580536;62.14580536;16.36972054;45.41466944;15.18495071;15.06123043;46.31889723;18.44189866;391.0;1335660.0;116.0;621834.0;224.0;1225714.0;51.78571;50.73239;0.119132176;50.01229733;45.2330253;54.7187103;49.935967;48.54257669;2.0;LL
25;2512;Cundinamarca;Caparrapí;25148;2011;12281;2.013272535;;78.85351356;451;1272.0;641;1;0;0;0;0;83.7121504;36.04283843;82.38138805;1078129.0;92.92402899;11412.0;43.01860465;43.1427907;210.6666667;134.9343087;40.53642201;39.66912004;54.72876664;1.098724116;30.04159758;29.3988389;40.55956352;29.03300858;116.776619;116.776619;13.89266818;36.41723356;25.91080877;13.76632545;38.17507942;22.23791034;;;;;;;;;;91.91651202;90.61288609;93.1112384;69.8513359;91.08121898;0.0;
25;2512;Cundinamarca;Caparrapí;25148;2016;12309;2.931459366;0.121862052;76.5618653;456;1272.0;641;1;0;0;0;0;82.3473142;36.44591611;74.38048037;856793.5833;79.48655455;9784.0;49.57657658;49.36036036;248.7207207;135.6716896;47.80574533;24.8759532;62.98999104;1.102215367;35.23634553;18.33540459;46.42824987;29.03300858;116.776619;116.776619;13.58062538;37.0324954;29.18454936;13.37942956;38.04667243;26.84528954;;;;;;;;;;87.81373357;86.30735681;89.2353953;67.9411183;85.47567608;0.0;
25;2512;Cundinamarca;Caparrapí;25148;2021;13463;3.38210899;0.423382604;72.03446483;461;1272.0;641;1;0;0;0;0;78.69249395;36.95856874;72.90577437;1211159.333;67.74121667;9120.0;50.2702713;49.37837982;238.7477417;216.1163215;108.00958;26.27055216;81.83618937;1.605261246;49.97752101;12.15574649;37.86673251;29.03300858;116.776619;116.776619;12.28144388;37.67625494;31.31697688;12.03892639;38.40841312;29.54010359;;;;;;;;;;81.65996883;79.90289118;83.5689572;81.5353368;83.20947571;0.0;
25;2562;Cundinamarca;Cáqueza;25151;2011;14987;3.907831232;;60.47240942;411;1658.0;106;1;0;0;0;0;68.44785398;40.59916672;80.72060683;629882.0;82.29799159;12334.0;44.27099237;45.16030534;217.8167939;211.5529313;112.7122239;18.99076551;79.84994193;1.411576242;53.27849781;8.976838749;37.74466344;27.54889488;27.54889488;27.54889488;16.47307286;37.10401267;19.62777191;16.31358791;38.48333558;20.42909189;;;;;;;;;;88.13126151;86.54253382;89.5662189;66.9747602;86.25269527;1.0;HH
25;2562;Cundinamarca;Cáqueza;25151;2016;16219;7.578560125;0.369936494;57.27850052;416;1658.0;106;1;0;0;0;0;65.60365854;40.6402439;76.57252274;698716.2083;70.07830322;11366.0;52.33110368;52.60535117;260.9297659;301.4212779;165.6601653;31.25330311;104.5078096;1.858445514;54.9596785;10.36864528;34.67167622;27.54889488;27.54889488;27.54889488;15.50886568;37.89166869;21.20476075;15.76706324;39.0482154;21.90356919;;;;;;;;;;80.36262605;78.47448281;82.2004397;62.1762276;77.06449755;0.0;
25;2562;Cundinamarca;Cáqueza;25151;2021;18641;9.02759151;0.772490746;51.67104769;421;1658.0;106;1;0;0;0;0;60.53472518;41.12164465;73.34323677;905965.75;57.89388981;10792.0;52.04858398;51.34412766;249.9554596;310.1988997;149.0802299;16.64130117;144.4773686;1.664067913;48.05956116;5.364719601;46.57571924;27.54889488;27.54889488;27.54889488;14.23890063;39.51374207;22.64270613;14.47554733;39.83226228;24.07145191;;;;;;;;;;74.30867745;72.26163877;76.4184797;74.1952652;71.98875626;0.0;
25;2590;Cundinamarca;Carmen de Carupa;25154;2011;7061;2.421753293;;77.76518907;154;2950.0;295;1;0;0;0;0;83.04899686;37.17756244;86.39798489;889631.1667;92.81971392;6554.0;41.85344828;43.52724138;207.8275862;71.34488347;32.92358185;5.1481478;33.27315382;1.01040764;46.14708196;7.21586125;46.63705679;12.78827572;107.449295;107.449295;17.17362046;35.34320323;20.2153432;16.07890018;35.8936043;20.32277346;;;;;;;;;;93.19414174;92.04325941;94.2895024;70.822262;91.96218726;0.0;
25;2590;Cundinamarca;Carmen de Carupa;25154;2016;7311;5.67637806;0.095746136;74.06647517;159;2950.0;295;1;0;0;0;0;80.25139303;37.81262149;80.28138528;773683.375;78.37505129;5730.0;50.38;50.61;249.3;102.0240739;51.81940302;10.09853526;40.10613567;1.395487265;50.79134857;9.898188602;39.31046283;12.78827572;107.449295;107.449295;16.33350868;37.34876381;21.19936875;16.30094044;36.90510117;22.00056996;;;;;;;;;;85.95590222;84.26911521;87.6324375;66.503722;83.53137558;0.0;
25;2590;Cundinamarca;Carmen de Carupa;25154;2021;8176;5.240949119;0.134540117;67.41682975;164;2950.0;295;1;0;0;0;0;74.68472676;38.35824381;77.66878246;905965.75;64.71379648;5291.0;50.62650681;51.81927872;244.5180664;109.3313251;53.21329813;5.130027263;50.98799969;1.337222665;48.67159352;4.692184293;46.63622219;12.78827572;107.449295;107.449295;14.9306372;38.89019516;22.71337879;14.9375478;37.70073923;24.19067041;;;;;;;;;;79.87731609;77.99806832;81.7347976;79.7554048;77.58816353;4.0;HL
25;2545;Cundinamarca;Chaguaní;25168;2011;3905;1.666666667;;79.18053777;311;1023.0;167;1;0;0;0;0;83.51860802;35.40357661;87.56917837;1048024.208;81.4340589;3180.0;40.55263158;40.28947368;200.5526316;34.31428978;15.25052182;4.449448455;14.61431951;0.878727011;44.44364699;12.96675083;42.58960218;29.8339138;81.90649414;81.90649414;13.73831776;34.1588785;30.18691589;13.48441926;35.4674221;25.38243626;;;;;;;;;;92.00923107;90.75754698;93.0804426;69.9217971;91.80978227;0.0;
25;2545;Cundinamarca;Chaguaní;25168;2016;4075;4.26993865;0.147239264;76.93251534;316;1023.0;167;1;0;0;0;0;81.98279765;35.28746039;83.73128288;689455.0;65.69325153;2677.0;45.94736842;46.73684211;231.6052632;51.70466728;26.46770175;5.827030339;19.4099352;1.268826191;51.19015969;11.26983432;37.54000599;29.8339138;81.90649414;81.90649414;13.00268097;33.24396783;34.27167113;12.46597714;34.67610234;30.7022319;;;;;;;;;;85.36123475;83.66333985;87.0006967;66.0436302;77.49116699;0.0;
25;2545;Cundinamarca;Chaguaní;25168;2021;4512;5.2268026;0.820035461;74.0248227;321;1023.0;167;1;0;0;0;0;79.6142132;35.32994924;82.29700073;905965.75;52.72606383;2379.0;52.72727203;48.09090805;242.1363678;68.05247139;37.80018951;4.235552137;26.01672974;1.508255128;55.54565285;6.223950504;38.23039665;29.8339138;81.90649414;81.90649414;11.89232624;33.34672559;36.88228204;11.41868512;34.45378151;34.25605536;;;;;;;;;;78.11486858;76.12522473;79.9665765;77.9956472;77.35811653;0.0;
25;2571;Cundinamarca;Chía;25175;2011;93454;17.19196967;;22.4217262;311;2557.0;76;1;0;0;0;0;28.63526168;48.78309645;63.37397055;533883.3333;17.21702656;16090.0;51.08342627;51.66264343;244.0257373;1393.456384;18.44195918;311.762175;1063.25225;1.491061254;1.323468707;22.37329984;76.30323145;53.5348587;53.5348587;53.5348587;18.82136114;41.67490785;13.90811831;17.58506597;44.32212736;15.88374658;543.0;76565.0;138.0;18886.0;291.0;41026.0;47.42268041;46.0342222;0.091355154;46.54922913;42.91783128;50.5052095;35.374774;48.61505194;2.0;LL
25;2571;Cundinamarca;Chía;25175;2016;118119;23.80304326;9.118770054;20.7663458;316;2557.0;76;1;0;0;0;0;26.64061855;48.37520293;56.43541979;685696.25;10.78403982;12738.0;57.4561039;58.09662338;290.8664935;2478.330198;26.67289934;405.0158093;2046.641489;2.098163884;1.076244778;16.34228602;82.58146921;53.5348587;53.5348587;53.5348587;19.07052977;42.61746149;16.50452927;17.29963993;44.33908467;19.060886;455.0;884421.0;100.0;24572.0;235.0;55370.0;42.55319;44.37782;0.116685568;44.36487515;40.23994444;48.5192684;34.3249183;44.63067994;2.0;LL
25;2571;Cundinamarca;Chía;25175;2021;148415;25.88608519;8.043661355;16.28406832;321;2557.0;76;1;0;0;0;0;21.32020718;48.86088969;53.96506197;905965.75;11.61472897;17238.0;58.07401657;56.55644226;280.0415344;3524.786582;29.33883866;345.0543599;3150.393383;2.374953058;0.832357874;9.789368858;89.37827327;53.5348587;53.5348587;53.5348587;17.5584981;44.34134703;18.07057445;15.88356396;45.03817789;21.3144659;377.0;910826.0;81.0;395244.0;190.0;905825.0;42.63158;43.63359;0.179901544;43.53870953;38.87077464;48.6446499;43.4722594;44.35009856;2.0;LL
25;2562;Cundinamarca;Chipaque;25178;2011;8239;3.83339402;;74.07452361;159;2441.0;130;1;0;0;0;0;80.41802896;38.27650631;87.63600396;534150.0;78.34688676;6455.0;43.05355372;43.99363636;214.1157025;51.49180046;7.304473729;5.562525332;38.6248014;0.624976338;14.1857027;10.80274001;75.01155729;15.02286625;15.02286625;15.02286625;16.03773585;36.41509434;19.92924528;15.90397599;36.98424606;20.70517629;184.0;56826.0;98.0;27832.0;103.0;29862.0;95.14563107;93.20206282;0.095957686;92.58285908;88.85842808;95.5869735;70.3577219;91.67066306;0.0;
25;2562;Cundinamarca;Chipaque;25178;2016;8964;6.617209579;0.312360553;72.38955823;164;2441.0;130;1;0;0;0;0;78.5623946;38.72259696;77.69633508;700325.8333;66.01963409;5918.0;53.01923077;54.24038462;268.2596154;64.70946689;8.529763264;7.119351817;49.06035181;0.721881603;13.18163118;11.00202514;75.81634368;15.02286625;15.02286625;15.02286625;15.94713656;38.14977974;20.77092511;16.04882459;38.40415913;21.06690778;190.0;572629.0;94.0;23298.0;111.0;28493.0;84.68468;81.76745;0.184087607;81.60578324;76.45741794;86.3176081;63.1380531;78.42659395;0.0;
25;2562;Cundinamarca;Chipaque;25178;2021;10331;6.361920434;0.900203272;68.03794405;169;2441.0;130;1;0;0;0;0;75.02279774;39.05708554;74.9962389;905965.8333;53.54757526;5532.0;54.69879532;54.91566086;263.4698792;88.04850954;14.58814264;5.123269426;68.33709748;0.8522748;16.56830163;5.818689552;77.61300882;15.02286625;15.02286625;15.02286625;14.6743295;39.46360153;22.39463602;14.83075719;38.83780082;23.6744277;132.0;490998.0;45.0;174580.0;61.0;269296.0;73.77049;64.82829;0.384939671;66.54398882;58.79635057;73.4163421;66.4424273;67.06913894;0.0;
25;2562;Cundinamarca;Choachí;25181;2011;9768;3.64540677;;67.12735463;311;1920.0;209;1;0;0;0;0;74.52932479;39.63528832;85.17964072;534216.6667;79.66830467;7782.0;43.68965517;46.59310345;219.0965517;86.48056132;31.12650448;7.371619048;47.98243778;0.885345632;35.99248665;8.524018502;55.48349485;37.81901169;37.81901169;37.81901169;15.72965293;36.22894256;22.22447737;15.90580459;36.19086966;22.72257798;;;;;;;;;;88.42665308;86.88040607;89.7986004;67.199241;86.0918579;4.0;HL
25;2562;Cundinamarca;Choachí;25181;2016;10430;7.855544903;0.33557047;63.58581016;316;1920.0;209;1;0;0;0;0;71.39526542;40.55774749;74.44907683;841121.25;64.19942474;6696.0;53.53191489;52.11347518;262.3262411;123.7369059;50.0891082;12.6327693;61.01502844;1.186355762;40.48033028;10.20937868;49.31029104;37.81901169;37.81901169;37.81901169;15.4897056;37.8487589;23.70598422;15.87999236;38.60118479;24.74679916;;;;;;;;;;78.5362634;76.62347652;80.4602404;60.7631784;75.7061789;2.0;LL
25;2562;Cundinamarca;Choachí;25181;2021;11915;9.941250525;0.704993705;58.17037348;321;1920.0;209;1;0;0;0;0;66.68504805;41.10603435;72.44698842;957893.6667;50.53294167;6021.0;54.10743713;52.95041275;255.8925629;162.637451;63.13627113;8.177290156;91.32388972;1.364980705;38.82025372;5.027925675;56.1518206;37.81901169;37.81901169;37.81901169;13.98849797;39.24221922;25.64276049;14.47609529;39.01382642;27.33633183;;;;;;;;;;70.79978279;68.65707917;72.9339757;70.6917259;68.99249069;2.0;LL
25;2501;Cundinamarca;Chocontá;25183;2011;16866;6.250247045;;54.16221985;201;2656.0;302;1;0;0;0;0;62.58718677;42.50839576;92.47154946;534816.6667;70.34863038;11865.0;43.69633218;45.7149827;215.1557093;180.9891803;70.01034391;19.57368552;91.40515088;1.073100796;38.68206032;10.81483738;50.5031023;27.46142769;97.55735016;97.55735016;18.37273491;35.30541222;13.3925357;17.71944217;36.27094808;14.41462557;311.0;51062.0;110.0;18512.0;161.0;25976.0;68.32298137;71.2657838;0.133136648;72.37112186;67.80529487;76.9719215;54.9979479;76.13591517;0.0;
25;2501;Cundinamarca;Chocontá;25183;2016;19098;7.468932174;0.40841973;50.18326526;206;2656.0;302;1;0;0;0;0;58.25967609;42.2563821;76.44315806;685696.25;55.29898419;10561.0;51.08090615;51.86407767;255.3365696;407.9187657;240.0999804;43.15862211;124.6601632;2.135924001;58.85975361;10.58020021;30.56004618;27.46142769;97.55735016;97.55735016;18.26341056;38.90628261;15.0490503;18.24295923;38.56662463;16.49852879;221.0;817260.0;90.0;32929.0;128.0;44850.0;70.3125;73.42029;0.164397876;73.4818043;67.97373162;78.2252239;56.8525646;72.341117;0.0;
25;2501;Cundinamarca;Chocontá;25183;2021;22624;9.621419731;0.804455446;43.29915134;211;2656.0;302;1;0;0;0;0;51.65825859;43.03064275;72.12566845;905973.8333;46.89710042;10610.0;54.78111649;55.18884277;262.8411865;343.6900314;152.068951;22.33841516;169.2826652;1.519139106;44.2459592;6.499581925;49.25445888;27.46142769;97.55735016;97.55735016;16.75943105;41.16087994;16.14983656;17.02786378;39.84962406;18.16010615;192.0;848565.0;69.0;282020.0;101.0;415403.0;68.31683;67.8907;0.255649537;67.97668137;61.39037321;74.2459084;67.8729332;67.6621273;2.0;LL
25;2571;Cundinamarca;Cogua;25200;2011;17236;9.968476831;;68.04362961;407;2620.0;132;1;0;0;0;0;74.86283161;40.09842186;78.36547126;564239.25;31.94476677;5506.0;46.54104575;48.36395425;224.8529412;426.5303708;47.26478253;280.8273811;98.4382071;2.474648241;11.08122323;65.8399496;23.07882717;28.45487595;82.03230286;82.03230286;16.94460641;39.16034985;15.93002915;16.89181388;40.61886618;16.25678328;;;;;;;;;;62.09517828;59.81160086;64.3339723;47.1888136;68.92779026;2.0;LL
25;2571;Cundinamarca;Cogua;25200;2016;20225;13.33209724;1.072929543;66.14091471;412;2620.0;132;1;0;0;0;0;73.26844407;40.11379132;69.78849722;685707.5;25.81953028;5222.0;54.14661654;54.03383459;269.7894737;552.5635639;59.1601938;347.2516119;146.1517582;2.732081898;10.70649563;62.84374044;26.44976393;28.45487595;82.03230286;82.03230286;17.88438378;40.06423123;17.21196307;16.89893773;40.8634636;18.17561641;;;;;;;;;;54.19624559;51.80269091;56.3717115;41.9314085;57.85575586;2.0;LL
25;2571;Cundinamarca;Cogua;25200;2021;24426;16.49028358;1.592565299;61.20936707;417;2620.0;132;1;0;0;0;0;69.02913757;40.4961579;66.66666667;906107.75;18.90198968;4617.0;53.94696808;53.44318008;258.5530396;785.4760783;53.40302316;512.9537416;219.1193135;3.215737649;6.798809618;65.30482033;27.89637006;28.45487595;82.03230286;82.03230286;16.56283744;41.73104078;18.61450287;15.51626705;41.834181;20.26317914;;;;;;;;;;46.6920655;43.81157388;49.1947126;46.6208026;56.11910316;2.0;LL
25;2572;Cundinamarca;Cota;25214;2011;23130;32.07630783;;40.55339386;373;2561.0;52;1;0;0;0;0;49.05960385;44.51208432;66.84193855;600482.75;26.38564635;6103.0;49.07973761;48.45358601;234.2069971;1704.063292;45.39070502;700.8432408;957.8293457;7.367329406;2.663674832;41.12777056;56.2085546;43.13656998;43.13656998;43.13656998;19.00283889;40.67601136;13.8928318;17.86135942;43.58239163;14.06645303;;;;;;;;;;50.66973446;48.29523018;53.0653196;38.5061243;53.20427409;2.0;LL
25;2572;Cundinamarca;Cota;25214;2016;29221;40.90209096;12.53892748;38.23619999;378;2561.0;52;1;0;0;0;0;46.68629816;44.85560207;61.2805622;796634.4167;18.647548;5449.0;56.28756477;56.47409326;283.3782383;2448.159588;38.63374814;1054.81106;1354.71478;8.378082844;1.57807311;43.08587828;55.33604861;43.13656998;43.13656998;43.13656998;19.04195804;41.73426573;14.27972028;17.37148985;45.45271765;15.69599893;;;;;;;;;;34.97676816;32.50241712;37.3100894;27.0613792;42.27240553;2.0;LL
25;2572;Cundinamarca;Cota;25214;2021;36637;46.65979747;17.44684336;32.80017469;383;2561.0;52;1;0;0;0;0;40.97368872;45.39124479;58.28421742;1053068.0;14.86202473;5445.0;57.69978333;55.59827042;277.3261414;3534.208647;33.35148641;1459.819017;2041.038143;9.646555795;0.943676216;41.30539997;57.75092382;43.13656998;43.13656998;43.13656998;17.51861318;43.76041782;15.52394711;16.03626804;46.48854552;17.52776437;;;;;;;;;;31.05140721;28.92757897;33.1339157;31.0040156;44.70456966;2.0;LL
25;2590;Cundinamarca;Cucunubá;25224;2011;6380;23.14132706;;85.830721;311;2590.0;110;1;0;0;0;0;89.33414597;37.6809386;88.59162039;533916.6667;40.5015674;2584.0;42.3462766;45.83712766;216.0212766;157.2779135;119.0399759;3.634820257;34.60311731;2.465171058;75.68766223;2.311081179;22.00125659;10.07025337;103.2020798;103.2020798;17.86592866;36.900369;13.65313653;18.28644501;36.63682864;14.5140665;;;;;;;;;;71.56444802;69.44610844;73.6324788;54.3849216;71.76773051;2.0;LL
25;2590;Cundinamarca;Cucunubá;25224;2016;7129;13.51288166;0.154299341;85.46780755;316;2590.0;110;1;0;0;0;0;88.71621622;37.78378378;88.3178628;685696.25;32.86575957;2343.0;53.2987013;52.05194805;259.5194805;185.7610977;138.0243829;5.60425031;42.13246449;2.605710446;74.30209263;3.016912788;22.68099458;10.07025337;103.2020798;103.2020798;15.640599;37.71491958;15.33555186;16.66193585;38.68861766;15.92392847;;;;;;;;;;63.42446398;61.15790991;65.7200409;49.0712425;64.37065423;2.0;LL
25;2590;Cundinamarca;Cucunubá;25224;2021;8356;22.24150311;0.514600287;81.89325036;321;2590.0;110;1;0;0;0;0;85.88396528;37.99680219;84.28899083;905965.75;24.04260412;2009.0;52.57143021;50.96825409;249.9682465;207.338765;142.70522;3.754606024;60.87893892;2.481316;68.82708116;1.810855787;29.36206306;10.07025337;103.2020798;103.2020798;14.14982164;39.40546968;17.24137931;14.93615996;39.79763912;18.45338473;;;;;;;;;;56.75782718;54.26678877;59.1941732;56.6712016;63.06248098;2.0;LL
25;2587;Cundinamarca;El Colegio;25245;2011;18884;4.260220292;;59.60601567;358;980.0;114;1;0;0;0;0;67.80537772;41.2496799;88.83975946;538151.6667;61.12052531;11542.0;44.91811414;44.33995037;213.7593052;206.8240774;69.32858711;16.91163631;120.583854;1.095234471;33.5205591;8.176821828;58.30261908;32.71385193;32.71385193;32.71385193;14.33141395;32.94945617;28.08701216;13.65453398;36.06143488;27.82453187;;;;;;;;;;83.8799384;82.18009142;85.484251;63.7439958;82.86304247;0.0;
25;2587;Cundinamarca;El Colegio;25245;2016;21968;4.962141903;0.473415878;57.76584122;363;980.0;114;1;0;0;0;0;66.61650903;41.12639725;82.31343284;685696.25;53.08175528;11661.0;52.48837209;50.75415282;257.4916944;282.7628091;79.62498265;28.74569563;174.3921308;1.287157725;28.15963772;10.16601006;61.67435222;32.71385193;32.71385193;32.71385193;14.50853715;33.33640978;30.95523766;13.21297045;35.91125483;30.76439414;;;;;;;;;;75.3265614;73.43265212;77.0965134;58.2798454;72.55829133;0.0;
25;2587;Cundinamarca;El Colegio;25245;2021;26416;6.083749748;0.465626893;53.7098728;368;980.0;114;1;0;0;0;0;62.99556319;41.66666667;81.16798308;905965.75;43.42065415;11470.0;51.71217728;49.26937103;241.5387421;485.3586973;215.1537311;23.06754872;247.1374175;1.837366359;44.32880924;4.752680615;50.91851014;32.71385193;32.71385193;32.71385193;13.16276202;34.31720099;32.93002466;11.86011905;36.08630952;33.5639881;;;;;;;;;;69.65703495;67.37266487;71.7528832;69.5507222;67.43129533;0.0;
25;2570;Cundinamarca;El Peñón;25258;2011;4589;3.092540132;;90.12856832;48;1200.0;133;1;0;0;0;0;93.39566342;35.58782574;100.8030593;968637.9167;81.04162127;3719.0;41.12307692;40.72307692;200.0461538;60.84749764;18.39400034;23.35809396;19.09540334;1.32594242;30.22967427;38.38792861;31.38239711;54.2294426;97.27706909;97.27706909;12.75890638;31.27589064;30.07456504;12.36781609;32.09195402;28.7816092;;;;;;;;;;88.14775526;86.7114029;89.6049244;66.9872945;89.42614403;0.0;
25;2570;Cundinamarca;El Peñón;25258;2016;4590;2.525417574;0.174291939;88.62745098;53;1200.0;133;1;0;0;0;0;92.31208373;36.04186489;94.32544156;1066551.917;67.93028322;3118.0;49.67391304;47.52173913;246.5652174;52.7272264;15.94364529;12.2532558;24.53032532;1.148741316;30.23797453;23.23895383;46.52307165;54.2294426;97.27706909;97.27706909;12.30509903;30.76274758;33.88116308;12.22372576;32.79206134;32.65674335;;;;;;;;;;83.27440621;81.42201508;84.9937951;64.4290597;84.3941295;0.0;
25;2570;Cundinamarca;El Peñón;25258;2021;5000;2.523333333;0.08;84.02;58;1200.0;133;1;0;0;0;0;88.93944697;36.26181309;93.47600967;1084813.75;59.74;2987.0;49.9736824;49.13158035;240.1052704;106.3149022;59.95285406;15.3331726;31.02887557;2.126298045;56.39176899;14.42241142;29.18581959;54.2294426;97.27706909;97.27706909;10.71290944;31.63776493;35.60693642;10.93555094;32.88981289;35.63409563;;;;;;;;;;79.04121616;77.09894611;80.9702618;78.920581;87.37439152;0.0;
25;2572;Cundinamarca;El Rosal;25260;2011;16363;7.914705942;;21.64028601;14;2600.0;88;1;0;0;0;0;28.29049127;46.28415703;76.10586711;534033.3333;25.83267127;4227.0;44.74965035;44.64398601;216.6993007;150.5091238;51.59040281;11.9310708;86.98765015;0.919813749;34.27725943;7.927141225;57.79559935;53.20282364;53.20282364;53.20282364;20.42107825;40.2580017;8.920530607;20.14485637;40.81757918;9.108765038;329.0;63828.0;81.0;17293.0;171.0;33737.0;47.36842105;51.25826244;0.219465862;52.64042042;47.64513668;58.1811445;40.0037339;56.12553226;2.0;LL
25;2572;Cundinamarca;El Rosal;25260;2016;19963;9.487551971;2.304262886;16.15989581;19;2600.0;88;1;0;0;0;0;21.79160996;47.1806402;66.59158614;685696.25;22.21109052;4434.0;53.20622568;53.46303502;264.7392996;191.116706;44.50336087;19.54968691;127.0636582;0.957354636;23.28596061;10.22918787;66.48485151;53.20282364;53.20282364;53.20282364;20.97318769;41.4101291;10.16881827;21.12604872;42.49469322;10.65399778;319.0;856766.0;68.0;16316.0;161.0;38725.0;42.23602;42.13299;0.245805155;43.76412548;38.94134787;48.6236513;33.8601208;48.69179627;2.0;LL
25;2572;Cundinamarca;El Rosal;25260;2021;23894;12.27295555;2.364610362;8.906001507;24;2600.0;88;1;0;0;0;0;12.38008684;48.51055236;62.95631358;905965.75;23.3740688;5585.0;53.81451797;53.06048203;257.0725708;315.0803942;99.63540677;24.56946986;190.8755176;1.318659053;31.62221725;7.797841539;60.57994121;53.20282364;53.20282364;53.20282364;19.67403958;43.73856644;10.56876767;19.96124031;44.05965622;11.61105494;275.0;833063.0;54.0;293406.0;140.0;706617.0;38.57143;41.52264;0.263580424;42.70821665;37.29361343;48.6726946;42.643034;45.57112413;2.0;LL
25;2572;Cundinamarca;Facatativá;25269;2011;100825;17.42391933;;11.0934788;411;2586.0;160;1;0;0;0;0;14.27192104;49.79974253;66.8586395;533883.3333;26.82568807;27047.0;48.26286205;47.69817401;228.2381225;1085.998982;60.07431275;323.690704;702.2339654;1.077112802;5.531709858;29.80580179;64.66248836;51.36346054;51.36346054;51.36346054;20.58125621;41.06719127;11.01466323;19.01277223;43.15967235;12.77805815;521.0;84182.0;114.0;18553.0;264.0;41218.0;43.18181818;45.01188801;0.110343646;45.65269362;41.6135945;50.1511628;34.6934579;48.7663011;2.0;LL
25;2572;Cundinamarca;Facatativá;25269;2016;125326;22.80432632;1.942932831;10.37294735;416;2586.0;160;1;0;0;0;0;13.6683652;49.51989154;59.60559437;685696.25;21.25257329;26635.0;54.72609971;54.21818182;272.3636364;2880.510052;76.54214203;1753.929339;1050.038571;2.298413779;2.657242663;60.88954066;36.45321668;51.36346054;51.36346054;51.36346054;20.35974974;42.80500521;12.53095673;18.7724785;43.77013292;14.81469898;393.0;968719.0;82.0;28599.0;203.0;70797.0;40.39409;40.39578;0.132009387;40.71187767;35.71890165;45.3977168;31.4986094;42.73106265;2.0;LL
25;2572;Cundinamarca;Facatativá;25269;2021;156180;20.54461732;2.155845819;6.733896786;421;2586.0;160;1;0;0;0;0;9.039594795;50.27583145;56.33245619;905965.75;19.76437444;30868.0;55.49037933;53.78250885;264.2676392;3264.243258;91.92892029;1664.219132;1508.095206;2.090052029;2.816239876;50.98330609;46.20045404;51.36346054;51.36346054;51.36346054;18.7805006;44.95198615;13.62622658;17.29162497;45.03577146;16.57994797;424.0;1039517.0;93.0;550668.0;207.0;1182355.0;44.92754;46.57383;0.128784578;46.27520558;41.81237392;51.292796;46.2045789;47.15131237;2.0;LL
25;2562;Cundinamarca;Fómeque;25279;2011;10406;8.171567685;;62.77147799;418;1925.0;478;1;0;0;0;0;70.5202855;39.17167543;80.07919586;534183.3333;80.53046319;8380.0;45.23571429;46.06428571;219.5;165.7822107;94.66646766;16.59152903;54.52421403;1.593140599;57.10291065;10.00802738;32.88906198;44.50143814;44.50143814;44.50143814;15.89686515;37.35856056;22.14802449;16.03190429;37.68693918;21.85443669;;;;;;;;;;87.49331049;85.95003459;89.0203346;66.4899536;82.70612841;0.0;
25;2562;Cundinamarca;Fómeque;25279;2016;11325;8.896983076;0.158940397;58.44591611;423;1925.0;478;1;0;0;0;0;66.24472574;40.00527426;79.64824121;685696.25;64.22075055;7273.0;52.73684211;53.625;263.1578947;267.7275629;173.8641309;26.58093401;67.28249794;2.36404029;64.94069159;9.92835169;25.13095672;44.50143814;44.50143814;44.50143814;15.36087776;37.47642722;22.18412481;15.11289148;38.4195193;22.68754552;;;;;;;;;;78.22731902;76.06757816;79.9922356;60.5241495;79.86708709;0.0;
25;2562;Cundinamarca;Fómeque;25279;2021;13076;10.05404303;0.244723157;52.03426124;428;1925.0;478;1;0;0;0;0;60.34059527;40.83307763;76.558753;905965.75;55.83511777;7301.0;53.64814758;54.39814758;259.6203613;271.8666872;167.7779813;13.04645137;91.04225445;2.079127311;61.71332836;4.798841486;33.48783016;44.50143814;44.50143814;44.50143814;13.94689737;39.02147971;23.73210024;13.76333961;39.21845574;24.9215317;;;;;;;;;;73.4931018;71.59856234;75.6505658;73.3809343;72.53680602;0.0;
25;2562;Cundinamarca;Fosca;25281;2011;5364;2.30704698;;79.3064877;111;2100.0;115;1;0;0;0;0;84.15441176;38.21691176;99.01179471;1058366.333;104.6793438;5615.0;43.44155844;41.66233766;211.8051948;76.45331442;47.0155215;4.96785934;24.46993358;1.425304147;61.49572698;6.497899244;32.00637378;26.34604263;26.34604263;26.34604263;16.55096821;33.50383632;19.83924004;16.67301104;33.53635325;19.1092501;;;;;;;;;;93.49154121;92.22587316;94.6822697;71.0482688;89.97112078;0.0;
25;2562;Cundinamarca;Fosca;25281;2016;5550;3.246246246;0.036036036;77.47747748;116;2100.0;115;1;0;0;0;0;82.54570542;38.06484995;87.84023669;1144400.0;88.21621622;4896.0;47.86842105;44.96052632;233.9210526;100.8199606;59.66714505;9.795757434;31.35705815;1.816575867;59.18187696;9.716089326;31.10203372;26.34604263;26.34604263;26.34604263;17.72823779;35.13800425;20.66525124;16.04258443;35.24229075;20.92511013;;;;;;;;;;88.58252264;86.97819088;90.0738489;68.5359272;84.84749264;0.0;
25;2562;Cundinamarca;Fosca;25281;2021;6233;4.592491577;0.24065458;72.62955238;121;2100.0;115;1;0;0;0;0;78.65013774;38.20018365;84.7382199;1189619.917;74.60291994;4650.0;46.62666702;44.33333206;223.1199951;110.1777922;65.31523419;4.903884367;39.95867367;1.767652691;59.28166908;4.450882767;36.26744815;26.34604263;26.34604263;26.34604263;16.23662681;36.91000629;22.49842668;14.63175123;36.17021277;23.33878887;;;;;;;;;;83.16109914;81.1743674;84.8764355;83.0341761;82.65304819;0.0;
25;2572;Cundinamarca;Funza;25286;2011;65524;12.97959526;;3.546792015;474;2548.0;71;1;0;0;0;0;4.780193919;51.41108915;65.82317818;554508.5;19.98046517;13092.0;46.49600148;45.12366593;218.8588322;1182.80298;57.07271798;703.478479;422.2517831;1.805144649;4.82520918;59.47554164;35.69924917;38.06013107;38.06013107;38.06013107;19.03217682;42.51621434;11.57672691;18.17131687;43.89550382;12.96724128;259.0;62462.0;73.0;19803.0;138.0;33321.0;52.89855072;59.43098947;0.224020681;58.67172936;53.25071952;64.2183264;44.5871866;50.14902835;2.0;LL
25;2572;Cundinamarca;Funza;25286;2016;83139;18.51186968;9.162968041;2.908382348;479;2548.0;71;1;0;0;0;0;3.835149273;51.24707378;57.96027476;690994.1667;16.20418817;13472.0;54.32265813;53.38510809;270.2978383;2537.887148;44.15984004;1474.357371;1019.369937;3.052583202;1.740023786;58.09389011;40.1660861;38.06013107;38.06013107;38.06013107;19.06756556;44.53725276;12.83398602;17.34395812;45.28310705;15.31325217;320.0;824592.0;71.0;15964.0;182.0;44363.0;39.01099;35.98494;0.232547964;36.53141175;31.61494299;41.8106069;28.2642004;38.10142752;2.0;LL
25;2572;Cundinamarca;Funza;25286;2021;104696;22.59541912;18.63490487;1.662909758;484;2548.0;71;1;0;0;0;0;2.213727392;51.24094255;55.09514754;905982.1667;13.4627875;14095.0;56.00691605;53.12451935;263.7747803;3267.06924;51.73566609;1644.090102;1571.243472;3.120529189;1.583549729;50.32308719;48.09336308;38.06013107;38.06013107;38.06013107;17.50529453;46.64287395;13.95991842;15.91061453;46.37430168;17.09869646;282.0;783299.0;54.0;229936.0;150.0;730648.0;36.0;31.47015;0.225347537;31.98310664;26.95290439;36.8757876;31.934293;35.54738411;2.0;LL
25;2590;Cundinamarca;Fúquene;25288;2011;4411;6.984432857;;96.10065745;373;2875.0;87;1;0;0;0;0;97.223332;37.0155813;87.41232927;533883.3333;73.02199048;3221.0;44.48175676;44.90324324;217.6756757;35.65861246;4.597093501;9.460436647;21.60108231;0.808402005;12.89195845;26.53057984;60.57746172;13.79275131;122.4710999;122.4710999;16.35364178;35.5016033;19.51442968;15.88868941;37.56732496;20.78096948;;;;;;;;;;83.9533002;82.28674794;85.6793801;63.7997466;83.13402865;0.0;
25;2590;Cundinamarca;Fúquene;25288;2016;4674;4.92618742;0.427899016;96.46983312;378;2875.0;87;1;0;0;0;0;97.50318936;36.77783853;78.53297443;685746.0417;61.68164313;2883.0;51.74509804;51.70588235;255.627451;69.2607988;13.85897961;25.7686329;29.63318629;1.481831382;20.00984662;37.20522048;42.7849329;13.79275131;122.4710999;122.4710999;15.67944251;38.98083624;19.51219512;15.76955425;38.18334735;23.21278385;;;;;;;;;;76.91921651;74.74156827;79.0494838;59.512076;75.60590974;0.0;
25;2590;Cundinamarca;Fúquene;25288;2021;5303;11.27349299;0.62228927;93.24910428;383;2875.0;87;1;0;0;0;0;95.19169329;36.88498403;76.8158909;905965.75;43.67339242;2316.0;52.22222137;53.55555725;252.25;212.8534501;74.9151557;99.77099198;38.16730241;4.013830852;35.19565018;46.87309129;17.93125852;13.79275131;122.4710999;122.4710999;14.19230769;40.30769231;21.57692308;14.31742508;38.43877174;26.0081391;;;;;;;;;;63.76469923;61.38306155;66.2282248;63.6673795;65.64828167;2.0;LL
25;2581;Cundinamarca;Fusagasugá;25290;2011;101733;11.30958817;;19.26710114;240;1728.0;206;1;0;0;0;0;24.75727618;48.61893744;74.51888756;533883.3333;50.45953624;51334.0;47.14433752;47.06044166;224.0869363;1110.817292;196.740315;109.9733697;804.1036072;1.091894756;17.71131188;9.900221258;72.38846686;25.09737778;25.09737778;25.09737778;18.58944513;36.14850503;20.52673131;16.68513777;39.25172928;22.02965567;529.0;84557.0;178.0;28263.0;246.0;38878.0;72.35772358;72.69664077;0.086696184;72.74429096;68.8238281;76.5145135;55.2815353;71.90278377;0.0;
25;2581;Cundinamarca;Fusagasugá;25290;2016;125010;15.26311228;1.489480842;17.72178226;245;1728.0;206;1;0;0;0;0;23.1596834;48.80921985;71.38493373;685696.25;42.70698344;53388.0;53.28702852;51.78610856;262.4581417;1587.251481;238.9097835;189.277324;1159.064374;1.269699609;15.05179149;11.92484784;73.02336066;25.09737778;25.09737778;25.09737778;17.54412106;36.83818417;23.89324857;15.59559188;38.721211;26.55553492;371.0;946702.0;119.0;40016.0;183.0;61407.0;65.02732;65.16521;0.145523832;64.9676264;60.91728902;69.9268149;50.2651808;64.81963474;0.0;
25;2581;Cundinamarca;Fusagasugá;25290;2021;154794;16.742574;1.808209621;13.45723994;250;1728.0;206;1;0;0;0;0;17.99410029;49.80393837;69.73784931;905965.75;32.82491569;50811.0;54.39123535;51.84469604;256.5822449;2098.756649;388.6018034;135.5522345;1574.602611;1.355838501;18.51581047;6.458692318;75.02549721;25.09737778;25.09737778;25.09737778;16.10623519;38.14613397;25.71343959;14.15795096;38.95113408;29.35557598;333.0;984612.0;100.0;506572.0;153.0;809809.0;65.35947;62.5545;0.175412232;62.01623121;56.78937498;66.5579832;61.9215801;61.8932569;0.0;
25;2539;Cundinamarca;Gachalá;25293;2011;4833;4.24684461;;68.40471757;197;1700.0;441;1;0;0;0;0;75.68651032;37.82321106;88.47863248;966572.6667;88.61990482;4283.0;41.29850746;41.07462687;201.2537313;30.50868043;4.010077186;3.535504583;22.96309866;0.631257613;13.1440532;11.58852016;75.26742664;67.59671021;84.33692932;67.59671021;15.94372802;33.84134428;25.36146932;15.6112577;35.26824978;23.87862797;;;;;;;;;;91.27318596;89.95112421;92.6631539;69.3624446;90.32348432;1.0;HH
25;2539;Cundinamarca;Gachalá;25293;2016;4502;6.970975863;0.1332741;66.39271435;202;1700.0;441;1;0;0;0;0;73.92304475;38.18485989;80.05032351;1007871.667;73.92270102;3328.0;49.35294118;48.36764706;245.9117647;35.85695649;4.395557928;4.066144569;27.39525399;0.79646727;12.2585918;11.33990435;76.40150385;67.59671021;84.33692932;67.59671021;16.01713062;34.98929336;28.86509636;14.76695893;34.79464698;27.50346101;;;;;;;;;;85.67680877;83.89910386;87.2887226;66.2877885;77.79293352;0.0;
25;2539;Cundinamarca;Gachalá;25293;2021;4680;9.075854701;0.299145299;62.35042735;207;1700.0;441;1;0;0;0;0;70.46871857;38.04063569;77.77777778;987040.0417;64.18803419;3004.0;50.55555725;50.36507797;244.5555573;60.29381063;21.19675444;3.512164176;35.58489201;1.288329287;35.15577175;5.825082442;59.01914581;67.59671021;84.33692932;67.59671021;14.32641433;36.58933659;30.52503053;13.27035538;35.4925776;30.31938821;;;;;;;;;;78.60114802;76.6245804;80.390521;78.4811845;75.02732629;0.0;
25;2571;Cundinamarca;Gachancipá;25295;2011;11866;11.57227934;;37.4683971;311;2563.0;44;1;0;0;0;0;46.55355249;45.13641184;83.22997757;536850.0;18.24540705;2165.0;44.78212121;44.70181818;215.3212121;114.3331205;14.07880697;11.34108541;88.91322815;0.963535484;12.31384826;9.919335149;77.76681659;34.01558304;75.7853241;75.7853241;19.04679972;38.90227116;9.480385409;19.6399075;39.37892303;10.3402709;;;;;;;;;;64.91969297;62.92423098;67.0248168;49.3352846;64.8914812;2.0;LL
25;2571;Cundinamarca;Gachancipá;25295;2016;15147;13.02623182;2.073017759;34.72634845;316;2563.0;44;1;0;0;0;0;43.36328068;44.4500797;65.62350464;685697.0;13.92354922;2109.0;52.16783217;51.71328671;261.8461538;188.8598929;15.02534885;64.32734475;109.5071993;1.246846853;7.955817736;34.06088173;57.98330054;34.01558304;75.7853241;75.7853241;20.13280212;42.96148738;10.09296149;19.87659183;42.47078902;11.81567546;;;;;;;;;;51.04132883;48.8869468;53.637358;39.4904626;50.30114904;2.0;LL
25;2571;Cundinamarca;Gachancipá;25295;2021;18943;11.17563216;4.460750673;28.88665998;321;2563.0;44;1;0;0;0;0;36.92298669;45.05836119;62.1425877;907704.7917;10.55798976;2000.0;54.38853455;52.50955582;256.2993774;294.8303302;24.74985849;97.76213641;172.3183353;1.556407803;8.394610717;33.15877859;58.44661069;34.01558304;75.7853241;75.7853241;18.56312731;45.38827258;10.681458;18.65372441;44.1337835;12.79805866;;;;;;;;;;48.44283925;46.16460271;50.856495;48.3689043;50.07700959;2.0;LL
25;2539;Cundinamarca;Gachetá;25297;2011;8491;4.889490833;;66.67059239;418;1750.0;257;1;0;0;0;0;74.26745979;39.93170302;90.14308426;631566.6667;83.99481804;7132.0;42.96402878;45.76978417;217.5971223;62.10049425;10.56069111;5.365389495;46.17441364;0.73136844;17.00580847;8.639849908;74.35434162;54.42352295;80.97646332;80.97646332;15.15151515;32.88352273;28.19602273;13.99109445;34.70822592;28.84930865;;;;;;;;;;89.94712193;88.5757327;91.4102002;68.3547111;87.16151806;1.0;HH
25;2539;Cundinamarca;Gachetá;25297;2016;8296;7.5006027;0.445998071;62.17454195;423;1750.0;257;1;0;0;0;0;70.44357103;39.92139248;82.13228036;749418.9167;69.59980714;5774.0;53.11333333;53.33333333;261.8;79.13748475;13.91101973;8.200688528;57.02577649;0.953923394;17.578294;10.36258425;72.05912176;54.42352295;80.97646332;80.97646332;14.49275362;34.75845411;29.90338164;13.88354187;34.16746872;30.99133782;;;;;;;;;;82.62766018;80.84516144;84.3856432;63.928675;72.92126076;0.0;
25;2539;Cundinamarca;Gachetá;25297;2021;8975;7.979572888;2.027855153;55.56545961;428;1750.0;257;1;0;0;0;0;64.61795756;40.79648793;79.72015264;998970.625;59.13091922;5307.0;54.51401901;53.34579468;256.9252319;87.46744512;17.15647929;4.595168281;65.71579755;0.974567634;19.61470267;5.253575516;75.13172182;54.42352295;80.97646332;80.97646332;13.15789474;36.16734143;31.48897886;12.65179951;34.79796865;33.25237359;;;;;;;;;;75.22323523;73.14295727;77.1466586;75.1084272;73.76571697;0.0;
25;2539;Cundinamarca;Gama;25299;2011;3039;2.709224526;;81.86903587;108;2150.0;107;1;0;0;0;0;86.82147165;37.18335344;98.16513761;866995.0417;92.3988154;2808.0;43.72727273;48.86363636;223.7272727;20.32341506;1.16156913;1.230064808;17.93178113;0.668753375;5.715422955;6.052451345;88.2321257;68.70953369;74.90705872;73.0873642;14.89361702;31.65699549;28.17537073;13.91129032;33.60215054;27.62096774;;;;;;;;;;92.97048526;91.83477209;94.0257962;70.6522958;90.47065984;1.0;HH
25;2539;Cundinamarca;Gama;25299;2016;3042;3.495507342;0.098619329;78.56673241;113;2150.0;107;1;0;0;0;0;83.9988081;37.57449344;93.58108108;822361.5;76.00262985;2312.0;46.82608696;43.95652174;230.0434783;23.03192884;3.927921127;2.205933341;16.89807438;0.757131126;17.05424306;9.577718634;73.3680383;68.70953369;74.90705872;73.0873642;14.21221865;30.67524116;31.25401929;14.12239408;33.28850034;29.79152656;;;;;;;;;;86.03011107;84.30486831;87.6669403;66.561137;80.2356453;0.0;
25;2539;Cundinamarca;Gama;25299;2021;3352;4.283512331;0.238663484;72.46420048;118;2150.0;107;1;0;0;0;0;79.28898465;38.35173714;89.44977284;961955.8333;66.55727924;2231.0;53.30508423;50.11864471;251.8135529;27.87490151;6.220302347;1.196490269;20.45810889;0.83159014;22.31506485;4.292356939;73.39257822;68.70953369;74.90705872;73.0873642;12.88235294;32.23529412;32.70588235;12.95399516;34.3220339;32.62711864;;;;;;;;;;80.59152756;78.62541819;82.6384217;80.4685262;79.71699877;0.0;
25;2502;Cundinamarca;Girardot;25307;2011;80052;16.36717384;;5.747514116;159;289.0;130;1;0;0;0;0;7.636781474;51.78545122;66.55498584;533883.3333;60.13716085;48141.0;44.81647321;44.58833333;213.3816964;1031.456506;2.426004902;102.262534;926.7679672;1.288483119;0.235201861;9.914381596;89.85041654;46.62887573;68.37893677;68.37893677;16.7254487;40.28528882;18.93304073;15.92100539;41.95092759;21.01017355;493.0;69772.0;170.0;24426.0;236.0;33157.0;72.03389831;73.66770214;0.089477102;73.65406724;69.69846858;77.3320536;55.9729137;72.29050535;0.0;
25;2502;Cundinamarca;Girardot;25307;2016;93072;23.24589207;4.184932096;5.599965618;164;289.0;130;1;0;0;0;0;7.503475571;51.0050975;63.74413942;685696.25;43.13219873;40144.0;51.82485405;49.74728941;254.9065888;1372.173677;4.445249797;154.3086024;1213.419825;1.474314162;0.32395679;11.24555914;88.43048407;46.62887573;68.37893677;68.37893677;16.8195109;40.88029417;20.32606769;15.60465699;40.66307795;24.15289601;528.0;943484.0;176.0;37624.0;267.0;59295.0;65.9176;63.45223;0.08664403;63.19459417;59.28162723;67.3927996;48.8933931;62.84210678;0.0;
25;2502;Cundinamarca;Girardot;25307;2021;111871;23.17088432;4.38898374;3.426267755;169;289.0;130;1;0;0;0;0;4.641345824;51.21492218;61.88319677;905965.75;35.28975338;39479.0;51.7891922;48.73516464;241.9131927;1825.20154;13.71626754;101.0354478;1710.449825;1.631523397;0.751493314;5.535577613;93.71292907;46.62887573;68.37893677;68.37893677;15.32952605;42.30310153;22.03940724;14.18991884;40.93775037;26.81401749;485.0;997151.0;134.0;255199.0;209.0;406740.0;64.11483;62.74254;0.122937199;62.23160274;57.82735417;66.3247283;62.1366229;61.11005404;2.0;LL
25;2581;Cundinamarca;Granada;25312;2011;5506;3.768616055;;75.7173992;16;2250.0;60;1;0;0;0;0;81.70220203;39.37434463;78.75210793;567242.0417;76.18961133;4195.0;44.24;44.416;212.592;91.77658153;40.34744561;7.6459504;43.78318552;1.66684674;43.96268082;8.331047282;47.7062719;22.34431648;22.34431648;22.34431648;17.85845251;38.21048772;14.77814448;18.92767182;39.47463116;13.42209428;;;;;;;;;;85.73394919;83.97193511;87.2573837;65.1529388;83.99773108;4.0;HL
25;2581;Cundinamarca;Granada;25312;2016;6535;3.256822239;0.474368783;74.75133894;21;2250.0;60;1;0;0;0;0;80.97904106;38.88888889;73.84329226;736669.9583;60.78041316;3972.0;52.6119403;49.94776119;254.1791045;96.71697285;30.25429058;10.16747767;56.2952046;1.479984282;31.28126294;10.51260949;58.20612757;22.34431648;22.34431648;22.34431648;17.45152355;38.01169591;17.38996614;17.31588558;40.96165551;16.12903226;;;;;;;;;;78.20574923;76.50964514;80.0124049;60.507461;75.24181572;0.0;
25;2581;Cundinamarca;Granada;25312;2021;7777;5.380180875;0.565770863;70.39989713;26;2250.0;60;1;0;0;0;0;77.39088381;39.10047153;71.5840622;905965.75;49.37636621;3840.0;50.62963104;47.65431976;234.9506226;120.6958897;35.44357853;6.210635381;79.04167579;1.551959492;29.36601952;5.145689217;65.48829126;22.34431648;22.34431648;22.34431648;16.12403101;39.40568475;18.91472868;15.84335808;41.79677502;18.14691579;;;;;;;;;;73.57239624;71.40105806;75.7697759;73.4601077;78.51363015;2.0;LL
25;2590;Cundinamarca;Guachetá;25317;2011;11256;28.18866975;;61.36282871;311;2750.0;179;1;0;0;0;0;69.63497071;40.17124831;83.49049965;533883.3333;47.55685856;5353.0;43.03796875;44.55208333;214.1510417;206.880078;140.4878405;5.932085598;60.46015185;1.837953784;67.90786329;2.867403017;29.22473369;16.47543716;122.6130981;122.6130981;17.91988756;38.40477864;14.37104708;17.77498203;37.72465852;16.0496046;;;;;;;;;;71.80132495;69.72927327;73.913291;54.5649346;71.54074552;0.0;
25;2590;Cundinamarca;Guachetá;25317;2016;12447;18.23263973;0.257090062;57.11416406;316;2750.0;179;1;0;0;0;0;66.12808213;40.25919381;85.33110883;685741.6667;36.10508556;4494.0;51.42405063;50.43670886;255.4240506;227.9184965;138.4075688;11.27204729;78.23888038;1.831111886;60.72678214;4.945648321;34.32756954;16.47543716;122.6130981;122.6130981;16.5873771;38.45543926;15.08087536;16.56082071;37.79514737;16.03973294;;;;;;;;;;64.19807343;61.92773948;66.4609738;49.6697808;64.4478189;0.0;
25;2590;Cundinamarca;Guachetá;25317;2021;14538;21.15089192;0.343926262;52.31118448;321;2750.0;179;1;0;0;0;0;61.83327319;40.40418621;80.81495893;906377.1667;28.91732013;4204.0;49.11904907;49.27777863;236.7301636;318.1740431;200.150193;7.498776141;110.525074;2.188568188;62.90588354;2.356815807;34.73730066;16.47543716;122.6130981;122.6130981;15.19124206;40.57305041;16.11028517;15.33828267;39.20717187;17.39739459;;;;;;;;;;58.59281521;56.04555268;61.0469882;58.503389;63.34683881;2.0;LL
25;2512;Cundinamarca;Guaduas;25320;2011;24679;4.53320637;;59.53239596;367;992.0;773;1;0;0;0;0;68.22591683;39.36637011;75.58431767;545976.6667;67.94035415;16767.0;44.96716374;45.53625731;216.8333333;307.1778432;122.1751294;25.80341727;159.1992965;1.244693234;39.77341859;8.400155754;51.82642565;16.06488037;103.5795059;103.5795059;15.06592806;39.26035734;21.86159008;15.25037936;38.7455741;20.92395886;;;;;;;;;;87.45357706;85.88271302;88.9444556;66.4597585;85.23860168;0.0;
25;2512;Cundinamarca;Guaduas;25320;2016;28274;5.897055009;0.473933649;56.55018745;372;992.0;773;1;0;0;0;0;64.24046227;37.35032025;60.42094456;685696.25;54.03550966;15278.0;52.45987654;51.88271605;261.8148148;324.3137524;106.9339744;33.7504923;183.6292857;1.147038807;32.97238356;10.40674102;56.62087542;16.06488037;103.5795059;103.5795059;15.64634536;45.07500798;21.53846154;14.61654374;39.68593862;24.79974621;;;;;;;;;;81.45889205;79.71392639;83.2048055;63.024404;73.01086627;0.0;
25;2512;Cundinamarca;Guaduas;25320;2021;33641;7.85053952;1.114711215;50.3879195;377;992.0;773;1;0;0;0;0;58.32348073;38.45767321;59.89961925;908526.0;40.27525936;13549.0;51.81372452;50.63071823;246.0098114;529.9905351;214.1204398;33.65458658;282.2155087;1.575430383;40.40080447;6.350035397;53.24916014;16.06488037;103.5795059;103.5795059;14.06909997;45.8789126;23.19939348;13.23228995;40.11202636;27.32784185;;;;;;;;;;71.11197716;69.05134275;73.3723002;71.0034438;65.27783279;0.0;
25;2539;Cundinamarca;Guasca;25322;2011;12766;11.57566975;;66.598778;311;2650.0;346;1;0;0;0;0;73.70384765;40.15546055;78.21025828;533883.3333;22.60692464;2886.0;46.02603846;47.72488462;223.4846154;158.2215077;58.02568538;29.16311853;71.03270378;1.239397679;36.67370273;18.4318295;44.89446777;54.57710266;59.63669205;59.63669205;17.39469579;39.17316693;15.28861154;17.84140969;39.67904342;15.26117055;253.0;72992.0;86.0;24389.0;121.0;33488.0;71.07438017;72.8290731;0.179705687;72.30110352;67.33019668;77.4306779;54.944738;70.89768593;2.0;LL
25;2539;Cundinamarca;Guasca;25322;2016;14313;15.54065069;0.551945784;61.95766087;316;2650.0;346;1;0;0;0;0;70.1711821;40.0997439;65.65843621;685696.25;20.61063369;2950.0;51.56779661;50.51271186;256.9618644;135.0378882;20.52334761;17.61890209;96.8956385;0.943463203;15.19821428;13.0473768;71.75440892;54.57710266;59.63669205;59.63669205;18.31281477;41.43816452;17.03973139;17.57152826;41.29797627;16.84577809;220.0;860133.0;49.0;13418.0;111.0;38288.0;44.14415;35.04492;0.258216239;38.45014373;32.37652672;45.3064693;29.7487153;46.02873546;2.0;LL
25;2539;Cundinamarca;Guasca;25322;2021;16858;14.11347728;0.860125756;55.73021711;321;2650.0;346;1;0;0;0;0;64.67501009;40.67131899;62.64695712;905965.75;19.93712184;3361.0;51.66666794;51.1932373;249.710144;175.0121207;28.51216722;10.01758088;136.4823726;1.038154708;16.29153861;5.723935486;77.9845259;54.57710266;59.63669205;59.63669205;17.03290177;43.1405155;18.14942392;16.22230122;42.42208793;18.67519848;162.0;671126.0;43.0;331288.0;101.0;760558.0;42.57426;43.55854;0.290523865;45.48798271;39.11001747;51.9333378;45.4185575;46.96278868;2.0;LL
25;2502;Cundinamarca;Guataquí;25324;2011;2458;2.807160293;;57.93327909;217;255.0;91;1;0;0;0;0;64.61916462;38.9025389;89.46295037;969618.0;79.90235964;1964.0;40.35;38.9;201.0;15.05415996;3.182497072;0.966415471;10.90524742;0.612455654;21.14031656;6.419590817;72.44009262;48.17021942;67.6867218;67.6867218;14.69230769;32.92307692;28.61538462;14.33506045;33.93782383;26.33851468;;;;;;;;;;91.15556173;89.89907531;92.3105824;69.2730568;88.61097183;0.0;
25;2502;Cundinamarca;Guataquí;25324;2016;2654;2.634388345;0.150715901;58.13865863;222;255.0;91;1;0;0;0;0;65.88700972;39.33069449;80.03674219;1118630.792;57.00828937;1513.0;47.11764706;44.26470588;231.5;20.69814047;3.286930006;2.004024802;15.40718566;0.77988472;15.88031548;9.682149007;74.43753551;48.17021942;67.6867218;67.6867218;15.23323615;34.11078717;31.19533528;13.88455538;34.24336973;31.20124805;;;;;;;;;;81.22218058;79.09306166;82.8920261;62.8412613;78.67996722;0.0;
25;2502;Cundinamarca;Guataquí;25324;2021;3129;4.157345265;;52.15723873;227;255.0;91;1;0;0;0;0;60.24502297;40.2143951;79.06493506;918761.25;42.09012464;1317.0;46.18518448;43.88888931;215.4814758;29.37906328;7.993127924;1.2896956;20.09623976;0.938928197;27.20688487;4.389845882;68.40326924;48.17021942;67.6867218;67.6867218;13.82716049;34.07407407;33.7654321;13.05500331;34.26110007;34.65871438;;;;;;;;;;71.78306479;69.46129327;73.9463394;71.6735072;;0.0;
25;2539;Cundinamarca;Guatavita;25326;2011;5347;5.570101615;;68.93585188;418;2700.0;249;1;0;0;0;0;75.6097561;39.30155211;81.84233835;534516.6667;59.22947447;3167.0;42.03488372;44.30232558;212.3139535;158.1861096;102.2556641;19.13606088;36.79438464;2.958408634;64.64263161;12.09718156;23.26018683;43.79611969;71.73210907;71.73210907;16.56284353;38.43898864;16.96592158;15.54621849;38.69365928;18.94576012;;;;;;;;;;82.95313055;81.24611663;84.5541934;63.0396744;83.94161574;2.0;LL
25;2539;Cundinamarca;Guatavita;25326;2016;5925;5.954992968;0.219409283;66.16033755;423;2700.0;249;1;0;0;0;0;73.07380373;39.5620438;68.93326593;685856.25;48.1350211;2852.0;51.09090909;49.90909091;252.1818182;123.004986;62.58226617;15.11693705;45.30578276;2.076033519;50.87782879;12.28969454;36.83247667;43.79611969;71.73210907;71.73210907;17.23097553;40.06034194;18.90714046;16.04350782;39.32698844;20.90414684;;;;;;;;;;73.71481356;71.44979962;75.6105922;57.0328429;73.49466329;2.0;LL
25;2539;Cundinamarca;Guatavita;25326;2021;6893;8.588423038;0.464239083;61.04743943;428;2700.0;249;1;0;0;0;0;68.61866069;40.19333147;66.16346776;905965.75;39.59088931;2729.0;52.02298737;50.06896591;246.4827576;141.2636496;66.74091321;11.21868765;63.30404874;2.049378349;47.24563849;7.941666296;44.81269521;43.79611969;71.73210907;71.73210907;15.65393519;41.72453704;20.48611111;14.54757056;40.03491417;23.30520803;;;;;;;;;;67.67774663;65.43807252;69.7540424;67.5744547;65.9648267;2.0;LL
25;2545;Cundinamarca;Guayabal de Síquima;25328;2011;3834;2.684315771;;78.56025039;166;1600.0;59;1;0;0;0;0;83.44258315;38.26171401;89.06864889;1025042.708;63.51069379;2435.0;42.45265823;42.93962025;209.3670886;63.09232602;36.32450021;8.67878682;18.08903899;1.645600574;57.57356322;13.75569323;28.67074354;49.32131958;62.98868942;62.98868942;14.21875;34.16666667;27.8125;14.05433647;35.26645768;24.60815047;;;;;;;;;;85.5575813;83.89564575;87.1117466;65.0189092;87.52915364;0.0;
25;2545;Cundinamarca;Guayabal de Síquima;25328;2016;4224;3.044113005;0.071022727;76.87026515;171;1600.0;59;1;0;0;0;0;82.24459199;37.54551296;81.77606178;939695.7083;55.01893939;2324.0;52.26229508;49.75409836;258.6721311;74.51123574;42.486094;8.969852975;23.05528876;1.763997058;57.01971465;12.03825555;30.94202979;49.32131958;62.98868942;62.98868942;13.78830084;34.67966574;30.54781801;13.76811594;34.49275362;29.27536232;;;;;;;;;;79.47239024;77.44527145;81.5105609;61.4874559;80.68681238;0.0;
25;2545;Cundinamarca;Guayabal de Síquima;25328;2021;4852;4.570280297;0.164880462;73.70156636;176;1600.0;59;1;0;0;0;0;79.72572276;38.04670126;80.37697745;908526.0;41.81780709;2029.0;53.16279221;49.2325592;246.6744232;101.493511;62.39711777;6.994199924;32.10219329;2.091787118;61.4789233;6.891277931;31.62979877;49.32131958;62.98868942;62.98868942;12.65822785;34.74887709;33.19722336;12.5676238;34.74823138;31.91843529;;;;;;;;;;71.81497479;69.35281682;73.9845448;71.7053685;75.19360319;0.0;
25;2562;Cundinamarca;Guayabetal;25335;2011;5064;7.638888889;;70.67535545;31;972.0;212;1;0;0;0;0;76.60606061;39.17171717;89.19614148;539950.0;72.78830964;3686.0;46.79735849;46.3190566;224.1886792;40.09862546;12.35167269;4.358147854;23.38880492;0.791836996;30.80323215;10.86857169;58.32819616;41.442173;42.23448944;41.442173;17.68813033;36.3072149;16.29169899;18.22204344;35.63958166;14.07884151;;;;;;;;;;84.55630765;82.86017047;86.3429207;64.257998;81.35224153;0.0;
25;2562;Cundinamarca;Guayabetal;25335;2016;5793;4.852120375;0.103573278;69.18694977;36;972.0;212;1;0;0;0;0;74.88955646;38.52270719;81.75400489;949706.7917;61.48800276;3562.0;50.16923077;47.46153846;247.4923077;54.81039211;15.17914877;5.990396401;33.64084694;0.946148664;27.6939248;10.92930769;61.37676751;41.442173;42.23448944;41.442173;17.22632639;39.38885158;14.84217596;18.54351687;37.93960924;13.07282416;;;;;;;;;;79.92773681;78.0806798;81.7111093;61.8397556;80.38419543;0.0;
25;2562;Cundinamarca;Guayabetal;25335;2021;6855;3.577680525;0.554339898;64.84318016;41;972.0;212;1;0;0;0;0;71.11408597;38.45009668;77.20804156;1061299.958;47.41064916;3250.0;51.20338821;48.28813553;239.6440735;95.33799691;41.65917616;5.120201621;48.55861912;1.390780407;43.69629897;5.37057814;50.93312289;41.442173;42.23448944;41.442173;15.69014085;41.74647887;16.05633803;16.88350983;39.57639939;14.94704992;;;;;;;;;;74.7425187;72.52162134;76.8436968;74.6284443;78.92934779;0.0;
25;2562;Cundinamarca;Gutiérrez;25339;2011;3130;2.542598509;;74.31309904;124;2275.0;427;1;0;0;0;0;79.01113294;37.52455796;90.39164491;980578.5;88.53035144;2771.0;41.05170213;41.09680851;204.2340426;32.13772504;16.3556432;2.300743125;13.48133871;1.026764378;50.89234904;7.159010547;41.94864042;30.10149574;30.10149574;30.10149574;18.09927361;36.31961259;16.04116223;16.91474966;35.58863329;15.89986468;;;;;;;;;;91.16579426;89.77484994;92.3818468;69.280833;91.19129306;0.0;
25;2562;Cundinamarca;Gutiérrez;25339;2016;3286;2.743964293;0.030432136;72.12416312;129;2275.0;427;1;0;0;0;0;77.73083887;37.11526856;76.17481203;1153461.667;78.60620816;2583.0;48.1875;44.125;234.9791667;46.91606801;24.41689274;4.639594839;17.85958043;1.427756178;52.04377472;9.889138276;38.067087;30.10149574;30.10149574;30.10149574;19.47156806;38.4836301;17.17403791;17.73462783;36.9579288;16.69902913;;;;;;;;;;88.07296168;86.71124521;89.544284;68.141682;85.66259694;0.0;
25;2562;Cundinamarca;Gutiérrez;25339;2021;3690;3.79403794;0.352303523;67.53387534;134;2275.0;427;1;0;0;0;0;74.09298576;37.19430261;73.2476151;1243212.583;71.89701897;2653.0;46.47058868;45.0;216.8823547;40.884019;15.29111864;1.929919294;23.66298107;1.107967995;37.40121204;4.720473529;57.87831443;30.10149574;30.10149574;30.10149574;17.78455285;40.14227642;18.80081301;16.49245064;37.97909408;18.87340302;;;;;;;;;;83.73691137;81.81901682;85.5413592;83.6091095;84.15126374;0.0;
25;2502;Cundinamarca;Jerusalén;25368;2011;2319;2.810119304;;71.75506684;132;300.0;236;1;0;0;0;0;77.59423973;35.83227446;86.17021277;882477.6667;96.89521345;2247.0;42.70588235;42.35294118;204.5588235;37.63564484;17.37332188;7.951374247;12.31094871;1.622925607;46.1618818;21.12724329;32.71087492;58.31902313;58.31902313;58.31902313;13.93700787;34.64566929;28.74015748;13.82268827;34.89037178;23.73689228;;;;;;;;;;93.41045975;92.20657822;94.5445964;70.9866514;90.8752767;0.0;
25;2502;Cundinamarca;Jerusalén;25368;2016;2319;3.99956878;0.086244071;64.38119879;137;300.0;236;1;0;0;0;0;71.90456602;37.39201974;83.71104816;958745.2917;79.64639931;1847.0;48.76470588;46.82352941;237.8823529;46.74333084;26.21636343;6.589230929;13.93773648;2.015667565;56.08578371;14.09662258;29.81759372;58.31902313;58.31902313;58.31902313;12.02582728;35.67393059;31.23486683;12.68518519;35.83333333;30.27777778;;;;;;;;;;87.42752375;85.74660935;89.0486355;67.6423094;81.72495806;0.0;
25;2502;Cundinamarca;Jerusalén;25368;2021;2427;4.697156984;0.082406263;61.18665019;142;300.0;236;1;0;0;0;0;68.91089109;37.26732673;86.4640884;975788.25;69.42727647;1685.0;50.5;48.04999924;230.8999939;78.54151936;53.36035891;6.485294916;18.69586553;3.236156546;67.93904593;8.257154901;23.80379917;58.31902313;58.31902313;58.31902313;10.69518717;35.82887701;33.53705118;10.82289803;34.79427549;34.16815742;;;;;;;;;;82.52343437;80.63058975;84.526044;82.3974845;81.42075091;0.0;
25;2539;Cundinamarca;Junín;25372;2011;5797;2.916738543;;88.78730378;143;2325.0;337;1;0;0;0;0;92.07298833;37.46634759;90.89057043;1022344.417;94.08314646;5454.0;43.65625;43.0625;217.53125;42.85593274;11.54095553;3.402717474;27.91225974;0.739277777;26.92965661;7.939898298;65.13044509;65.21647644;65.21647644;65.21647644;15.62282533;31.52400835;28.11412665;14.33458775;35.4772494;27.74546699;;;;;;;;;;92.18050233;90.88457104;93.3685448;70.0519536;91.21030062;0.0;
25;2539;Cundinamarca;Junín;25372;2016;5737;3.404799256;0.052292139;86.68293533;148;2325.0;337;1;0;0;0;0;90.75921909;37.4692697;78.99633493;947917.875;78.22903957;4488.0;48.83333333;47.69047619;242.9166667;58.15955363;19.01000062;5.87664874;33.27290427;1.013762483;32.68594657;10.10435668;57.20969676;65.21647644;65.21647644;65.21647644;15.45324768;32.9407566;31.40613847;14.10562181;35.05962521;32.26575809;;;;;;;;;;86.85613356;85.22443109;88.3860826;67.2002272;83.97099024;0.0;
25;2539;Cundinamarca;Junín;25372;2021;6225;3.888888889;0.16064257;81.84738956;153;2325.0;337;1;0;0;0;0;87.22920567;37.87108853;78.92670157;910106.3333;66.20080321;4121.0;49.37662506;49.64934921;239.4675293;105.4028925;56.86863982;4.961620686;43.57263198;1.693219156;53.9535856;4.707290823;41.33912358;65.21647644;65.21647644;65.21647644;14.04958678;33.3553719;33.85123967;12.5625;35.0625;34.84375;;;;;;;;;;80.46035312;78.35996548;82.448406;80.337552;81.22611949;0.0;
25;2539;Cundinamarca;La Calera;25377;2011;23139;8.901277785;;58.94809629;239;2581.0;340;1;0;0;0;0;66.74252002;41.3990729;65.54139324;533883.3333;27.76697351;6425.0;49.5584326;50.87213166;237.0971787;341.7182438;51.05902329;120.892051;169.7671695;1.476806447;14.94184879;35.37769879;49.68045242;42.61787415;42.61787415;42.61787415;16.86219576;42.03291893;15.82910173;16.52300077;44.56772211;15.48177861;;;;;;;;;;65.82890904;63.73202673;68.0029421;50.0262372;61.86828776;2.0;LL
25;2539;Cundinamarca;La Calera;25377;2016;27322;13.0002074;1.51892248;56.00980895;244;2581.0;340;1;0;0;0;0;64.35312554;41.53230019;57.42712425;686453.75;24.03923578;6568.0;57.41158537;56.88109756;288.0853659;489.9392421;95.07004143;184.5144775;210.3547232;1.793204166;19.40445534;37.66068559;42.93485907;42.61787415;42.61787415;42.61787415;16.89153932;43.19045844;18.17368617;15.82656216;45.11397138;18.59495218;;;;;;;;;;55.73224151;53.4451159;57.9559246;43.1198021;52.53231229;2.0;LL
25;2539;Cundinamarca;La Calera;25377;2021;33112;15.67734759;12.36711766;50.47414835;249;2581.0;340;1;0;0;0;0;59.23226012;41.99716509;54.46567945;914056.5;15.852259;5249.0;56.26050568;54.81232452;271.9971924;531.4145738;87.8388015;122.8329703;320.742802;1.604900259;16.52924211;23.1143398;60.35641809;42.61787415;42.61787415;42.61787415;15.54969649;44.91998283;19.46164694;14.59263227;46.00368982;20.52014521;;;;;;;;;;51.35147685;48.78303518;54.0490424;51.2731026;50.32424236;2.0;LL
25;2587;Cundinamarca;La Mesa;25386;2011;25039;9.214292371;;51.98690044;217;1275.0;151;1;0;0;0;0;60.07205765;42.08166533;85.61018841;533883.3333;54.21143017;13574.0;47.625;47.48511905;227.0863095;497.8467922;99.18894533;40.99613518;357.6617117;1.988285444;19.92358831;8.234689028;71.84172266;42.36177063;42.36177063;42.36177063;14.19318727;34.90324644;26.74716136;14.31421048;36.79885103;25.71610947;344.0;88322.0;124.0;32171.0;162.0;43044.0;76.54320988;74.73980113;0.145818386;75.1346833;70.51104834;79.8137715;57.0980979;75.90227426;0.0;
25;2587;Cundinamarca;La Mesa;25386;2016;29823;9.970771999;0.841632297;49.42158737;222;1275.0;151;1;0;0;0;0;57.97350425;41.78202121;76.45934031;685696.25;48.2848808;14400.0;56.66773163;55.68370607;279.9169329;846.7152342;189.6123568;85.58582647;571.5170509;2.83913501;22.39387567;10.10798236;67.49814198;42.36177063;42.36177063;42.36177063;14.52063915;36.11850866;28.18908123;14.08498277;37.41809093;28.24427481;339.0;1417642.0;128.0;40979.0;168.0;53278.0;76.19048;76.91543;0.13745802;76.35960543;71.92361319;80.7720654;59.0791073;73.14315969;0.0;
25;2587;Cundinamarca;La Mesa;25386;2021;36321;11.08587319;1.726274056;44.04063765;227;1275.0;151;1;0;0;0;0;52.7439856;42.47176913;74.7854124;905965.75;43.47622587;15791.0;56.62105179;54.44210434;268.4842224;1547.985659;543.1660401;71.98125645;932.8383627;4.261957708;35.08857055;4.649995045;60.26143441;42.36177063;42.36177063;42.36177063;13.1799507;37.25006847;30.01369488;12.69235027;37.68404738;31.03066534;247.0;1226065.0;85.0;141864.0;118.0;189672.0;72.0339;74.79438;0.241806102;74.10479259;68.68915138;78.7656511;73.9916915;72.06871768;2.0;LL
25;2570;Cundinamarca;La Palma;25394;2011;9255;2.072753467;;61.26418152;448;1452.0;191;1;0;0;0;0;69.06459948;39.61757106;80.95986038;1064710.375;85.39168017;7903.0;42.525;44.00833333;210.3416667;92.86008358;40.98480921;7.300717221;44.57455715;1.003350444;44.13608908;7.862061867;48.00184905;43.35677719;106.3582916;106.3582916;13.29987453;34.88080301;30.05018821;12.6984127;36.30672926;29.48803935;;;;;;;;;;92.34915382;91.07130853;93.5003775;70.1801191;89.59825238;1.0;HH
25;2570;Cundinamarca;La Palma;25394;2016;9251;3.179836414;0.151334991;58.00454005;453;1452.0;191;1;0;0;0;0;67.33108453;39.4357559;78.19195262;1269035.25;72.78132094;6733.0;47.93370166;44.43093923;232.7955801;142.6454747;71.06191341;14.31942893;57.26413237;1.541946543;49.81715232;10.03847403;40.14437366;43.35677719;106.3582916;106.3582916;12.80653951;34.22762524;33.78746594;12.07589286;34.28571429;34.0625;;;;;;;;;;85.69986032;84.06209141;87.4121163;66.3056234;79.85621937;1.0;HH
25;2570;Cundinamarca;La Palma;25394;2021;10153;3.725499852;0.196986112;53.37338718;458;1452.0;191;1;0;0;0;0;63.04694088;39.75452075;77.68752986;1262819.792;59.83453167;6075.0;49.74311829;47.40367126;234.8807373;145.9034552;72.02505343;7.136755627;66.74164615;1.437047722;49.36487168;4.891423316;45.74370501;43.35677719;106.3582916;106.3582916;11.49600305;34.94480396;35.59192996;10.67564809;34.19065115;36.8238416;;;;;;;;;;78.40042276;76.42241219;80.47787;78.2807656;82.84404185;0.0;
25;2536;Cundinamarca;La Peña;25398;2011;5797;2.438042666;;84.66448163;311;1230.0;132;1;0;0;0;0;88.4706253;34.58812411;82.84354884;923615.9583;95.35966879;5528.0;42.03896104;44.68831169;210.1948052;88.31365519;3.368417022;60.75169565;24.19354251;1.523437212;3.814151973;68.79082915;27.39501888;42.58216095;94.28720093;94.28720093;12.88805268;36.03010348;29.38225149;12.61503067;35.27607362;27.91411043;139.0;25231.0;61.0;10662.0;66.0;11618.0;92.42424242;91.77138922;0.129900349;91.26487896;87.15900311;95.2917644;69.3561317;91.44106709;0.0;
25;2536;Cundinamarca;La Peña;25398;2016;5813;2.976088078;0.034405643;83.15843798;316;1230.0;132;1;0;0;0;0;87.47731397;34.98185118;80.46940486;951787.3333;80.87046276;4701.0;48.55555556;46.22222222;237.3333333;61.12684258;6.452467625;26.56210435;28.11227061;1.051554147;10.55586605;43.45407554;45.99005841;42.58216095;94.28720093;94.28720093;12.7592709;35.22941546;33.06096794;13.22690992;34.39756746;32.87723299;113.0;453669.0;52.0;14128.0;60.0;16979.0;86.66666;83.20867;0.493886275;84.49813188;78.13242876;89.8017182;65.3758511;81.75759966;0.0;
25;2536;Cundinamarca;La Peña;25398;2021;6333;3.388336228;0.110532133;79.14100742;321;1230.0;132;1;0;0;0;0;84.27917303;35.00763147;80.2634978;994580.3333;66.114006;4187.0;52.9629631;50.05555725;245.5370331;82.16731418;12.14876976;33.48085384;36.53769058;1.297446932;14.78540448;40.74716836;44.46742716;42.58216095;94.28720093;94.28720093;11.57048521;35.77375825;35.28567327;12.14035088;33.92982456;36.21052632;102.0;292890.0;49.0;56667.0;57.0;68412.0;85.96491;82.83196;0.301643228;82.08341772;74.24699261;87.9488186;81.9581394;82.9750308;0.0;
25;2536;Cundinamarca;La Vega;25402;2011;13301;6.868531188;;66.65664236;406;1200.0;155;1;0;0;0;0;73.10223782;39.64458096;80.42806183;533883.3333;63.94256071;8505.0;44.70588235;45.81932773;218.2310924;144.7683126;42.944829;15.7951348;86.02834877;1.088401718;29.66452274;10.9106299;59.42484736;55.10375977;67.97531891;67.97531891;15.97120188;36.90861005;21.40758155;16.18167821;38.55273287;20.40030793;;;;;;;;;;83.51928;81.91020296;85.0782527;63.4699158;86.91816229;0.0;
25;2536;Cundinamarca;La Vega;25402;2016;15561;9.546837178;0.469121522;64.32105906;411;1200.0;155;1;0;0;0;0;71.54934755;40.4092385;76.84604491;685696.25;47.6704582;7418.0;54.39247312;52.56451613;265.6505376;253.1985891;56.46491463;73.46059374;123.2730808;1.627135718;22.30064347;29.01303439;48.68632214;55.10375977;67.97531891;67.97531891;15.2272433;37.2264664;24.2910786;15.13141107;38.21127839;24.01122735;;;;;;;;;;69.55547748;67.44531306;71.557486;53.8147819;79.5776795;0.0;
25;2536;Cundinamarca;La Vega;25402;2021;18767;8.944334914;0.61810625;59.39681356;416;1200.0;155;1;0;0;0;0;67.18105424;40.99312452;74.80545561;905965.75;41.98859701;7880.0;52.58285904;50.18285751;248.6171417;318.4942585;96.43713538;51.16410039;170.8930227;1.697097344;30.27908127;16.06437134;53.65654739;55.10375977;67.97531891;67.97531891;13.84880465;38.43420202;26.24380788;13.62725451;38.71954435;26.74823331;;;;;;;;;;66.56374971;64.40029214;68.8331035;66.462158;78.11610527;0.0;
25;2590;Cundinamarca;Lenguazaque;25407;2011;8640;17.8279321;;75.11574074;231;2600.0;160;1;0;0;0;0;80.29735425;38.57410443;89.22211809;533950.0;74.57175926;6443.0;41.24261905;44.08253968;207.1428571;246.6309517;106.633088;93.09967284;46.89819085;2.854524904;43.23589041;37.74857624;19.01553334;16.20771408;116.1795731;116.1795731;17.20502467;38.44773441;13.70569762;17.62314682;36.10712578;15.20803443;;;;;;;;;;78.17293349;76.26829615;80.2031639;59.4069957;79.642463;2.0;LL
25;2590;Cundinamarca;Lenguazaque;25407;2016;9471;13.82817724;0.042234189;73.20240735;236;2600.0;160;1;0;0;0;0;78.82377829;38.37529088;84.02208466;685696.25;55.49572379;5256.0;51.15555556;52.8;256.7333333;223.973789;110.7835277;54.51335119;58.67691013;2.36483781;49.4627198;24.3391655;26.19811469;16.20771408;116.1795731;116.1795731;16.31147541;39.28278689;14.75409836;16.51056415;38.18340231;16.09671096;;;;;;;;;;72.04987363;69.80943544;73.9827266;55.7446858;72.26137378;2.0;LL
25;2590;Cundinamarca;Lenguazaque;25407;2021;11014;19.53801223;0.345015435;68.68530961;241;2600.0;160;1;0;0;0;0;75.07943713;38.50204267;79.91768379;905965.75;39.45887053;4346.0;50.50980377;51.80392075;241.7352905;240.9243157;84.41890649;76.05044494;80.4549643;2.187437041;35.03959583;31.56611432;33.39428984;16.20771408;116.1795731;116.1795731;15.02900334;41.09685358;16.04851468;15.00469484;39.54929577;17.97183099;;;;;;;;;;60.26829764;58.11742598;62.7143092;60.1763143;65.10202554;2.0;LL
25;2501;Cundinamarca;Machetá;25426;2011;6048;2.739197531;;80.17526455;246;2108.0;224;1;0;0;0;0;85.62713882;37.04805832;84.79738918;847859.9167;79.86111111;4830.0;42.0;44.25641026;212.1794872;60.90007455;29.95957663;4.128537804;26.81196012;1.006945677;49.19464689;6.779199918;44.0261532;37.45130157;95.64933777;95.64933777;15.07069409;35.05784062;27.47429306;13.35149864;35.93324251;27.48637602;112.0;36629.0;52.0;14723.0;54.0;14821.0;96.2962963;99.33877606;0.002473389;98.48818213;95.25241106;99.7702387;74.8454325;93.87461291;0.0;
25;2501;Cundinamarca;Machetá;25426;2016;6009;3.580740001;0.116491929;76.21900483;251;2108.0;224;1;0;0;0;0;82.60680035;36.98052892;71.35107207;752151.6667;71.2431353;4281.0;49.88888889;51.98611111;254.0555556;69.8087623;29.94890012;6.593687951;33.26617423;1.161736767;42.90134811;9.445358625;47.65329327;37.45130157;95.64933777;95.64933777;15.28497409;38.11528497;27.91450777;13.48853132;37.89798014;28.92844916;107.0;204165.0;67.0;25302.0;71.0;26574.0;94.3662;95.21336;0.142876292;93.18202634;88.5964162;96.8520254;72.094544;89.19177816;0.0;
25;2501;Cundinamarca;Machetá;25426;2021;6536;5.683904529;0.336597307;69.20134639;256;2108.0;224;1;0;0;0;0;77.00202566;37.60972316;70.37830121;906067.1667;63.57099143;4155.0;52.53333282;54.70000076;256.5499878;95.09301379;47.87590385;4.343182985;42.87392695;1.454911472;50.34639449;4.567299755;45.08630576;37.45130157;95.64933777;95.64933777;14.07694602;39.18878616;29.40650164;12.22117499;38.14011938;31.25981778;84.0;211669.0;42.0;76984.0;53.0;98844.0;79.24529;77.88435;0.403159903;78.35978904;70.03219451;85.2796826;78.2401939;77.62626677;0.0;
25;2572;Cundinamarca;Madrid;25430;2011;77772;13.38292273;;9.670575528;177;2550.0;120;1;0;0;0;0;12.90857599;49.19184491;67.85761272;535686.6667;18.30478836;14236.0;46.73035782;46.5402919;223.8314501;940.1680285;91.67826162;450.5793324;397.9104345;1.208877268;9.75126348;47.92540468;42.32333184;43.8951149;43.8951149;43.8951149;20.88492353;41.44990115;9.686817189;19.33482506;43.07109439;11.26678194;399.0;54357.0;99.0;15386.0;212.0;29493.0;46.69811321;52.16831112;0.176079571;52.301409;47.82054796;57.468617;39.7461045;48.49756598;2.0;LL
25;2572;Cundinamarca;Madrid;25430;2016;99781;13.89217386;3.486635732;8.799270402;182;2550.0;120;1;0;0;0;0;12.00691253;49.48336074;61.47080625;685696.25;12.56551849;12538.0;53.72910927;53.12213039;267.3067034;1443.171584;120.2684697;644.0894206;678.8136934;1.446339066;8.333622351;44.63013462;47.03624303;43.8951149;43.8951149;43.8951149;19.22599043;44.47703432;10.62022609;18.42520617;44.8447303;12.737245;316.0;741271.0;55.0;14275.0;154.0;38107.0;35.71429;37.46031;0.219840184;38.26305535;33.10512372;43.2023232;29.6039659;40.26956359;2.0;LL
25;2572;Cundinamarca;Madrid;25430;2021;126386;15.04432189;3.614324371;4.794043644;187;2550.0;120;1;0;0;0;0;6.688201551;50.24012349;57.78653057;905965.75;13.55925498;17137.0;55.28737259;53.40821075;262.2207642;1937.62148;132.3664383;722.6413707;1082.613671;1.533098191;6.831387847;37.29528074;55.87333141;43.8951149;43.8951149;43.8951149;17.65558329;46.96079221;11.44191289;16.91946298;46.38851294;14.17526174;255.0;605434.0;47.0;319589.0;120.0;857437.0;39.16667;37.27259;0.258851307;37.8916211;31.88042947;43.4602628;37.8337897;39.81911574;2.0;LL
25;2501;Cundinamarca;Manta;25436;2011;3797;2.653410587;;78.90439821;211;1900.0;103;1;0;0;0;0;84.68241229;37.83535886;99.71777987;890046.3333;81.30102713;3087.0;39.98888889;41.71111111;204.4666667;28.94088807;7.623598121;2.882529143;18.4347608;0.762204058;26.34196332;9.960057675;63.697979;45.93963242;95.70503235;95.70503235;12.87799791;33.21167883;31.90823775;11.8147951;31.45290048;37.94571581;91.0;30251.0;47.0;12965.0;50.0;15469.0;94.0;83.81278686;0.744689349;85.71187437;78.65575406;90.9525656;65.1361632;91.04532642;0.0;
25;2501;Cundinamarca;Manta;25436;2016;3683;3.477690289;0.081455335;74.9389085;216;1900.0;103;1;0;0;0;0;81.25730311;37.71909325;82.14928058;873418.7917;72.60385555;2674.0;48.41818182;49.32727273;247.6727273;45.22905998;20.60144746;4.769128615;19.85848391;1.228049416;45.54913913;10.5443903;43.90647056;45.93963242;95.70503235;95.70503235;12.98563065;33.63491219;34.96540713;11.14190687;34.53436807;38.63636364;61.0;125494.0;27.0;8100.0;35.0;11118.0;77.14286;72.85483;1.1599591;78.02817591;68.68855283;86.0126972;60.3700733;77.71411619;0.0;
25;2501;Cundinamarca;Manta;25436;2021;3983;4.328814127;0.150640221;69.47024856;221;1900.0;103;1;0;0;0;0;76.85788787;38.09213385;80.96033403;923572.0;57.77052473;2301.0;51.66666794;50.63636398;246.8484802;64.03855581;33.76450975;3.361026032;26.91302003;1.607797033;52.72528295;5.248441334;42.02627572;45.93963242;95.70503235;95.70503235;11.4017769;34.69891412;37.56169793;10.06642821;33.98058252;41.18548799;51.0;123270.0;37.0;66832.0;43.0;79677.0;86.04651;83.87866;0.614741631;81.94079711;73.12549601;89.3920382;81.8157365;83.12643311;0.0;
25;2550;Cundinamarca;Medina;25438;2011;8073;2.860357571;;62.39316239;217;533.0;1192;1;0;0;0;0;68.97330323;39.50059769;96.60385173;825121.1667;85.92840332;6937.0;42.91777778;42.92344444;209.1777778;55.61595551;7.379381183;6.26597712;41.9705972;0.688913112;13.26846067;11.26650988;75.46502945;44.10739899;85.90771484;44.10739899;17.50526562;32.69365785;18.3711678;16.63157895;35.92105263;16.55263158;;;;;;;;;;89.61678296;88.12868272;90.8014895;68.1036722;88.90170554;0.0;
25;2550;Cundinamarca;Medina;25438;2016;7921;3.562260657;0.075748012;53.28872617;222;533.0;1192;1;0;0;0;0;61.56820909;40.33871183;86.57294214;1122989.542;77.17459917;6113.0;49.11650485;47.26213592;242.0291262;105.888142;36.96225146;11.24554583;57.68034476;1.336802702;34.90688451;10.62021262;54.47290286;44.10739899;85.90771484;44.10739899;16.94145759;35.14934289;20.09557945;16.11349036;37.15203426;19.8875803;;;;;;;;;;84.52723549;82.74007228;86.0071605;65.3983685;84.08670848;0.0;
25;2550;Cundinamarca;Medina;25438;2021;8544;4.276880462;0.76076779;41.59644195;227;533.0;1192;1;0;0;0;0;50.02541296;42.18551461;83.00018681;1235304.208;66.03464419;5642.0;49.88636398;49.88636398;236.7159119;112.422979;48.39464885;6.366292827;57.66203737;1.315812021;43.0469369;5.662803887;51.29025922;44.10739899;85.90771484;44.10739899;15.486329;36.97893321;20.99955177;14.7966683;38.36354728;21.82753552;;;;;;;;;;78.85826617;76.86229068;80.8082849;78.7379102;83.11070902;0.0;
25;2572;Cundinamarca;Mosquera;25473;2011;85939;8.547535655;;2.376103981;150;2543.0;107;1;0;0;0;0;3.2675709;51.47965475;68.9517573;596916.6667;22.49037108;19328.0;48.4693423;47.85608371;229.5956652;1541.506827;42.89627481;903.377804;595.232748;1.79372209;2.782749584;58.60355519;38.61369523;30.61532211;30.61532211;30.61532211;18.81214086;42.72191889;9.234400706;18.38038093;44.64748398;10.61184599;360.0;65283.0;77.0;14450.0;171.0;31772.0;45.02923977;45.48029712;0.159676676;46.06220311;41.02346352;50.9871911;35.0046618;70.33959508;2.0;LL
25;2572;Cundinamarca;Mosquera;25473;2016;114348;11.62256154;6.101549655;1.86798195;155;2543.0;107;1;0;0;0;0;2.495680553;51.3299631;58.40220386;691921.0;16.34396754;18689.0;55.82131461;55.09827696;276.5896618;2259.599372;131.5923247;1112.445464;1015.561583;1.976072491;5.823701599;49.23197794;44.94432046;30.61532211;30.61532211;30.61532211;19.40872427;44.64793519;10.90265233;18.43758022;46.08197142;12.76974416;282.0;784939.0;78.0;22691.0;148.0;43913.0;52.7027;51.67263;0.257942989;50.8887279;45.43046893;56.6733845;39.3723959;62.01655025;2.0;LL
25;2572;Cundinamarca;Mosquera;25473;2021;142784;15.65750831;7.839113626;1.244537203;160;2543.0;107;1;0;0;0;0;1.686250572;51.43021856;55.2632089;905965.75;12.86978933;18376.0;56.66441345;54.52646255;269.6514587;3052.196416;205.8693304;1379.319937;1467.007149;2.137631959;6.744956821;45.19106077;48.06398241;30.61532211;30.61532211;30.61532211;17.84567299;46.91030567;11.82686242;16.99435895;47.41360425;14.24913741;256.0;767307.0;70.0;521975.0;132.0;992816.0;53.0303;52.5752;0.218083221;51.52290272;45.75187598;56.8308579;51.4442668;68.05027674;2.0;LL
25;2502;Cundinamarca;Nariño;25483;2011;1984;4.410282258;;31.70362903;112;262.0;54;1;0;0;0;0;38.02895323;43.15144766;82.00161421;845567.7917;86.74395161;1721.0;40.3030303;43.57575758;201.1818182;14.07987187;2.360491672;1.020773112;10.69860708;0.709670961;16.76500819;7.249875008;75.9851168;45.40086365;68.4497757;68.4497757;14.29951691;35.84541063;25.31400966;15.17386723;37.09167545;22.76080084;;;;;;;;;;90.46372285;89.12296018;91.7990142;68.7472985;86.41007081;0.0;
25;2502;Cundinamarca;Nariño;25483;2016;2145;4.902874903;0.466200466;30.86247086;117;262.0;54;1;0;0;0;0;38.31775701;42.89227742;70.57142857;707951.4167;65.36130536;1402.0;47.51724138;43.75862069;232.4827586;19.86251064;1.323622406;1.968981627;16.5699066;0.925991172;6.663922954;9.913055115;83.42302193;45.40086365;68.4497757;68.4497757;15.56350626;37.83542039;26.29695886;16.26095424;36.51411879;27.0691334;;;;;;;;;;82.48236209;80.64126143;84.3281671;63.8162585;76.08417592;0.0;
25;2502;Cundinamarca;Nariño;25483;2021;2555;6.112198304;0.11741683;27.27984344;122;262.0;54;1;0;0;0;0;34.55518946;43.28665568;69.10617876;908526.0;47.35812133;1210.0;47.47826004;43.04347992;220.0434723;27.92124012;5.521330064;1.285786073;21.11412398;1.092807832;19.77465915;4.605046436;75.62029442;45.40086365;68.4497757;68.4497757;13.69760479;39.29640719;28.44311377;14.43806399;36.99753897;30.59885152;;;;;;;;;;71.73625917;69.53613709;74.1698509;71.626773;75.24956447;0.0;
25;2571;Cundinamarca;Nemocón;25486;2011;10166;7.600498393;;52.90182963;233;2583.0;99;1;0;0;0;0;60.1085915;42.59554988;83.05842454;533883.3333;42.8585481;4357.0;43.9085443;45.43139241;220.2278481;87.34461348;14.26130692;12.57218976;60.51111679;0.859183686;16.32763184;14.39377801;69.27859016;24.16298866;84.8164444;84.8164444;19.12139635;37.53677192;11.90429496;18.88691533;39.45135188;12.29524373;;;;;;;;;;74.80029722;72.6245999;76.7112443;56.8439834;71.72696789;2.0;LL
25;2571;Cundinamarca;Nemocón;25486;2016;12043;10.9385812;0.581250519;51.87245703;238;2583.0;99;1;0;0;0;0;58.89826744;42.87872057;78.3624984;685696.25;30.8477954;3715.0;51.34020619;50.22680412;252.7525773;115.8044373;17.51710244;15.53137523;82.75595964;0.961591276;15.12645184;13.41172721;71.46182094;24.16298866;84.8164444;84.8164444;18.59296482;38.37520938;12.7638191;18.93627532;39.81557714;13.3047917;;;;;;;;;;61.27961864;58.9849138;63.4951131;47.4117846;61.21410527;2.0;LL
25;2571;Cundinamarca;Nemocón;25486;2021;14611;12.3719572;1.478338238;48.56614879;243;2583.0;99;1;0;0;0;0;55.90057584;43.14454406;74.10482615;905965.75;21.77126822;3181.0;52.19662857;51.00561905;247.617981;155.3934071;26.48670017;10.86026322;118.0464437;1.063537109;17.04493174;6.988882875;75.96618538;24.16298866;84.8164444;84.8164444;17.19983382;40.40991552;14.08392189;17.64546685;41.04194858;15.0473613;;;;;;;;;;56.82336261;54.45326393;59.097365;56.736637;60.95532604;2.0;LL
25;2502;Cundinamarca;Nilo;25488;2011;8069;5.942495972;;76.52745074;112;400.0;220;1;0;0;0;0;81.52048286;23.26955182;44.92847854;591195.4167;41.96306853;3386.0;43.13513514;43.23423423;210.4324324;108.6042338;20.96116705;7.352863046;80.29020369;1.345944154;19.30050636;6.770328181;73.92916546;52.35788727;52.35788727;52.35788727;53.58627859;24.44559945;7.986832987;16.15150196;39.6168916;15.75968655;;;;;;;;;;91.30305745;89.59870841;92.7299609;69.3851452;78.75147849;0.0;
25;2502;Cundinamarca;Nilo;25488;2016;9802;5.765830103;0.346867986;75.31116099;117;400.0;220;1;0;0;0;0;80.76883858;25.28805955;43.41033516;717835.0;28.12691287;2757.0;53.52112676;52.28169014;266.2394366;136.3092666;27.15074712;13.39054061;95.76797888;1.390627082;19.91848962;9.823646581;70.2578638;52.35788727;52.35788727;52.35788727;52.74399288;24.7552655;9.3147434;15.88235294;41.33986928;16.89542484;;;;;;;;;;85.85431285;83.95027745;87.6951015;66.4251227;67.40967344;0.0;
25;2502;Cundinamarca;Nilo;25488;2021;11964;6.305722724;0.902708124;69.75927783;122;400.0;220;1;0;0;0;0;76.10567678;27.32213026;45.43234543;1005313.292;16.9926446;2033.0;54.28358078;55.25373077;262.7313538;203.6665742;43.36327777;9.124066596;151.1792298;1.702328437;21.29130808;4.479903801;74.22878811;52.35788727;52.35788727;52.35788727;47.89334675;27.26701044;11.20613759;14.55270371;42.36232245;18.58958385;;;;;;;;;;73.30377334;70.58567211;75.8275885;73.1918948;67.55379072;0.0;
25;2536;Cundinamarca;Nimaima;25489;2011;3295;2.746585736;;84.70409712;107;1175.0;62;1;0;0;0;0;89.46953782;35.05777311;84.375;670510.3333;78.17905918;2576.0;46.16071429;45.85714286;218.75;23.18693137;1.140118976;1.872991098;20.17382129;0.703700497;4.917075736;8.077787735;87.00513653;43.84600449;84.23226166;84.23226166;11.32612408;36.02731929;33.18155948;11.44343303;36.54096229;32.37971391;52.0;9542.0;21.0;3978.0;22.0;4213.0;95.45454545;94.42202706;0.304168975;93.63509946;87.21946053;97.9848065;71.1573649;92.70551014;0.0;
25;2536;Cundinamarca;Nimaima;25489;2016;3532;3.253586259;0.141562854;80.12457531;112;1175.0;62;1;0;0;0;0;85.04975124;35.59701493;77.77270653;778566.8333;61.7214043;2180.0;48.56;48.6;243.08;27.62978856;3.027931204;2.842627297;21.75923006;0.782270344;10.9589373;10.28827018;78.75279252;43.84600449;84.23226166;84.23226166;12.87393162;36.96581197;32.05128205;13.37349398;34.93975904;31.92771084;44.0;210714.0;16.0;6401.0;23.0;8775.0;69.56522;72.94587;1.255554613;78.62886389;69.78639859;87.0741341;60.8348231;75.37129046;0.0;
25;2536;Cundinamarca;Nimaima;25489;2021;3878;5.599965618;0.335224342;76.09592573;117;1175.0;62;1;0;0;0;0;81.95981034;35.9223301;77.96822742;905965.75;48.78803507;1892.0;52.06383133;46.93616867;239.6808472;41.51832369;9.711488944;2.015414456;29.79142029;1.070611751;23.3908503;4.854277043;71.75487265;43.84600449;84.23226166;84.23226166;11.91054934;36.9956247;33.78706855;12.13618891;35.31026908;34.76112026;39.0;125231.0;12.0;22981.0;13.0;23790.0;92.30769;96.59941;0.145237183;90.29113188;82.21608541;96.2412889;90.1533267;89.1325949;0.0;
25;2536;Cundinamarca;Nocaima;25491;2011;5377;4.576591656;;71.19211456;276;1100.0;71;1;0;0;0;0;76.93121693;37.56613757;79.03321471;733701.0417;70.8573554;3810.0;47.19791667;48.22916667;226.0625;75.98235497;1.605399076;48.07833432;26.29862158;1.413099404;2.112857751;63.27565701;34.61148524;47.23363495;77.82292938;77.82292938;13.47642505;38.10696692;26.74173118;14.12228797;35.85798817;26.31163708;;;;;;;;;;80.69723318;78.95791893;82.4571776;61.3253203;86.36532165;0.0;
25;2536;Cundinamarca;Nocaima;25491;2016;5770;4.221548238;0.20797227;69.65337955;281;1100.0;71;1;0;0;0;0;75.1953125;37.74414063;76.85722176;754409.25;54.19410745;3127.0;51.28089888;49.84269663;252.1910112;69.113588;10.69538725;23.40880797;35.00939278;1.197809151;15.47508609;33.87005168;50.65486223;47.23363495;77.82292938;77.82292938;13.4557596;36.49415693;30.15025042;13.00900901;35.27927928;29.26126126;;;;;;;;;;78.06864135;75.99009604;80.0007139;60.4013812;77.22941801;0.0;
25;2536;Cundinamarca;Nocaima;25491;2021;6635;4.967344888;0.165787491;65.59155991;286;1100.0;71;1;0;0;0;0;71.71331637;38.33757422;76.08486017;908526.0;41.16051243;2731.0;50.35555649;47.13333511;235.2444458;100.1394852;24.29944602;27.47919227;48.36084694;1.509261269;24.26559909;27.44091624;48.29348466;47.23363495;77.82292938;77.82292938;11.98600175;37.09536308;32.42927967;11.85277604;35.0904554;32.53275109;;;;;;;;;;68.91458;66.75693705;71.0346802;68.8094004;73.4847878;0.0;
25;2581;Cundinamarca;Venecia;25506;2011;3767;2.51747633;;75.04645607;60;1630.0;112;1;0;0;0;0;80.06166495;37.30729702;85.65908115;1078351.5;117.4143881;4423.0;44.87931034;44.55172414;216.9137931;36.92277329;16.56870627;2.958364708;17.39570231;0.980163878;44.87394851;8.012303641;47.11374785;47.46970749;47.46970749;47.46970749;15.50348953;34.84546361;23.57926221;15.44576945;37.47870528;20.72685974;;;;;;;;;;96.08743332;95.17417633;96.8477217;73.0209995;84.89570964;0.0;
25;2581;Cundinamarca;Venecia;25506;2016;4007;2.320938358;0.149737959;72.67282256;65;1630.0;112;1;0;0;0;0;78.04414906;37.47923095;79.62742767;1206919.167;96.38133267;3862.0;49.8961039;49.20779221;249.3116883;52.35409352;24.66775244;5.287914772;22.3984263;1.306565848;47.11714173;10.10028904;42.78256923;47.46970749;47.46970749;47.46970749;15.1284491;34.63368221;26.73644148;14.90813648;38.16272966;22.88713911;;;;;;;;;;91.80272381;90.55603675;93.1485483;71.0273834;76.54230709;0.0;
25;2581;Cundinamarca;Venecia;25506;2021;4576;3.103146853;0.327797203;68.13811189;70;1630.0;112;1;0;0;0;0;74.25906736;38.11398964;76.12504294;1193580.542;83.91608392;3840.0;49.97999954;52.56000137;242.5200043;156.022412;118.5473761;7.076336355;30.39869953;3.409580682;75.98099183;4.535461453;19.48354672;47.46970749;47.46970749;47.46970749;14.1656158;35.81336696;28.12105927;13.56395084;39.23532089;25.1706873;;;;;;;;;;86.74282199;85.02388917;88.3117993;86.6104324;73.95812648;0.0;
25;2570;Cundinamarca;Pacho;25513;2011;21405;6.118508137;;53.17916375;407;1791.0;402;1;0;0;0;0;62.26478334;42.3509696;90.48471174;534116.6667;73.00163513;15626.0;44.98818878;46.24954082;219.0739796;199.2788113;61.65462932;20.38789025;117.2362918;0.930991877;30.9388785;10.23083694;58.83028456;42.61993027;87.06018829;87.06018829;14.91269467;33.40254837;24.51156206;14.73635523;35.69842738;23.74653099;;;;;;;;;;85.96255655;84.23403701;87.4679271;65.3266674;81.82291061;0.0;
25;2570;Cundinamarca;Pacho;25513;2016;23140;7.698429847;0.224719101;49.44684529;412;1791.0;402;1;0;0;0;0;58.66384705;42.4237193;80.23562024;685696.25;63.65600691;14730.0;52.64880952;52.28869048;260.139881;245.1094411;77.04755859;26.57556306;141.4863195;1.05924564;31.4339416;10.84232535;57.72373305;42.61993027;87.06018829;87.06018829;16.17158833;33.88956841;26.57697012;14.95638789;36.21515307;26.5349752;;;;;;;;;;78.0402665;76.27296134;79.804514;60.3794277;77.59597409;0.0;
25;2570;Cundinamarca;Pacho;25513;2021;26621;9.421446728;0.582247098;43.64599376;417;1791.0;402;1;0;0;0;0;53.11449401;43.46315114;78.129315;905965.75;53.57800233;14263.0;53.0428009;50.21789932;247.2606964;395.7238971;186.3930631;21.36362691;187.9672071;1.486510263;47.10179608;5.398619357;47.49958456;42.61993027;87.06018829;87.06018829;14.93361983;35.03184713;28.1175658;13.64974246;36.57836645;29.07284768;;;;;;;;;;70.79354677;68.47257846;72.7292571;70.6854994;70.95355081;2.0;LL
25;2570;Cundinamarca;Paime;25518;2011;4267;2.179517225;;89.64143426;155;950.0;171;1;0;0;0;0;92.41516966;36.19427811;102.9038855;1130192.0;87.39161003;3729.0;43.0;44.17647059;213.6666667;61.19603383;39.6894986;4.197324674;17.30921055;1.434169998;64.85632503;6.858818148;28.28485682;39.57227325;111.9773331;111.9773331;15.48731642;30.88562528;24.52158433;14.20792079;33.51485149;23.11881188;;;;;;;;;;92.58099023;91.2665693;93.6355904;70.3563017;90.42817084;1.0;HH
25;2570;Cundinamarca;Paime;25518;2016;4187;3.078974604;;87.98662527;160;950.0;171;1;0;0;0;0;91.12001687;35.77304366;81.55265181;1130124.583;78.00334368;3266.0;48.33898305;47.03389831;239.4067797;55.0550647;29.36316723;5.436842773;20.25505469;1.314904817;53.33417986;9.87528178;36.79053836;39.57227325;111.9773331;111.9773331;16.17845877;33.9342046;27.35466426;15.85365854;34.09552846;27.84552846;;;;;;;;;;88.4586463;86.87838471;90.0401301;68.4400846;;1.0;HH
25;2570;Cundinamarca;Paime;25518;2021;4452;4.445567535;;84.72596586;165;950.0;171;1;0;0;0;0;88.70839937;35.38034865;79.88443481;1008526.333;67.78975741;3018.0;48.5;47.05263138;226.578949;89.80432651;59.85606538;4.145478646;25.80278248;2.017168161;66.65164999;4.616123529;28.73222648;39.57227325;111.9773331;111.9773331;14.34546215;34.96445002;29.94562944;14.36196021;34.35225619;30.95584668;;;;;;;;;;82.81728879;80.9079128;84.6266076;82.6908904;;0.0;
25;2581;Cundinamarca;Pandi;25524;2011;4254;2.652405579;;79.78373296;238;925.0;77;1;0;0;0;0;84.09556314;36.54152446;95.04950495;879018.25;82.13446168;3494.0;47.07317073;44.87804878;217.2439024;80.67827038;54.70917525;5.436343803;20.53275132;1.896527277;67.8115371;6.738299889;25.45016301;39.6807518;39.6807518;39.6807518;15.2297593;32.69146608;24.28884026;14.93143728;36.36363636;21.38141188;;;;;;;;;;90.57493923;89.27558917;92.0757938;68.8318167;89.65093689;0.0;
25;2581;Cundinamarca;Pandi;25524;2016;4715;2.274655355;0.106044539;77.68822906;243;925.0;77;1;0;0;0;0;82.36453202;36.51231527;80.54711246;1203139.208;74.61293743;3518.0;52.25925926;49.74074074;253.037037;49.95131229;17.28274117;4.9967125;27.67185862;1.059412774;34.59917344;10.00316562;55.39766094;39.6807518;39.6807518;39.6807518;15.86481113;33.67793241;26.64015905;14.27272727;37.59090909;25.77272727;;;;;;;;;;86.63198466;84.94248595;88.0262432;67.0268041;84.45778279;0.0;
25;2581;Cundinamarca;Pandi;25524;2021;5405;3.598519889;0.092506938;74.76410731;248;925.0;77;1;0;0;0;0;80.11955594;36.65243382;80.03559775;945193.9167;58.3533765;3154.0;48.5;46.5;227.7666626;362.6796582;310.5174974;15.86081774;36.30134308;6.710076932;85.61756646;4.373230586;10.00920296;39.6807518;39.6807518;39.6807518;14.45489377;33.78613723;29.78056426;12.94396212;37.13496448;28.76874507;;;;;;;;;;79.63763829;77.61491642;81.5534718;79.5160928;81.07586286;0.0;
25;2550;Cundinamarca;Paratebueno;25530;2011;6400;7.203125;;62.6875;30;250.0;893;1;0;0;0;0;69.81100518;38.91955176;88.52459016;669089.0;65.0625;4164.0;40.72043011;41.1827957;203.9139785;152.7054118;101.1732977;14.10669679;37.42541728;2.386022059;66.25390451;9.237849942;24.50824555;64.27107239;112.4331131;64.27107239;17.44464393;36.44524237;15.7989228;17.72400262;37.41007194;11.93590582;;;;;;;;;;84.19268761;82.60949322;85.7891042;63.9816674;84.09779777;0.0;
25;2550;Cundinamarca;Paratebueno;25530;2016;7586;3.442745408;0.540469286;59.50435012;35;250.0;893;1;0;0;0;0;67.79285516;40.07200222;82.62852405;1000113.792;46.17716847;3503.0;50.86021505;49.64516129;251.3010753;183.1097137;107.0494228;19.42882028;56.63147059;2.413784784;58.46190279;10.6104804;30.92761681;64.27107239;112.4331131;64.27107239;17.00436009;38.44575532;15.15773275;18.85001356;38.54081909;12.34065636;;;;;;;;;;72.13533911;69.84001028;74.3087323;55.8108101;73.46059332;0.0;
25;2550;Cundinamarca;Paratebueno;25530;2021;9245;5.065801334;3.385613845;54.32125473;40;250.0;893;1;0;0;0;0;63.21485532;40.38505354;78.87229401;936114.5;36.28988643;3355.0;50.70786667;49.80899048;238.7640381;289.4025213;200.3121961;15.01003568;74.08028949;3.130367996;69.21577435;5.186560094;25.59766555;64.27107239;112.4331131;64.27107239;15.60596513;40.43268221;16.00504096;17.61819804;40.09812667;13.73773417;;;;;;;;;;68.68033478;66.66315193;70.7137048;68.5755127;72.61113298;0.0;
25;2581;Cundinamarca;Pasca;25535;2011;8185;2.989207901;;73.56139279;124;2180.0;277;1;0;0;0;0;79.22984356;38.24308063;83.72274143;989204.1667;94.8197923;7761.0;44.29404412;43.80367647;213.6029412;93.1437694;47.63799018;6.581918455;38.92386076;1.1379813;51.14458057;7.066407659;41.78901178;12.48981953;12.48981953;12.48981953;16.77282378;37.06062751;18.54210899;17.53674607;37.07551951;16.77648251;;;;;;;;;;91.41055288;90.07964789;92.6479045;69.4668356;90.74934815;4.0;HL
25;2581;Cundinamarca;Pasca;25535;2016;8691;2.179457677;0.011506156;70.85490738;129;2180.0;277;1;0;0;0;0;77.57364931;38.36286553;72.74636793;1375999.75;82.1194339;7137.0;51.2173913;52.10434783;256.8695652;140.4107382;75.25266721;13.82332123;51.33474978;1.615587829;53.59466673;9.844917422;36.56041584;12.48981953;12.48981953;12.48981953;17.16318364;37.46109382;21.00933748;17.67231099;39.1605056;19.22251371;;;;;;;;;;87.40545218;86.05875987;88.8352159;67.6252327;85.19302518;4.0;HL
25;2581;Cundinamarca;Pasca;25535;2021;9877;2.899834633;0.29361142;65.72846006;134;2180.0;277;1;0;0;0;0;73.20947247;38.51559492;70.7579012;1474771.083;68.95818568;6811.0;53.40697861;51.6453476;250.191864;180.5292899;106.3650843;8.245392236;65.9188133;1.827774525;58.91846382;4.567343195;36.51419298;12.48981953;12.48981953;12.48981953;15.86622594;38.49893059;22.84658759;16.4765526;39.58597381;21.46176595;;;;;;;;;;82.13088801;80.45175489;83.8474737;82.0055373;81.81856718;4.0;HL
25;2512;Cundinamarca;Puerto Salgar;25572;2011;12567;6.928861303;;31.79756505;76;176.0;530;1;0;0;0;0;37.89079897;44.32172441;73.54184277;624145.25;67.78865282;8519.0;45.61303797;46.085;221.443038;139.0270862;8.90859693;12.20615776;117.9123315;1.106286991;6.407813885;8.779697608;84.81248851;23.08899307;145.2505798;138.818222;19.28894433;37.96974895;16.45095899;16.85082873;41.27396815;15.66460838;;;;;;;;;;84.67177541;83.07642833;86.2523697;64.345747;80.69689095;0.0;
25;2512;Cundinamarca;Puerto Salgar;25572;2016;14320;9.840549348;0.970670391;29.27374302;81;176.0;530;1;0;0;0;0;34.83259535;44.58168259;67.41945509;1314406.083;46.62709497;6677.0;51.82608696;51.06521739;257.2898551;188.6039958;37.95192667;19.58464757;131.0674216;1.31706701;20.12254645;10.38400458;69.49344896;23.08899307;145.2505798;138.818222;19.89350082;38.18951393;18.35062807;15.79473985;41.73813608;18.62492853;;;;;;;;;;69.8206175;67.60537823;71.9587142;54.0199197;67.38717558;0.0;
25;2512;Cundinamarca;Puerto Salgar;25572;2021;17025;8.649534998;2.091042584;25.010279;86;176.0;530;1;0;0;0;0;30.20186843;45.90056837;64.20179682;905965.75;32.96328928;5612.0;52.02500153;49.75624847;245.7937469;347.08622;139.768858;16.77520123;190.5421607;2.03868558;40.26920401;4.833151036;54.89764496;23.08899307;145.2505798;138.818222;18.27316275;39.72426685;20.24769249;14.37514765;42.6529648;20.94259391;;;;;;;;;;62.6175174;60.16738192;64.9425381;62.5219486;65.58498225;0.0;
25;2545;Cundinamarca;Pulí;25580;2011;3108;1.876876877;;83.26898327;211;1000.0;178;1;0;0;0;0;87.37654321;34.9691358;101.5245624;1130509.5;77.25225225;2401.0;43.0;43.05555556;214.0277778;50.23476641;26.98275426;11.23659147;12.01542068;1.616305226;53.71330692;22.36815709;23.91853598;57.37365723;63.78573227;63.78573227;12.004662;31.58508159;31.002331;12.8591954;32.97413793;25.86206897;;;;;;;;;;89.92028221;88.54481129;91.1891591;68.3343145;89.07769031;0.0;
25;2545;Cundinamarca;Pulí;25580;2016;3227;2.92325173;0.092965603;79.85745274;216;1000.0;178;1;0;0;0;0;84.58668197;35.8783008;91.1251981;1220221.833;61.60520607;1988.0;48.5483871;47.06451613;241.6774194;41.96759784;19.13921259;7.051677388;15.77670786;1.300514343;45.60473693;16.80267099;37.59259208;57.37365723;63.78573227;63.78573227;12.75480489;30.16889924;35.93476995;13.17880795;30.92715232;29.60264901;;;;;;;;;;83.7736562;81.92569678;85.335065;64.8153273;82.43861957;0.0;
25;2545;Cundinamarca;Pulí;25580;2021;3600;3.287037037;1.5;75.47222222;221;1000.0;178;1;0;0;0;0;81.11281266;35.80908627;87.41193048;1430337.125;49.16666667;1770.0;47.32143021;42.2142868;216.1785736;67.11712212;37.63878365;7.431921578;22.04641689;1.864364503;56.07925737;11.07306354;32.84767909;57.37365723;63.78573227;63.78573227;11.09958506;31.12033195;38.90041494;11.66267943;31.87799043;32.83492823;;;;;;;;;;76.53823827;74.41559462;78.622773;76.4214232;81.02426835;0.0;
25;2536;Cundinamarca;Quebradanegra;25592;2011;4419;2.587312363;;93.05272686;154;1300.0;79;1;0;0;0;0;94.93746278;34.70319635;81.17261471;847713.4167;79.38447613;3508.0;43.43569444;43.21055556;214.9166667;71.34663862;3.850330202;46.18848942;21.307819;1.614542625;5.396652563;64.73814368;29.86520376;35.7277565;84.96844482;84.96844482;14.14654807;35.49343499;28.25074121;12.97376093;36.73469388;26.28765792;69.0;10467.0;27.0;3944.0;29.0;4389.0;93.10344828;89.86101618;0.476511847;88.37338074;80.71170687;94.3892745;67.1587571;91.67856541;0.0;
25;2536;Cundinamarca;Quebradanegra;25592;2016;4571;3.556843871;0.021877051;91.48982717;159;1300.0;79;1;0;0;0;0;94.00742115;35.15769944;80.14861996;722743.6667;65.52176767;2995.0;51.49019608;49.64705882;254.0196078;52.77207908;4.059012047;20.64777036;28.06529667;1.154497464;7.69159017;39.12631588;53.18209395;35.7277565;84.96844482;84.96844482;12.00664728;36.18612381;31.65766514;13.63216266;35.44362292;30.59149723;55.0;194680.0;20.0;6052.0;29.0;8883.0;68.96552;68.13013;0.962092634;74.16012198;64.30054739;82.6002355;57.3773761;73.3070815;0.0;
25;2536;Cundinamarca;Quebradanegra;25592;2021;5068;4.574454091;0.532754538;87.50986582;164;1300.0;79;1;0;0;0;0;91.11776447;35.52894212;79.71713275;937260.875;51.20363062;2595.0;51.55319214;50.95744705;245.8297882;72.43112152;11.71580255;25.6928935;35.02242546;1.429185507;16.17509477;35.47217407;48.35273116;35.7277565;84.96844482;84.96844482;10.63185774;36.77639047;34.0143776;11.87628866;35.21649485;34.35051546;55.0;165516.0;23.0;28937.0;25.0;30360.0;92.0;95.31291;0.136376033;89.84343325;82.16374039;95.2207307;89.7063114;90.77612144;0.0;
25;2562;Cundinamarca;Quetame;25594;2011;4666;3.698742678;;77.30390056;111;1400.0;138;1;0;0;0;0;82.5;37.79661017;93.02654867;971133.125;90.9344192;4243.0;45.01492537;46.26865672;220.238806;67.86050042;37.0321116;5.344097287;25.48429153;1.454361346;54.57093799;7.875122131;37.55393988;36.73591995;36.73591995;36.73591995;17.78234086;34.29158111;17.57700205;18.28776333;34.513671;17.74988794;;;;;;;;;;90.67762181;89.42486047;91.8153146;68.9098496;90.91692746;0.0;
25;2562;Cundinamarca;Quetame;25594;2016;4892;5.399972745;0.163532298;74.75470155;116;1400.0;138;1;0;0;0;0;80.47848814;38.03779654;83.7890625;863193.1667;76.73753066;3754.0;49.87096774;48.65591398;245.9032258;61.69026205;24.50573423;6.39898577;30.78554205;1.261043787;39.72382904;10.37276477;49.90340619;36.73591995;36.73591995;36.73591995;17.10996427;36.95911076;17.66574037;16.94058154;36.91529709;17.95195954;;;;;;;;;;84.90104695;83.34275321;86.5943596;65.6875848;83.09352502;0.0;
25;2562;Cundinamarca;Quetame;25594;2021;5472;5.33625731;0.475146199;69.18859649;121;1400.0;138;1;0;0;0;0;76.03736303;38.42284893;80.82033507;1327413.458;68.31140351;3738.0;49.12612534;47.78378296;234.7297363;83.98367606;38.79349724;4.245926987;40.94425184;1.534789402;46.19171136;5.055657464;48.75263117;36.73591995;36.73591995;36.73591995;15.64722617;38.44238976;19.34566145;15.67669173;37.78195489;20.11278195;;;;;;;;;;80.81397822;78.85328669;82.6686819;80.6906374;81.64963498;0.0;
25;2587;Cundinamarca;Quipile;25596;2011;6274;2.246041866;;91.3452343;111;1448.0;128;1;0;0;0;0;93.5971223;34.41726619;91.94070081;1075006.125;94.46923813;5927.0;44.06768293;41.73402439;211.5365854;84.30383761;32.96569779;19.24056255;32.09757727;1.343701588;39.10343672;22.82287864;38.07368464;53.40486526;53.40486526;53.40486526;12.46342891;33.41135167;30.80748976;13.37535014;33.92857143;27.5210084;;;;;;;;;;92.65201265;91.39398259;93.7858617;70.4102747;90.66994556;0.0;
25;2587;Cundinamarca;Quipile;25596;2016;6216;2.498927499;0.032175032;89.92921493;116;1448.0;128;1;0;0;0;0;92.85412857;34.53368969;87.93150313;1152602.25;81.0006435;5035.0;49.26760563;47.77464789;244.7042254;111.0255277;59.9376826;15.86528763;35.22255744;1.786124963;53.98549672;14.28976558;31.72473771;53.40486526;53.40486526;53.40486526;11.69026815;32.75082856;35.8843025;12.28857439;33.24128409;31.41180532;;;;;;;;;;89.56103734;88.17201822;90.9708041;69.2929999;84.13787821;0.0;
25;2587;Cundinamarca;Quipile;25596;2021;6710;2.691256831;0.029806259;86.31892697;121;1448.0;128;1;0;0;0;0;90.02335236;34.62636222;87.34497596;1013144.75;70.84947839;4754.0;50.09836197;48.62295151;239.6065521;236.4923887;171.1984832;17.93309543;47.36081006;3.524476731;72.39069475;7.582948241;20.02635701;53.40486526;53.40486526;53.40486526;10.34482759;33.20355951;38.40378198;10.85420681;33.33333333;34.81053308;;;;;;;;;;84.5965963;82.87664789;86.2895473;84.4674823;83.92129197;0.0;
25;2587;Cundinamarca;Apulo;25599;2011;6992;2.942648741;;58.29519451;62;417.0;119;1;0;0;0;0;65.51178838;40.18113859;89.47869555;541779.1667;72.78318078;5089.0;39.13483146;37.68539326;193.2022472;78.18844676;35.99381991;5.699034933;36.49559191;1.118255817;46.03470385;7.288845308;46.67645084;43.33128738;43.33128738;43.33128738;14.55048409;33.58229599;26.77731674;14.45069588;35.26798934;25.31832988;293.0;70578.0;138.0;31362.0;166.0;38440.0;83.13253012;81.58688866;0.110982871;82.17386346;77.86092305;86.3927677;62.4474756;83.78346729;0.0;
25;2587;Cundinamarca;Apulo;25599;2016;7677;4.232339021;0.442881334;57.40523642;67;417.0;119;1;0;0;0;0;64.75145255;39.97417689;83.07594669;685700.0;60.33606878;4632.0;49.48863636;46.32954545;240.9204545;94.1095931;33.85411643;9.37202325;50.88345342;1.22586418;35.97307705;9.958626896;54.06829606;43.33128738;43.33128738;43.33128738;15.68181818;34.26767677;26.89393939;15.46946462;35.10895884;26.31154157;232.0;754042.0;107.0;30306.0;133.0;36707.0;80.45113;82.56191;0.123647659;82.24272807;77.74265868;86.5587872;63.6308547;79.91966658;0.0;
25;2587;Cundinamarca;Apulo;25599;2021;8955;5.618834915;0.379676159;54.30485762;72;417.0;119;1;0;0;0;0;62.01933641;40.364755;80.49837486;905965.75;45.08096036;4037.0;49.15662766;44.91566086;228.0963898;285.4626053;200.7128026;12.78018575;71.96961694;3.187745452;70.31141694;4.477008725;25.21157434;43.33128738;43.33128738;43.33128738;14.27328111;35.40034813;28.93820714;13.99403533;35.94861207;28.92865336;177.0;748630.0;50.0;202205.0;78.0;315468.0;64.10256;64.09683;0.415317435;65.13822968;58.97130302;71.6916175;65.0388137;66.57403247;0.0;
25;2502;Cundinamarca;Ricaurte;25612;2011;9488;3.387612423;;51.15935919;154;284.0;131;1;0;0;0;0;59.81749866;41.22383253;76.25428992;534216.6667;51.42284992;4879.0;43.39962025;43.75962025;210.1139241;84.26982293;6.730230188;7.853824247;69.6857685;0.88817267;7.986524658;9.319853743;82.6936216;54.42405701;61.9773407;61.9773407;14.53115297;39.41212999;20.96874353;16.51277647;39.9184024;18.81039296;;;;;;;;;;81.72236972;79.80326433;83.4002441;62.1043659;86.31514659;0.0;
25;2502;Cundinamarca;Ricaurte;25612;2016;11621;6.506898431;1.049823595;47.88744514;159;284.0;131;1;0;0;0;0;56.6748209;41.74384064;72.66982622;685696.25;37.35478874;4341.0;51.88764045;50.2247191;253.5280899;203.7568263;12.03707371;21.29663663;170.423116;1.753350196;5.907568314;10.45198682;83.64044487;54.42405701;61.9773407;61.9773407;15.24442173;39.85692386;21.00153296;16.06956522;39.39130435;21.54782609;;;;;;;;;;68.28276683;66.15305175;70.4593422;52.830091;74.75521407;0.0;
25;2502;Cundinamarca;Ricaurte;25612;2021;14367;10.36924897;3.055613559;41.65100578;164;284.0;131;1;0;0;0;0;50.57708749;42.37674551;69.95563068;905965.75;27.38219531;3934.0;50.2232132;48.55356979;235.6875;304.7431911;47.48407578;14.98141947;242.2776959;2.121133091;15.58166914;4.916080132;79.50225073;54.42405701;61.9773407;61.9773407;13.92213509;41.27115147;22.46526345;14.60974923;40.30712877;23.73908143;;;;;;;;;;61.66346256;59.51231501;64.0141728;61.5693498;75.34378069;2.0;LL
25;2587;Cundinamarca;San Antonio del Tequendama;25645;2011;9976;3.967856188;;93.13352045;138;1500.0;86;1;0;0;0;0;95.33868715;36.82786313;90.63342318;564165.1667;54.64113873;5451.0;44.52112676;45.73943662;219.0070423;71.82933401;17.77365158;6.505223565;47.55045887;0.720021391;24.74428007;9.056499903;66.19922002;29.13709068;29.13709068;29.13709068;13.69973732;34.02707618;26.93473429;14.00437637;35.26954446;25.95981699;;;;;;;;;;82.95107628;81.20402992;84.7861556;63.0381132;84.66495941;2.0;LL
25;2587;Cundinamarca;San Antonio del Tequendama;25645;2016;11109;5.620817955;0.225042758;92.61859753;143;1500.0;86;1;0;0;0;0;94.86580217;36.25603136;82.44837758;685696.25;42.91115312;4767.0;52.32592593;51.62962963;257.4814815;146.8797499;44.97123629;17.26915799;84.63935566;1.322168962;30.61772389;11.75734436;57.62493175;29.13709068;29.13709068;29.13709068;13.76394386;33.89708528;31.16228859;13.69122681;35.12880562;30.71518645;;;;;;;;;;74.1811122;72.33056574;76.2879881;57.3936162;71.26842132;2.0;LL
25;2587;Cundinamarca;San Antonio del Tequendama;25645;2021;12983;6.178592518;0.277285681;88.72371563;148;1500.0;86;1;0;0;0;0;92.12425883;36.45269399;81.709943;905965.75;38.72756682;5028.0;54.44444275;52.82407379;257.0185242;187.6101397;58.08090133;9.195340863;120.3338975;1.445044595;30.95829544;4.901302711;64.14040185;29.13709068;29.13709068;29.13709068;12.48846509;34.68163642;33.14364811;12.34377411;35.17975621;33.6830736;;;;;;;;;;70.85327895;68.63830949;73.1446932;70.7451404;70.08211631;2.0;LL
25;2581;Cundinamarca;San Bernardo;25649;2011;8258;2.685274885;;65.14894648;84;1750.0;216;1;0;0;0;0;72.50184139;39.44267125;89.65997216;989371.4583;88.24170501;7287.0;44.57741259;44.37937063;216.4405594;139.3404981;88.61786461;10.78357833;39.93905519;1.687339527;63.5980679;7.739012329;28.66291977;36.3968811;36.3968811;36.3968811;16.53339605;34.97177799;20.27281279;16.74987519;35.89615577;19.04643035;;;;;;;;;;90.49706442;89.17204712;91.77033;68.7726362;91.70568614;0.0;
25;2581;Cundinamarca;San Bernardo;25649;2016;8310;2.83293221;0.324909747;60.60168472;89;1750.0;216;1;0;0;0;0;68.44777563;39.73646035;82.78720123;1184504.667;75.7521059;6295.0;52.56349206;50.87301587;258.4126984;188.8399086;123.6475735;18.98132591;46.21100914;2.27244174;65.4774589;10.05154369;24.47099741;36.3968811;36.3968811;36.3968811;15.05602241;35.87768441;23.27264239;16.07054148;36.76105315;21.93243915;;;;;;;;;;84.29503277;82.7520311;85.8742005;65.2187142;85.62959753;0.0;
25;2581;Cundinamarca;San Bernardo;25649;2021;9101;3.520675384;0.131853642;54.91704208;94;1750.0;216;1;0;0;0;0;63.27389523;40.29239118;80.33619331;1228165.833;62.7293704;5709.0;50.2809906;48.60330582;238.5206604;1180.301783;1059.932061;51.92006343;68.44965868;12.9689241;89.80178427;4.39888037;5.799335364;36.3968811;36.3968811;36.3968811;13.74973353;36.66595609;25.41036026;14.73922902;37.66439909;24.33106576;;;;;;;;;;79.0044179;76.75920958;80.6822861;78.8838389;85.63949672;0.0;
25;2570;Cundinamarca;San Cayetano;25653;2011;4600;2.570652174;;91.60869565;229;2100.0;297;1;0;0;0;0;94.15216512;35.32982598;93.76367615;970651.625;84.91304348;3906.0;42.23809524;44.92063492;209.4126984;154.2820486;121.3470461;13.63455973;19.30044282;3.353957578;78.6527319;8.837424609;12.50984349;26.60300827;102.4454346;102.4454346;15.33742331;34.92842536;22.29038855;15.12761021;34.19953596;22.2737819;;;;;;;;;;92.03125608;90.7196207;93.1563252;69.9385349;80.62446048;0.0;
25;2570;Cundinamarca;San Cayetano;25653;2016;4721;2.51182659;0.042363906;88.39228977;234;2100.0;297;1;0;0;0;0;91.4162284;35.40570999;77.00499168;1281279.167;66.80787969;3154.0;46.93150685;44.87671233;233.7671233;159.4100903;119.803637;16.85653945;22.74991388;3.376617037;75.15436241;10.57432401;14.27131359;26.60300827;102.4454346;102.4454346;16.11355458;36.9052379;24.67013195;15.4954955;36.30630631;24.68468468;;;;;;;;;;83.97178622;82.13191206;85.6968321;64.9686197;76.51404251;0.0;
25;2570;Cundinamarca;San Cayetano;25653;2021;5211;2.734599885;0.095950873;82.95912493;239;2100.0;297;1;0;0;0;0;87.21127717;35.9375;74.54981993;1095790.25;60.12281712;3133.0;46.56321716;44.64367676;220.5057526;170.0356644;131.9672345;9.620608874;28.44782104;3.263014093;77.61150282;5.657994697;16.73050248;26.60300827;102.4454346;102.4454346;14.7080292;38.10218978;26.53284672;14.16430595;36.62484824;27.55969243;;;;;;;;;;80.55060903;78.49391679;82.4158848;80.4276702;73.5003739;0.0;
25;2536;Cundinamarca;San Francisco;25658;2011;8462;4.136138029;;62.17206334;154;1505.0;119;1;0;0;0;0;69.24430885;40.71814128;89.30314269;625030.9167;55.10517608;4663.0;44.96521739;44.09297101;216.3333333;87.91456788;32.93160051;9.968212914;45.01475446;1.038933679;37.45863888;11.33852233;51.20283878;63.00758362;63.00758362;63.00758362;14.72594684;34.93295695;23.19454246;15.24578485;37.093327;21.65756352;;;;;;;;;;81.98859669;80.16549759;83.4848358;62.3066833;86.84162689;2.0;LL
25;2536;Cundinamarca;San Francisco;25658;2016;9878;5.87247756;0.141729095;60.26523588;159;1505.0;119;1;0;0;0;0;67.75569559;41.15365972;80.22049287;689481.25;47.73233448;4715.0;51.53913043;49.5826087;252.6521739;112.2643324;44.43253239;12.39732056;55.4344794;1.13650873;39.57849431;11.04297358;49.37853211;63.00758362;63.00758362;63.00758362;14.81481481;35.93206466;25.53713935;14.96694049;37.36726107;26.26728111;;;;;;;;;;72.36908936;70.29443915;74.4429973;55.9916617;80.93962313;2.0;LL
25;2536;Cundinamarca;San Francisco;25658;2021;11886;6.861714061;0.344943631;55.99865388;164;1505.0;119;1;0;0;0;0;63.93389762;41.71704958;78.94096988;905965.75;32.42470133;3854.0;50.0;46.90361404;234.5421753;166.0401468;69.77955501;9.186672147;87.07391963;1.396938809;42.02571267;5.53280175;52.44148558;63.00758362;63.00758362;63.00758362;13.4565999;36.97996918;27.63225475;13.39950372;37.45244003;29.26385443;;;;;;;;;;64.83648523;62.63856923;67.0770222;64.7375297;77.55753189;2.0;LL
25;2545;Cundinamarca;San Juan de Rioseco;25662;2011;7734;2.552581674;;67.13214378;110;1268.0;327;1;0;0;0;0;73.90161472;39.3541119;91.04542491;1036251.625;88.63460047;6855.0;44.21428571;41.83116883;212.3766234;146.2169976;89.54643653;14.07070728;42.59985382;1.890574058;61.24215241;9.623167966;29.13467963;38.74261475;75.52828979;75.52828979;13.75567895;32.93791015;28.34427057;13.60021209;35.63096501;26.2990456;223.0;47634.0;81.0;16589.0;90.0;18816.0;90.0;88.16432823;0.16396218;88.55517197;84.19283111;92.604578;67.2969081;89.00378753;0.0;
25;2545;Cundinamarca;San Juan de Rioseco;25662;2016;7942;5.43943591;0.339964744;64.530345;115;1268.0;327;1;0;0;0;0;72.114122;39.71588874;87.50785999;825048.6667;77.67564845;6169.0;51.54464286;48.54464286;248.9642857;185.5654946;115.4415454;19.70336883;50.42058036;2.336508368;62.21067427;10.61801326;27.17131246;38.74261475;75.52828979;75.52828979;13.03809995;32.33547749;31.32112815;13.53846154;35.20512821;29.69230769;158.0;470130.0;76.0;31797.0;93.0;38363.0;81.72043;82.88455;0.2300455;83.08657921;77.26320221;88.0813284;64.2837387;80.02394596;0.0;
25;2545;Cundinamarca;San Juan de Rioseco;25662;2021;8805;4.92239258;0.46564452;60.51107325;120;1268.0;327;1;0;0;0;0;68.66185811;39.821294;86.82759932;933270.6667;64.82680295;5708.0;50.30769348;46.98077011;232.9423065;209.3678573;129.7307954;11.81675451;67.82030741;2.377829158;61.96309074;5.64401559;32.39289367;38.74261475;75.52828979;75.52828979;11.66258625;32.98464278;33.85265969;12.03617811;35.06493506;32.86178108;152.0;583315.0;59.0;121874.0;71.0;146170.0;83.09859;83.37826;0.333441608;82.76061601;76.59788782;88.1159454;82.6343041;82.30342222;0.0;
25;2536;Cundinamarca;Sasaima;25718;2011;9044;5.942245319;;78.26183105;212;1191.0;111;1;0;0;0;0;82.73852877;37.65477058;84.76002865;533883.3333;66.13224237;5981.0;43.125;43.72727273;211.5284091;122.67902;55.27786744;15.16002519;52.24112738;1.356468598;45.05894116;12.35747171;42.58358714;49.92380142;67.05671692;67.05671692;15.06151888;35.55366992;24.01357658;14.5034642;37.94457275;22.67898383;;;;;;;;;;85.23912664;83.4722389;87.017001;64.7769017;85.44413342;4.0;HL
25;2536;Cundinamarca;Sasaima;25718;2016;10037;6.552422703;0.129520773;76.81578161;217;1191.0;111;1;0;0;0;0;82.07908163;37.58199708;79.91725016;689527.0833;51.9577563;5215.0;51.07303371;49.28651685;251.0449438;180.3831255;95.22988421;20.25194429;64.901297;1.797181683;52.79312239;11.22718338;35.97969423;49.92380142;67.05671692;67.05671692;15.9831353;33.80605596;27.4243005;14.13156256;36.70886076;27.28781905;;;;;;;;;;76.53860821;74.49598008;78.5133982;59.217601;74.71460153;2.0;LL
25;2536;Cundinamarca;Sasaima;25718;2021;11721;7.205016637;0.571623582;72.61325825;222;1191.0;111;1;0;0;0;0;78.6571117;37.8953108;77.98040283;906229.8333;41.91621875;4913.0;52.12598419;49.72441101;244.1496124;262.9084316;155.9647678;15.3867925;91.55687135;2.243054617;59.32284743;5.852529114;34.82462345;49.92380142;67.05671692;67.05671692;14.38434983;34.75258918;29.87012987;12.57538134;36.92798865;30.40085137;;;;;;;;;;71.04281781;68.61388732;72.9359757;70.93439;70.22022747;2.0;LL
25;2501;Cundinamarca;Sesquilé;25736;2011;8854;7.673556208;;72.8145471;112;2601.0;143;1;0;0;0;0;78.64957454;39.76129959;78.15610267;533883.3333;30.56245765;2706.0;44.41067416;46.44123596;221.4606742;147.0567609;72.12254327;13.0754754;61.85874227;1.660907623;49.0440173;8.89144798;42.06453472;33.03604126;81.78287506;81.78287506;18.47031963;39.15525114;13.49315068;17.25525257;40.27715691;14.39427805;;;;;;;;;;73.50461641;71.24998901;75.5686081;55.8593395;71.38918363;0.0;
25;2501;Cundinamarca;Sesquilé;25736;2016;10470;7.843043617;0.544412607;70.78319007;117;2601.0;143;1;0;0;0;0;76.68030923;39.47248749;70.17818959;685696.3333;26.27507163;2751.0;52.66216216;53.69594595;263.8513514;204.9025779;105.280015;21.44494235;78.17762047;1.957044679;51.38052246;10.46592121;38.15355633;33.03604126;81.78287506;81.78287506;17.98095238;39.96190476;15.92380952;17.77777778;40.88122605;17.08812261;;;;;;;;;;63.02035473;61.01230975;65.206623;48.7585848;63.99645439;0.0;
25;2501;Cundinamarca;Sesquilé;25736;2021;12670;13.18205735;3.433307024;66.00631413;122;2601.0;143;1;0;0;0;0;72.64398889;39.80626267;66.29840679;905965.75;21.89423836;2774.0;53.46017838;52.32743454;254.3185883;327.8152174;108.0507881;93.19773678;126.5666925;2.587333997;32.96088235;28.42996049;38.60915716;33.03604126;81.78287506;81.78287506;16.58006613;41.94615021;17.33585262;16.44247508;41.71546131;19.29102706;;;;;;;;;;55.54012809;53.03190179;57.969526;55.455361;60.14497212;2.0;LL
25;2578;Cundinamarca;Sibaté;25740;2011;25455;9.193020363;;30.95659006;44;2574.0;120;1;0;0;0;0;39.31549308;45.60178111;74.013354;599156.75;53.37654685;13587.0;46.40167816;47.12268966;223.0183908;641.4774951;55.70140463;372.7923627;212.9837277;2.520045158;8.683298333;58.11464402;33.20205765;11.92015076;11.92015076;11.92015076;18.3144634;39.76239834;14.08068889;17.13776814;41.5163014;15.42631457;265.0;61546.0;68.0;18359.0;120.0;29701.0;56.66666667;61.81273358;0.231085112;62.32216064;56.67162877;67.9227587;47.3613074;60.9580016;0.0;
25;2578;Cundinamarca;Sibaté;25740;2016;30477;8.559460139;1.3157463;29.79295862;49;2574.0;120;1;0;0;0;0;37.55748956;45.44682658;63.29499002;807060.5833;38.10742527;11614.0;53.32897603;52.68191721;261.4117647;826.7690103;102.3628423;442.6862797;281.7198882;2.712763757;12.38106908;53.54413073;34.07480018;11.92015076;11.92015076;11.92015076;18.75664894;41.77526596;15.47207447;17.71717303;42.66373;16.88151843;231.0;779348.0;68.0;23027.0;121.0;38571.0;56.19835;59.70029;0.229794113;59.6681125;53.48390105;65.7193401;46.164969;58.93990169;0.0;
25;2578;Cundinamarca;Sibaté;25740;2021;37259;8.380078191;1.704286213;26.70495719;54;2574.0;120;1;0;0;0;0;34.21486647;45.73652383;60.37728585;936437.8333;28.83330202;10743.0;53.3078804;51.00246429;250.9852142;1058.314941;96.53208194;568.4539898;393.328869;2.840427657;9.121300118;53.71312148;37.1655784;11.92015076;11.92015076;11.92015076;17.3142764;43.63893267;16.65670344;16.306077;43.75331424;18.63930427;189.0;788111.0;47.0;420247.0;86.0;860933.0;54.65116;48.81297;0.320330402;49.41089226;42.90488278;56.0897275;49.3354798;50.7935096;0.0;
25;2581;Cundinamarca;Silvania;25743;2011;17810;3.287946846;;71.54407636;62;1468.0;165;1;0;0;0;0;77.35756116;39.57637787;86.62362462;758013.5;80.8983717;14408.0;43.96238245;43.63949843;213.0188088;188.4328247;77.25768712;17.01475594;94.16038163;1.058016983;41.00012153;9.029613586;49.97026489;20.88689995;20.88689995;20.88689995;15.83730467;34.61154827;21.3565333;16.23989985;37.63514282;19.83612154;320.0;58319.0;146.0;25993.0;166.0;29440.0;87.95180723;88.29144022;0.064623996;88.25490425;84.85753885;91.4223533;67.0687217;87.67383265;0.0;
25;2581;Cundinamarca;Silvania;25743;2016;20110;4.587270015;0.208851318;69.18448533;67;1468.0;165;1;0;0;0;0;75.61366313;39.67020024;80.82137477;685962.5;71.54649428;14388.0;51.75367647;49.47426471;252.1764706;244.8868279;94.16377654;25.6058233;125.1172281;1.217736588;38.4519565;10.45618644;51.09185706;20.88689995;20.88689995;20.88689995;15.59814284;34.42655339;24.96295565;15.16972064;37.67898268;24.31160509;252.0;825910.0;108.0;37834.0;136.0;45723.0;79.41177;82.7461;0.125135854;82.6686264;77.99497886;86.6423046;63.9603704;82.31603364;0.0;
25;2581;Cundinamarca;Silvania;25743;2021;23767;6.552853396;0.357638743;64.20667312;72;1468.0;165;1;0;0;0;0;71.27217516;40.1110756;78.73066881;915109.4583;57.41574452;13646.0;49.875;47.30514526;232.4301453;452.8148535;239.1823625;22.4016386;191.2308524;1.905225117;52.82122718;4.947196061;42.23157676;20.88689995;20.88689995;20.88689995;14.21650518;35.54126295;27.1550284;13.76854599;37.95676134;27.32513777;194.0;921952.0;68.0;259412.0;83.0;333082.0;81.92771;77.88232;0.209929398;77.59422556;72.29346656;83.1524785;77.4757988;76.66894063;0.0;
25;2590;Cundinamarca;Simijaca;25745;2011;10141;7.038260527;;46.73109161;411;2543.0;99;1;0;0;0;0;55.7669944;44.02156676;88.76242385;534083.3333;61.08865003;6195.0;44.96641791;45.21268657;218.0037313;131.1450232;22.66408207;38.98818568;69.49275548;1.293215888;17.28169435;29.72906231;52.98924333;8.572630882;130.600296;130.600296;17.69121526;35.60559951;15.64211808;16.44282425;38.04681504;17.44052187;;;;;;;;;;78.58739796;76.64131292;80.2938137;59.7219652;79.92110441;0.0;
25;2590;Cundinamarca;Simijaca;25745;2016;11814;7.302070989;0.160826138;43.6008126;416;2543.0;99;1;0;0;0;0;53.00097233;44.3295324;79.99734184;685696.25;48.40866768;5719.0;52.91304348;52.6576087;265.7880435;157.2565395;16.51102799;55.68984604;85.05566544;1.331103263;10.49942218;35.41337373;54.08720409;8.572630882;130.600296;130.600296;17.64397906;36.77137871;17.43455497;16.45299145;39.41485865;19.2800789;;;;;;;;;;65.99512662;63.74939441;68.2425902;51.0601534;70.13066504;0.0;
25;2590;Cundinamarca;Simijaca;25745;2021;14205;7.938519301;0.415346709;37.39528335;421;2543.0;99;1;0;0;0;0;46.75276479;45.16440288;76.69584245;908526.0;38.1063006;5413.0;54.32994843;53.17258835;257.8375549;208.6251054;37.87107193;49.69729665;121.0567368;1.468673744;18.15269158;23.82134046;58.02596796;8.572630882;130.600296;130.600296;16.25200058;38.49847228;18.75454678;14.98908893;40.52100382;21.20840153;;;;;;;;;;61.637019;59.26776594;63.9284878;61.5429466;64.3552361;0.0;
25;2578;Cundinamarca;Soacha;25754;2011;445740;3.069521096;;1.204738188;212;2555.0;187;1;0;0;0;0;1.630855306;52.00965929;68.68936587;533883.3333;22.63808498;100907.0;46.63540618;46.14765924;221.5013659;3222.211529;11.10190508;1016.204086;2194.905538;0.722890369;0.344543025;31.53747283;68.11798414;15.47401047;15.47401047;15.47401047;19.56612239;41.05879088;10.34599195;18.80113265;43.61359181;11.49204966;2281.0;445528.0;683.0;131701.0;1136.0;220735.0;60.12323944;59.66475638;0.023317053;59.68781678;57.53856264;61.6020477;45.3593554;56.84318338;2.0;LL
25;2578;Cundinamarca;Soacha;25754;2016;583007;3.654816037;0.617831347;0.886095707;217;2555.0;187;1;0;0;0;0;1.214109822;51.92641297;61.04084716;685696.6667;14.9802661;87336.0;53.32359994;51.645225;262.4542249;4794.307505;32.25300869;1213.559707;3548.494789;0.822341328;0.672735503;25.31251293;74.01475157;15.47401047;15.47401047;15.47401047;19.70327458;42.70832597;11.59807835;18.73985136;44.47497141;13.43405009;2004.0;5390307.0;589.0;136192.0;1039.0;258682.0;56.68913;52.64843;0.028173591;52.6097643;50.53976586;54.7326691;40.7039546;50.5846099;2.0;LL
25;2578;Cundinamarca;Soacha;25754;2021;735961;4.085950207;0.944751148;0.577068622;222;2555.0;187;1;0;0;0;0;0.799622534;52.01915904;57.75320944;905965.75;16.58742787;122077.0;54.180233;51.25163269;254.412384;6764.796074;35.27647074;1086.345917;5643.173687;0.919178608;0.521471311;16.05881249;83.4197162;15.47401047;15.47401047;15.47401047;18.07888694;44.94766387;12.64086452;17.24383377;45.78645169;14.99562379;1743.0;6042051.0;452.0;1912122.0;777.0;3208594.0;58.17246;59.59377;0.034992938;59.48724726;56.9328211;61.8619647;59.3964559;56.91786538;2.0;LL
25;2571;Cundinamarca;Sopó;25758;2011;18617;17.67067734;;37.29924263;358;2574.0;113;1;0;0;0;0;45.89909889;44.77414911;68.40855107;533983.3333;12.68195735;2361.0;49.43247761;49.76528358;233.3343284;729.3225316;7.239162841;556.4270432;165.6563256;3.917508361;0.992587302;76.29368614;22.71372656;49.77911377;59.09445953;59.09445953;18.10928962;41.06010929;13.80327869;17.83035809;43.32946023;14.28118728;;;;;;;;;;46.93086752;44.67854151;49.1222513;35.6647975;53.2260842;2.0;LL
25;2571;Cundinamarca;Sopó;25758;2016;23146;24.03331029;7.055214724;33.70344768;363;2574.0;113;1;0;0;0;0;41.97851388;45.34019696;55.69635457;685696.25;9.504882053;2200.0;55.02739726;54.30958904;275.2027397;932.5542831;14.64619168;694.6836518;223.2244395;4.029008395;1.570545753;74.49256997;23.93688428;49.77911377;59.09445953;59.09445953;19.03163103;43.12599399;15.10867644;17.94048022;45.73892459;16.02975989;;;;;;;;;;37.25226889;34.82463957;39.5615226;28.8219246;42.59871925;2.0;LL
25;2571;Cundinamarca;Sopó;25758;2021;28868;19.11285853;6.595538312;26.81515865;368;2574.0;113;1;0;0;0;0;34.37477215;46.31060882;52.7496072;905965.75;9.442981848;2726.0;56.45666504;54.27999878;270.3633423;1068.652622;27.36198374;734.0888181;307.2018204;3.701858883;2.560418902;68.69293191;28.74664919;49.77911377;59.09445953;59.09445953;17.60050873;45.07878188;16.17324949;16.68365613;46.87733605;17.75739042;;;;;;;;;;37.64851212;35.53593929;39.9311024;37.5910518;47.20007247;2.0;LL
25;2572;Cundinamarca;Subachoque;25769;2011;13839;9.514174916;;62.75742467;239;2600.0;207;1;0;0;0;0;69.74994626;40.48864369;70.91654971;533883.3333;34.92304357;4833.0;45.09443983;44.24746888;219.4273859;126.7616412;35.77290337;12.12215661;78.86658121;0.915973995;28.22060604;9.562953348;62.21644061;51.86658478;64.4545517;64.4545517;17.39068305;41.46899114;14.56130323;17.42435316;41.95293086;14.98318959;;;;;;;;;;73.60534096;71.9519526;75.53552;55.9358845;69.3941808;2.0;LL
25;2572;Cundinamarca;Subachoque;25769;2016;14889;12.72415877;0.369400228;56.45107126;244;2600.0;207;1;0;0;0;0;64.37996455;41.33788486;63.14099445;685696.25;28.57142857;4254.0;53.4806867;52.43347639;267.193133;170.4876776;48.05201339;18.88980626;103.545858;1.145057946;28.18503604;11.07986602;60.73509794;51.86658478;64.4545517;64.4545517;17.21542803;42.03736057;17.2826233;17.62889366;42.45435016;17.62889366;;;;;;;;;;62.16311212;59.90639886;64.5547391;48.0953398;57.64919881;2.0;LL
25;2572;Cundinamarca;Subachoque;25769;2021;16524;15.51278948;0.56281772;47.54901961;249;2600.0;207;1;0;0;0;0;56.02525556;42.52555622;59.42254495;905965.75;24.79423868;4097.0;55.11055374;54.3718605;264.0150757;214.7346543;63.32567616;12.18281077;139.2261673;1.299531919;29.49019867;5.673425563;64.83637577;51.86658478;64.4545517;64.4545517;15.91240876;43.86861314;18.41849148;16.30539499;43.75;19.43641618;;;;;;;;;;57.36754654;54.98871101;59.7840609;57.2799904;54.58804967;2.0;LL
25;2501;Cundinamarca;Suesca;25772;2011;13279;13.04189573;;61.3449808;212;2600.0;176;1;0;0;0;0;70.21043573;41.3909098;89.25953079;533950.0;32.0656676;4258.0;43.37586873;43.9957529;212.4594595;129.7615732;47.38316316;9.443238209;72.93517186;0.977193864;36.51555848;7.277376479;56.20706504;21.98044586;90.60697174;90.60697174;18.01594603;36.2158847;13.98344066;17.67056386;37.93103448;14.02989492;;;;;;;;;;71.38169095;69.36121434;73.3726799;54.2460366;71.00330394;2.0;LL
25;2501;Cundinamarca;Suesca;25772;2016;15594;13.61955453;0.493779659;57.74015647;217;2600.0;176;1;0;0;0;0;66.1615513;41.38949531;72.14127183;685965.4167;21.43773246;3343.0;51.29953917;49.93087558;252.7235023;267.5195624;137.9789301;25.82293976;103.7176925;1.715528809;51.5771366;9.652729514;38.77013388;21.98044586;90.60697174;90.60697174;19.33523021;38.46352819;15.08018624;18.76112948;40.23149326;15.70847113;;;;;;;;;;58.01125608;55.70751327;60.0641185;44.8830661;60.86369409;2.0;LL
25;2501;Cundinamarca;Suesca;25772;2021;18844;14.384331;0.673954574;51.36382934;222;2600.0;176;1;0;0;0;0;60.32069502;41.99066874;68.50815667;906021.75;17.92613033;3378.0;51.56097412;49.17560959;243.0097504;284.7809629;82.65342514;59.84634377;142.2811939;1.511255375;29.02350786;21.01486812;49.96162402;21.98044586;90.60697174;90.60697174;18.10989951;40.47466325;15.95039555;17.5658588;41.36986301;17.32349842;;;;;;;;;;53.06953107;50.51509927;55.3735813;52.9885347;61.89488182;2.0;LL
25;2536;Cundinamarca;Supatá;25777;2011;4549;2.528028138;;70.82875357;139;1788.0;128;1;0;0;0;0;76.99470899;38.68783069;88.80787459;1026873.083;70.03737085;3186.0;42.8262069;42.27885057;212.8045977;46.72365981;21.50971328;3.972159434;21.2417871;1.027119363;46.0360198;8.501387627;45.46259257;52.75382996;73.93199158;73.93199158;15.66367904;34.18693982;25.01067008;14.36990027;35.67543064;24.16137806;;;;;;;;;;88.09281386;86.60047664;89.5822378;66.9455422;88.54850608;0.0;
25;2536;Cundinamarca;Supatá;25777;2016;4899;3.459889773;0.102061645;69.70810369;144;1788.0;128;1;0;0;0;0;76.53080569;38.44549763;78.88707038;698670.8333;58.3996734;2861.0;53.01785714;53.14285714;266.75;63.30360031;31.07242573;6.498526868;25.73264771;1.292173919;49.08476861;10.2656513;40.64958009;52.75382996;73.93199158;73.93199158;14.29141717;35.40918164;29.38123752;14.28571429;36.21553885;26.8588137;;;;;;;;;;80.15591846;78.10686237;81.9652515;62.0162988;79.49256311;0.0;
25;2536;Cundinamarca;Supatá;25777;2021;5670;3.718400941;0.176366843;65.3968254;149;1788.0;128;1;0;0;0;0;72.97430021;38.84432804;77.14043515;908538.3333;47.00176367;2665.0;49.26086807;46.36231995;230.5797119;89.23407714;49.96569339;4.444591969;34.82379178;1.573793248;55.99395992;4.980823595;39.02521648;52.75382996;73.93199158;73.93199158;13.0044843;36.01241808;31.66609176;12.88343558;36.70155179;29.70046914;;;;;;;;;;74.05961685;71.90512814;76.1752497;73.9465847;75.80204158;0.0;
25;2590;Cundinamarca;Susa;25779;2011;5576;3.528515065;;70.53443329;401;2557.0;111;1;0;0;0;0;77.77581016;39.29520099;95.49848943;534643.0833;90.22596844;5031.0;43.17142857;45.38095238;216.6666667;106.3381933;63.55898585;11.10502961;31.67417784;1.907069464;59.77060911;10.44312421;29.78626668;14.73397446;125.5505447;125.5505447;15.5766526;34.1068917;20.67510549;15.59297218;35.28550512;21.7057101;;;;;;;;;;91.46595377;90.25971556;92.6952875;69.5089372;87.02773097;0.0;
25;2590;Cundinamarca;Susa;25779;2016;6114;3.782302911;0.016355904;67.79522408;406;2557.0;111;1;0;0;0;0;75.56972112;39.6812749;87.45025206;689142.2917;69.98691528;4279.0;53.89320388;52.47572816;264.368932;65.46129059;23.02509188;8.296186608;34.1400121;1.070678616;35.17359904;12.67342354;52.15297743;14.73397446;125.5505447;125.5505447;16.20755926;35.16976297;19.95515695;16.20989305;37.76737968;21.35695187;;;;;;;;;;80.84427269;78.9655566;82.7151769;62.5488756;81.29675571;0.0;
25;2590;Cundinamarca;Susa;25779;2021;7032;4.908513462;0.099544937;61.93117179;411;2557.0;111;1;0;0;0;0;70.63746687;40.20086483;84.64359386;906898.8333;55.8447099;3927.0;51.09523773;49.07143021;240.7142792;92.24377845;38.50273631;6.280240588;47.46080156;1.311771593;41.74019858;6.808308044;51.45149338;14.73397446;125.5505447;125.5505447;14.73301649;36.6787811;21.58233156;14.76121563;38.4081042;23.35745297;;;;;;;;;;75.30598881;73.23792169;77.2804517;75.1910544;78.72909991;2.0;LL
25;2590;Cundinamarca;Sutatausa;25781;2011;4675;13.26737968;;71.1657754;212;2600.0;67;1;0;0;0;0;77.57549797;38.65924181;82.98015473;576291.6667;41.28342246;1930.0;45.024;46.158;220.0461538;127.9739858;101.0332948;2.805214561;24.13547644;2.737411461;78.9483067;2.192019372;18.85967393;8.049844742;100.7787399;100.7787399;17.86885246;38.56557377;14.18032787;19.19463087;37.80760626;14.58612975;;;;;;;;;;76.4575799;74.48247198;78.3282624;58.1034243;72.2025759;0.0;
25;2590;Cundinamarca;Sutatausa;25781;2016;5422;13.14551826;0.202877167;68.94135006;217;2600.0;67;1;0;0;0;0;75.32104969;39.62404616;84.30913349;699666.6667;30.4869052;1653.0;49.17567568;50.27027027;247.4864865;117.8902632;80.07311729;4.386567033;33.43057892;2.174294785;67.92173933;3.720890014;28.35737066;8.049844742;100.7787399;100.7787399;16.64238893;38.31026948;15.04005827;17.22720478;38.82660688;15.24663677;;;;;;;;;;62.5525971;60.04993109;64.4622481;48.3966827;63.94465234;2.0;LL
25;2590;Cundinamarca;Sutatausa;25781;2021;6506;20.983195;0.107592991;63.77190286;222;2600.0;67;1;0;0;0;0;70.92825043;40.10537734;80.0;915377.1667;22.44082385;1460.0;53.64948273;54.65979385;257.4536133;178.2806102;128.0550058;2.833513552;47.39209085;2.740249158;71.82778074;1.589355987;26.58286327;8.049844742;100.7787399;100.7787399;15.1782993;40.41450777;16.33648278;15.81395349;40.49612403;16.89922481;;;;;;;;;;55.71528586;53.37118568;58.1240876;55.6302514;63.33987771;2.0;LL
25;2571;Cundinamarca;Tabio;25785;2011;16305;7.990391495;;71.30941429;250;2600.0;74;1;0;0;0;0;77.74846086;39.97068308;71.61913523;534050.0;24.64274762;4018.0;47.39041522;46.77702422;225.9550173;130.4461436;9.558296703;20.79826906;100.0895778;0.800037679;7.327389251;15.94395088;76.72865987;48.80587769;62.84798813;62.84798813;18.23287158;40.37189567;13.93984775;17.11287988;41.96816208;15.1712494;335.0;63002.0;111.0;17751.0;179.0;31884.0;62.01117318;55.67369213;0.20274939;56.7437272;51.28467419;61.3596882;43.1220143;64.53293979;2.0;LL
25;2571;Cundinamarca;Tabio;25785;2016;19672;11.19442185;1.474176495;71.08072387;255;2600.0;74;1;0;0;0;0;77.40662438;39.92013155;63.73439693;685696.25;20.93330622;4118.0;54.45092025;53.45092025;270.8865031;186.5231355;13.02494271;23.75466585;149.7435269;0.948165593;6.983017244;12.7355064;80.28147636;48.80587769;62.84798813;62.84798813;18.03398311;41.30094861;16.36610028;16.96596885;42.81178688;17.77954162;265.0;779526.0;83.0;22940.0;150.0;40922.0;55.33333;56.05787;0.231026951;56.45746701;51.49009045;61.6520775;43.680906;53.4913859;2.0;LL
25;2571;Cundinamarca;Tabio;25785;2021;24099;10.44891213;1.083032491;67.14801444;260;2600.0;74;1;0;0;0;0;74.13535562;40.20069708;60.73135755;905965.75;16.22059007;3909.0;56.89891815;55.13357544;273.0758057;250.7268215;22.16483876;16.8779287;211.6840541;1.040403426;8.840234415;6.731600791;84.42816479;48.80587769;62.84798813;62.84798813;16.52751746;43.11637417;17.93320838;15.45991425;43.58870642;20.00647197;237.0;804762.0;55.0;330412.0;134.0;928690.0;41.04478;35.57829;0.24456277;37.68976628;32.14272795;43.6609977;37.632243;42.5002732;2.0;LL
25;2590;Cundinamarca;Tausa;25793;2011;6721;10.53042702;;85.88007737;69;2931.0;194;1;0;0;0;0;89.49884125;36.51506373;84.082397;534550.0;52.87903586;3554.0;43.37395349;46.50197674;215.8604651;304.0450754;252.8429251;15.26006424;35.942086;4.523807103;83.15968441;5.019013783;11.82130181;18.75446701;92.26976013;92.26976013;17.55918828;38.86696731;13.27508455;18.27923101;38.07122597;13.07910495;;;;;;;;;;80.8658238;79.09710951;82.5867438;61.4534396;75.91620177;2.0;LL
25;2590;Cundinamarca;Tausa;25793;2016;7529;8.225970691;0.066409882;83.8756807;74;2931.0;194;1;0;0;0;0;88.10074531;36.75147777;82.03043569;703291.6667;43.81724001;3299.0;52.45744681;53.27659574;260.3404255;894.0413455;754.8470933;87.62295238;51.57129986;11.87463601;84.43089316;9.800771835;5.768335001;18.75446701;92.26976013;92.26976013;16.63689717;39.04057157;15.3610615;17.61772853;38.42105263;14.43213296;;;;;;;;;;64.81742398;62.48101586;67.3849928;50.1489698;71.07436439;2.0;LL
25;2590;Cundinamarca;Tausa;25793;2021;8823;10.56141146;0.283350334;78.6467188;79;2931.0;194;1;0;0;0;0;84.05622049;37.00450203;78.56765793;911464.8333;31.17987079;2751.0;50.19736862;50.0263176;242.3947296;322.1191477;219.5864991;29.97138968;72.56125897;3.650902729;68.16934064;9.304442126;22.52621723;18.75446701;92.26976013;92.26976013;15.21691738;40.85458906;16.50316111;16.31255902;39.82530689;15.84041549;;;;;;;;;;65.4101487;63.32460348;67.7884692;65.3103177;68.49013413;2.0;LL
25;2587;Cundinamarca;Tena;25797;2011;7791;3.234501348;;93.59517392;111;1350.0;54;1;0;0;0;0;95.42850596;35.94179652;91.43409188;533950.0;61.64805545;4803.0;45.20430108;46.74193548;221.7526882;93.29188021;43.0340579;8.536482911;41.7213394;1.197431398;46.12840668;9.150295709;44.72129761;36.3509903;36.3509903;36.3509903;14.52054795;32.90161893;26.17683686;14.40677966;36.57309322;23.56991525;;;;;;;;;;85.28149545;83.55268144;86.9083495;64.8090996;85.61099203;0.0;
25;2587;Cundinamarca;Tena;25797;2016;8848;4.323952682;0.146925859;93.86301989;116;1350.0;54;1;0;0;0;0;95.40954969;35.54930124;81.42935478;685696.25;46.81283906;4142.0;54.11764706;51.84705882;264.5764706;119.1980481;52.03547175;12.6163207;54.54625563;1.347175046;43.65463411;10.58433498;45.76103091;36.3509903;36.3509903;36.3509903;15.50884956;33.87168142;28.2079646;13.88632163;36.29852126;27.12569316;;;;;;;;;;76.54404619;74.5495883;78.3852379;59.2218083;74.42721225;0.0;
25;2587;Cundinamarca;Tena;25797;2021;10513;4.813088557;0.180728622;90.18358223;121;1350.0;54;1;0;0;0;0;92.62455226;35.46890264;79.83684778;905974.0833;36.43108532;3830.0;54.72857285;51.92856979;256.3857117;136.731019;50.83686009;7.309426013;78.58473286;1.300589926;37.18019545;5.345843298;57.47396125;36.3509903;36.3509903;36.3509903;13.9951932;35.03420226;30.52320207;12.44122257;36.46159875;30.21159875;;;;;;;;;;71.51701615;69.25783626;73.822391;71.4078646;74.03162747;0.0;
25;2572;Cundinamarca;Tenjo;25799;2011;16519;27.7564219;;63.89611962;262;2600.0;117;1;0;0;0;0;71.59593545;40.77704722;73.30403735;550208.3333;26.20013318;4328.0;45.62959184;45.7264966;222.0170068;737.4156025;35.56706421;417.4707515;284.3777868;4.464045054;4.823204729;56.61268219;38.56411308;47.35639191;47.35639191;47.35639191;17.76905142;39.90673702;14.65210455;17.76583035;41.40979689;14.57586619;;;;;;;;;;51.49030431;49.11885997;53.6109291;39.1297109;61.1654224;2.0;LL
25;2572;Cundinamarca;Tenjo;25799;2016;19931;23.38484438;4.766444233;61.59751141;267;2600.0;117;1;0;0;0;0;69.72433233;40.86283503;61.67820069;738985.5833;19.23134815;3833.0;53.09493671;52.18670886;263.3860759;1256.965957;128.7079831;576.0465641;552.2114093;6.30658751;10.2395759;45.82833458;43.93208952;47.35639191;47.35639191;47.35639191;18.29131367;41.76788813;16.21925079;17.56463391;43.30965068;16.8640221;;;;;;;;;;46.19263057;43.74312079;48.3946177;35.739045;47.97745578;2.0;LL
25;2572;Cundinamarca;Tenjo;25799;2021;24394;29.77713099;8.301221612;55.11191277;272;2600.0;117;1;0;0;0;0;63.91451778;41.56612255;58.86094416;989729.75;15.37673198;3751.0;55.25909042;53.26363754;263.3045349;1346.723956;53.03948159;624.8500977;668.8343764;5.520718028;3.93840782;46.39778591;49.66380627;47.35639191;47.35639191;47.35639191;16.80721383;43.64198046;17.42506471;16.1874849;44.32632681;18.74848997;;;;;;;;;;40.76306999;38.13191099;43.0996753;40.7008561;47.35883198;2.0;LL
25;2581;Cundinamarca;Tibacuy;25805;2011;3835;3.265971317;;88.63102999;419;1625.0;84;1;0;0;0;0;91.86602871;36.31578947;95.45859305;1109066.917;82.68578879;3171.0;44.15969388;43.4655102;211.877551;31.77765696;11.22280956;2.562249378;17.99259803;0.828622085;35.31666784;8.063053172;56.62027899;33.74892044;33.74892044;33.74892044;14.23541247;32.89738431;26.76056338;15.32214402;33.24309691;24.30969139;;;;;;;;;;90.19440194;88.89374506;91.5548006;68.5426299;90.85740148;0.0;
25;2581;Cundinamarca;Tibacuy;25805;2016;4126;3.094199386;0.024236549;87.54241396;424;1625.0;84;1;0;0;0;0;91.23142251;36.05095541;85.65689032;1254653.917;72.6854096;2999.0;52.92;52.28;259.22;54.2526065;26.61508842;5.437783674;22.1997344;1.31489594;49.0577138;10.02308281;40.9192034;33.74892044;33.74892044;33.74892044;14.20534459;32.44256915;31.87998125;14.0491721;33.76818866;28.70045158;;;;;;;;;;86.28502707;84.45678671;87.7756664;66.7583645;81.16740525;0.0;
25;2581;Cundinamarca;Tibacuy;25805;2021;4702;4.342123919;0.170140366;84.26201616;429;1625.0;84;1;0;0;0;0;88.69856637;36.04542916;85.35460993;996893.0833;57.08209273;2684.0;54.46511459;52.34883881;255.1860504;80.74008934;45.91676376;3.817489176;31.0058364;1.717143542;56.86984513;4.728121071;38.4020338;33.74892044;33.74892044;33.74892044;12.79640229;32.95175797;34.30089943;12.5;34.17553191;31.42730496;;;;;;;;;;78.81633544;76.97656449;80.9281593;78.6960435;81.79151295;0.0;
25;2501;Cundinamarca;Tibirita;25807;2011;2900;2.206896552;;85.5862069;212;1950.0;57;1;0;0;0;0;89.7063186;37.16997923;91.06078665;892411.7917;77.48275862;2247.0;42.37818182;45.88772727;216.9090909;24.45881608;9.140471055;3.008759625;12.3095854;0.843407451;37.37086467;12.30132978;50.32780556;41.62847519;106.5823822;106.5823822;13.17991632;33.9609484;32.91492329;11.25511596;31.99181446;34.72032742;108.0;33012.0;41.0;13809.0;54.0;20683.0;75.92592593;66.76497607;0.823589973;72.39688863;63.85115598;79.3613707;55.0175292;83.70895564;0.0;
25;2501;Cundinamarca;Tibirita;25807;2016;3020;3.065673289;;83.70860927;217;1950.0;57;1;0;0;0;0;88.26122899;37.61366768;81.15702479;730956.4167;61.05960265;1844.0;50.35135135;48.94594595;250.7297297;35.47541521;14.63921437;3.956625615;16.87957523;1.174682623;41.26580135;11.15314815;47.5810505;41.62847519;106.5823822;106.5823822;11.77658143;35.80080754;35.86810229;11.79921773;32.79009126;37.41851369;67.0;152651.0;30.0;11495.0;36.0;13196.0;83.33334;87.10973;1.008122321;85.38774249;77.55915114;92.2379698;66.0641392;;0.0;
25;2501;Cundinamarca;Tibirita;25807;2021;3412;3.712387651;0.351699883;80.45134818;222;1950.0;57;1;0;0;0;0;85.9462079;37.79985462;82.01970443;908526.0;49.97069168;1705.0;51.33333206;51.77777863;248.1481476;45.01993296;20.06434835;2.77853742;22.17704719;1.319458762;44.56769931;6.171793774;49.26050692;41.62847519;106.5823822;106.5823822;10.85131894;35.91127098;37.6498801;10.60779817;32.56880734;40.59633028;67.0;174388.0;39.0;44468.0;45.0;49379.0;86.66666;90.05447;0.524676265;86.37444703;78.43543786;92.4647868;86.2426196;86.83903753;0.0;
25;2502;Cundinamarca;Tocaima;25815;2011;13830;4.160641118;;43.45625452;212;399.0;238;1;0;0;0;0;51.56401642;43.15042926;81.82029795;534050.0;77.25234996;10684.0;42.61827957;43.59139785;207.1827957;166.4398109;55.70186019;15.69696806;95.04098261;1.203469348;33.46666876;9.431017725;57.10231351;50.39668655;50.39668655;50.39668655;14.96119575;35.12503593;25.84075884;14.58090803;37.44179278;25.52386496;;;;;;;;;;87.31224073;85.60773911;88.9431425;66.3523509;85.71742641;0.0;
25;2502;Cundinamarca;Tocaima;25815;2016;14939;5.640158868;0.207510543;40.35075976;217;399.0;238;1;0;0;0;0;48.97449737;43.21953852;73.88848206;685696.25;59.90360801;8949.0;47.66666667;46.37820513;235.8269231;194.5904667;58.3407156;20.83506584;115.4146853;1.302566883;29.9812815;10.70713596;59.31158253;50.39668655;50.39668655;50.39668655;16.15865833;35.0459204;27.91161986;14.36843523;37.48990035;28.81766765;;;;;;;;;;77.52053583;75.52551487;79.481789;59.9773143;77.80398209;0.0;
25;2502;Cundinamarca;Tocaima;25815;2021;17143;7.537089969;1.434988042;35.41970484;222;399.0;238;1;0;0;0;0;43.89148295;43.89148295;72.24854227;905965.75;47.4596045;8136.0;48.55797195;46.14492798;226.9130402;365.497295;192.2082232;18.63907802;154.6499938;2.132049787;52.58813836;5.09964869;42.31221295;50.39668655;50.39668655;50.39668655;14.88372093;35.96511628;29.96511628;13.03991572;37.53950603;31.66335011;;;;;;;;;;69.7031238;67.50469944;71.892269;69.5967407;70.02954679;0.0;
25;2571;Cundinamarca;Tocancipá;25817;2011;27929;22.56973039;;63.53610942;418;2564.0;72;1;0;0;0;0;71.11325444;41.20636569;79.73888613;543083.3333;15.4069247;4303.0;47.70280488;46.87653659;227.6658537;2076.738858;23.91573692;1711.954147;340.8689742;7.435779505;1.151600589;82.43473368;16.41366573;39.0266571;69.91694641;69.91694641;19.54106456;40.1060199;8.350882289;19.36007911;41.15694307;9.118519565;;;;;;;;;;44.53599856;42.32711755;46.7803807;33.844833;58.29414236;2.0;LL
25;2571;Cundinamarca;Tocancipá;25817;2016;35666;28.23954653;9.897381259;62.14041384;423;2564.0;72;1;0;0;0;0;69.65757238;40.81848552;65.68186424;734494.1667;11.23198564;4006.0;53.65613383;53.21003717;267.7825279;3717.275453;20.96452971;2882.602842;813.7080817;10.42246244;0.563975685;77.54611887;21.88990544;39.0266571;69.91694641;69.91694641;20.05205386;42.9331221;9.352721512;19.45309026;44.13072477;10.61027123;;;;;;;;;;33.45386196;31.06327256;35.8690558;25.883113;43.41310092;2.0;LL
25;2571;Cundinamarca;Tocancipá;25817;2021;44170;33.63576334;17.726964;57.47113425;428;2564.0;72;1;0;0;0;0;65.52081456;41.02090467;61.72851437;977756.8333;11.41725153;5043.0;54.13546371;51.85388184;256.2435303;5131.25405;27.03954028;3220.410602;1883.803908;11.61705694;0.526957738;62.76069301;36.71234925;39.0266571;69.91694641;69.91694641;18.51312617;45.42062878;10.15969789;18.04335091;45.730251;11.95980352;;;;;;;;;;35.39866705;33.06085281;37.8336391;35.3446405;46.6932347;2.0;LL
25;2570;Cundinamarca;Topaipí;25823;2011;4111;1.937890213;;88.10508392;84;1300.0;162;1;0;0;0;0;92.13004484;34.79820628;95.94481605;1154321.167;82.8022379;3404.0;40.21311475;40.29508197;202.6721311;44.69277414;24.65794571;3.420421123;16.61440731;1.087150916;55.1721082;7.653185977;37.17470582;50.30945969;106.829071;106.829071;13.91028546;32.66878115;28.81739918;12.92016807;32.61554622;26.78571429;;;;;;;;;;93.17063179;91.96949747;94.2468859;70.8043958;90.78923145;1.0;HH
25;2570;Cundinamarca;Topaipí;25823;2016;4091;2.823270594;;84.84478123;89;1300.0;162;1;0;0;0;0;88.98231997;34.99353169;82.9650462;1195437.75;73.28281594;2998.0;46.0625;43.0625;224.15625;36.60414931;12.84014727;3.760963385;20.00303866;0.894748211;35.07839277;10.27469141;54.64691582;50.30945969;106.829071;106.829071;13.33638863;34.09715857;32.72227314;13.61969618;33.42063908;30.6443164;;;;;;;;;;88.43048669;86.77900459;89.8385696;68.4182976;;1.0;HH
25;2570;Cundinamarca;Topaipí;25823;2021;4417;3.358237114;;79.3072221;94;1300.0;162;1;0;0;0;0;84.80607757;35.42582967;81.04599407;1150729.875;58.9314014;2603.0;46.17647171;44.13725662;221.8431396;62.6839851;32.61823186;3.09868416;26.96706908;1.419152934;52.03598942;4.943342634;43.02066794;50.30945969;106.829071;106.829071;12.24489796;34.73639456;34.48129252;12.25181598;34.04358354;33.26876513;;;;;;;;;;80.62320679;78.70276365;82.5008115;80.5001571;;0.0;
25;2539;Cundinamarca;Ubalá;25839;2011;8048;4.209120278;;85.02733598;165;1900.0;551;1;0;0;0;0;87.97707736;35.54154728;86.48703404;883957.0833;97.11729622;7816.0;42.09868421;44.16447368;211.875;390.5779421;92.32439504;20.46462005;277.788927;4.853105643;23.63789274;5.239573934;71.12253332;67.98176575;91.67710114;80.9457016;21.08559499;31.43122245;22.40779402;16.02890019;34.59994648;22.5046829;;;;;;;;;;93.96118832;92.93058037;95.0569418;71.4051739;86.66897977;0.0;
25;2539;Cundinamarca;Ubalá;25839;2016;7717;5.784847307;0.233251263;82.66165608;170;1900.0;551;1;0;0;0;0;86.34275212;35.45830462;78.90721649;1007710.083;79.75897369;6155.0;48.46078431;47.55882353;239.7156863;746.7418659;65.91890158;67.26252025;613.560444;9.676582426;8.827535269;9.007466077;82.16499865;67.98176575;91.67710114;80.9457016;21.10002434;32.02725724;25.1155999;15.24390244;35.31042129;26.46895787;;;;;;;;;;84.5653991;82.76684644;86.3816733;65.4278955;79.12971031;0.0;
25;2539;Cundinamarca;Ubalá;25839;2021;8184;5.627851092;0.867546432;77.8714565;175;1900.0;551;1;0;0;0;0;82.47110919;35.33858948;74.67332821;1051491.417;71.33431085;5838.0;48.93518448;49.07407379;238.1574097;1087.621423;77.9062941;45.38037294;964.3347556;13.28960683;7.162997389;4.172441991;88.66456062;67.98176575;91.67710114;80.9457016;21.64995442;32.45214221;26.61804923;13.88303477;35.80084299;29.1886196;;;;;;;;;;83.94661347;82.05170271;85.6003166;83.8184915;76.87396098;0.0;
25;2562;Cundinamarca;Ubaque;25841;2011;6212;3.832635759;;85.89826143;112;1820.0;117;1;0;0;0;0;89.45028893;36.67209957;89.77635783;548012.6667;93.56084997;5812.0;42.90769231;43.36923077;211.8;155.341175;117.2267474;10.11895163;27.99547603;2.500662831;75.46405346;6.514017694;18.02192884;26.3238678;26.3238678;26.3238678;14.95211616;35.80475749;22.52085264;14.42016807;36.57142857;23.96638655;;;;;;;;;;91.972742;90.79602705;93.1252348;69.8940675;87.86625879;0.0;
25;2562;Cundinamarca;Ubaque;25841;2016;6490;6.268618387;0.477657935;84.29892142;117;1820.0;117;1;0;0;0;0;88.12603192;36.58503027;79.7752809;719210.3333;73.25115562;4754.0;51.93055556;51.875;259.1527778;185.8614696;134.1632065;18.05529048;33.64297263;2.863813092;72.18451828;9.714380563;18.10110116;26.3238678;26.3238678;26.3238678;14.68078847;36.77552221;24.47778758;14.3642834;38.14299579;25.88159172;;;;;;;;;;83.39996225;81.58199143;85.0848142;64.5262019;77.14955589;0.0;
25;2562;Cundinamarca;Ubaque;25841;2021;7271;6.400999404;0.385091459;79.92023105;122;1820.0;117;1;0;0;0;0;84.72580052;36.79303153;77.86724701;905965.75;59.68917618;4340.0;49.33766174;49.09090805;237.6623383;161.5435551;107.5125648;7.342899547;46.68809076;2.221751549;66.55329873;4.545461155;28.90124012;26.3238678;26.3238678;26.3238678;13.45750262;37.77544596;26.44281217;13.03845042;38.30586875;28.73662908;;;;;;;;;;78.4692316;76.3774696;80.3307453;78.3494694;75.44343523;4.0;HL
25;2590;Cundinamarca;Villa de San Diego de Ubaté;25843;2011;32026;16.31460896;;30.30662587;419;2559.0;106;1;0;0;0;0;37.88103826;46.84206804;77.94762984;533883.3333;46.98370074;15047.0;46.28857843;48.31910131;226.3611111;282.8662314;13.50954918;60.07377659;209.2829057;0.883239341;4.775949788;21.23752146;73.98652876;0.0;108.7958984;108.7958984;18.85817618;38.57530354;13.25238956;18.58904606;39.45109418;14.73219683;;;;;;;;;;69.69383345;67.68992639;71.8371349;52.9633606;69.95962039;0.0;
25;2590;Cundinamarca;Villa de San Diego de Ubaté;25843;2016;38638;16.83381645;0.380454475;27.94916921;424;2559.0;106;1;0;0;0;0;35.77221693;46.73709123;70.88450661;685696.25;38.67436203;14943.0;52.86685552;52.66572238;262.2351275;366.4129436;29.81229375;64.85820068;271.7424492;0.948322749;8.136255629;17.70084868;74.1628957;0.0;108.7958984;108.7958984;18.62296478;40.19899968;14.06299883;18.25740778;41.35254989;15.56137875;;;;;;;;;;60.12528032;57.84034712;62.408815;46.5186779;62.26018126;0.0;
25;2590;Cundinamarca;Villa de San Diego de Ubaté;25843;2021;47398;18.63879629;0.476813368;21.94396388;429;2559.0;106;1;0;0;0;0;28.89174522;47.55546034;67.33287603;905965.75;31.34309465;14856.0;54.43478394;53.09391403;258.7147827;561.9018795;41.37672662;109.5769431;410.9482098;1.185497024;7.363692511;19.50108143;73.13522606;0.0;108.7958984;108.7958984;17.12999047;42.36165238;15.06884905;16.8038183;42.71313364;17.19470046;;;;;;;;;;53.17231668;50.7250326;55.3315488;53.0911634;59.32386594;2.0;LL
25;2562;Cundinamarca;Une;25845;2011;6103;2.266644819;;53.25249877;112;2380.0;213;1;0;0;0;0;61.02928729;39.46165566;81.14137484;956570.0;94.4945109;5767.0;46.28037037;45.49901235;222.345679;110.0892139;65.76257843;7.063825774;37.26280971;1.80385407;59.73571442;6.41645582;33.84782976;16.36000252;16.36000252;16.36000252;15.74705518;39.05765654;19.52882827;15.5022593;38.40806396;19.60375391;97.0;31268.0;47.0;14900.0;50.0;16401.0;94.0;90.84811902;0.28422079;91.22492527;86.26260263;95.2931513;69.3257692;90.93031136;0.0;
25;2562;Cundinamarca;Une;25845;2016;6579;3.29204033;0.121599027;49.6124031;117;2380.0;213;1;0;0;0;0;58.20485422;40.23813158;69.97473007;811796.0833;80.72655419;5311.0;52.83695652;52.40217391;260.8478261;267.3978769;196.1524499;25.77367382;45.47175313;4.064415213;73.3560237;9.638698003;17.0052783;16.36000252;16.36000252;16.36000252;17.35585323;39.28363425;21.25800815;18.06041335;38.06041335;20.41335453;84.0;316757.0;34.0;11785.0;37.0;12907.0;91.89189;91.30704;0.169112626;89.84157933;83.51094959;94.6501227;69.5100541;86.96587113;0.0;
25;2562;Cundinamarca;Une;25845;2021;7566;4.088465944;0.343642612;43.56330954;122;2380.0;213;1;0;0;0;0;52.36500067;40.54669704;67.96657382;917385.0833;68.54348401;5186.0;54.53845978;51.5846138;253.5230713;193.4480836;126.3237349;8.508162152;58.61618659;2.556807873;65.30110432;4.398163059;30.30073262;16.36000252;16.36000252;16.36000252;15.72722698;40.68948163;23.04982386;16.42538976;38.94766147;22.66146993;103.0;389435.0;49.0;164803.0;58.0;227953.0;84.48276;72.29692;0.336317206;74.2063461;65.81109305;81.0480812;74.09309;74.07280341;0.0;
25;2536;Cundinamarca;Útica;25851;2011;3910;2.939045183;;46.77749361;148;500.0;94;1;0;0;0;0;55.16262261;40.60402685;77.6235198;762248.2083;88.64450128;3466.0;37.48952381;38.82333333;200.4920635;52.86177219;1.550029045;29.30910817;22.00263497;1.351963483;2.932230572;55.44480814;41.62296129;35.86000061;94.11321259;94.11321259;12.95387635;37.29146222;29.83316977;13.19444444;36.11111111;27.72435897;;;;;;;;;;86.97198617;85.277238;88.6258828;66.0937767;86.88550788;1.0;HH
25;2536;Cundinamarca;Útica;25851;2016;4101;3.77956596;0.097537186;43.64789076;153;500.0;94;1;0;0;0;0;52.33097388;40.63949231;73.82420971;695776.5833;72.12874909;2958.0;49.78571429;46.97619048;246.047619;41.81716838;1.864550746;13.84676625;26.10585139;1.019682233;4.458816362;33.11263479;62.42854885;35.86000061;94.11321259;94.11321259;13.5261194;36.94029851;31.94962687;13.94992335;35.25804803;29.68829842;;;;;;;;;;84.15444077;82.38768849;85.8276777;65.1099388;77.05165854;0.0;
25;2536;Cundinamarca;Útica;25851;2021;4589;6.608193506;0.174329919;40.66245369;158;500.0;94;1;0;0;0;0;49.09329255;40.81275945;73.71705964;905965.75;58.44410547;2682.0;49.70370483;48.16666794;236.7962952;52.43982597;3.036355206;16.35579482;33.04767595;1.142728829;5.790170257;31.18964359;63.02018615;35.86000061;94.11321259;94.11321259;12.52072968;37.14759536;34.07960199;12.49425815;34.95636197;33.07303629;;;;;;;;;;73.34171932;71.1336388;75.3258312;73.2297829;72.67813754;0.0;
25;2536;Cundinamarca;Vergara;25862;2011;6706;2.041703947;;84.38711602;209;1350.0;146;1;0;0;0;0;88.25191764;36.06513255;82.46250605;1012002.542;95.22815389;6386.0;42.97590361;42.75903614;211.5060241;137.2906487;28.73818998;76.60860382;31.94385491;2.047280774;20.93237249;55.80030726;23.26732025;54.81352997;81.96934509;81.96934509;13.99317406;35.8930603;27.87258248;13.1661442;34.76489028;27.39811912;;;;;;;;;;88.97899751;87.52788569;90.3632773;67.6189915;90.41565829;0.0;
25;2536;Cundinamarca;Vergara;25862;2016;6670;3.109695152;0.044977511;83.26836582;214;1350.0;146;1;0;0;0;0;87.54453094;36.03377754;81.77364037;831206.7917;81.75412294;5453.0;52.85507246;50.91304348;259.6521739;99.74848868;29.18730424;34.9494898;35.61169465;1.49547959;29.26089871;35.03761336;35.70148793;54.81352997;81.96934509;81.96934509;12.75743707;35.06864989;32.12242563;12.69691241;34.34152489;31.821046;;;;;;;;;;87.58135424;85.92144501;89.1774359;67.7613274;82.21828613;0.0;
25;2536;Cundinamarca;Vergara;25862;2021;7321;3.212220553;0.040978008;79.08755634;219;1350.0;146;1;0;0;0;0;84.3543146;36.24984956;81.33273502;1117991.75;71.88908619;5263.0;52.14925385;49.94029999;245.8059692;136.5211735;46.20240274;43.42273042;46.89604033;1.864788601;33.84266452;31.80659037;34.35074511;54.81352997;81.96934509;81.96934509;11.39141743;35.37061118;34.59037711;11.39240506;34.55120829;34.63751438;;;;;;;;;;80.98349912;78.89887978;82.8222512;80.8598996;84.86573206;0.0;
25;2545;Cundinamarca;Vianí;25867;2011;3668;2.996637586;;69.49291167;158;1480.0;68;1;0;0;0;0;76.38217928;38.5668277;97.54601227;890023.3333;81.27044711;2981.0;44.53325581;45.47069767;220.1627907;23.93570687;2.368453389;2.529778576;19.03747491;0.652554713;9.895063479;10.56905731;79.53587921;43.23291397;68.33273315;68.33273315;12.92194093;32.59493671;28.79746835;13.76975169;32.9006772;26.41083521;;;;;;;;;;90.38761723;88.98875536;91.6800235;68.6894626;89.66124135;0.0;
25;2545;Cundinamarca;Vianí;25867;2016;4054;2.920983391;0.148001973;67.73556981;163;1480.0;68;1;0;0;0;0;74.66981132;38.20754717;89.09242298;1013958.958;68.13024174;2762.0;54.57692308;53.05769231;264.5384615;74.88204444;41.33900422;7.578722754;25.96431747;1.847115058;55.20549622;10.12088119;34.67362258;43.23291397;68.33273315;68.33273315;13.0455408;32.5426945;32.82732448;14.28571429;34.06988695;27.74922919;;;;;;;;;;83.48682873;81.66731344;85.1409942;64.5934101;82.35644664;0.0;
25;2545;Cundinamarca;Vianí;25867;2021;4738;3.640776699;0.105529759;63.10679612;168;1480.0;68;1;0;0;0;0;70.6512945;38.47087379;87.36654804;925220.4167;52.97593921;2510.0;52.70000076;48.625;245.4250031;96.75263132;58.48486225;4.739653447;33.52811562;2.042056381;60.44782602;4.898733381;34.6534406;43.23291397;68.33273315;68.33273315;11.9240097;33.14470493;34.88278092;12.94169611;34.71731449;30.16784452;;;;;;;;;;76.74123518;74.83058505;78.9349459;76.6241103;81.42904858;0.0;
25;2570;Cundinamarca;Villagómez;25871;2011;1694;2.528532074;;70.30696576;46;1700.0;66;1;0;0;0;0;76.1821366;38.17863398;99.17864476;1140211.0;93.15230224;1578.0;43.24;46.6;221.2;10.43749103;1.129636633;1.275162253;8.032692148;0.616144689;10.82287524;12.21713388;76.95999088;40.84961319;96.06124878;96.06124878;15.7239819;30.54298643;27.60180995;14.44444444;33.95061728;23.45679012;;;;;;;;;;92.69930384;91.55398441;93.8615184;70.4462133;90.72343253;0.0;
25;2570;Cundinamarca;Villagómez;25871;2016;1728;4.118441358;0.173611111;67.47685185;51;1700.0;66;1;0;0;0;0;73.48066298;38.56353591;87.27097396;998659.375;86.68981481;1498.0;51.54545455;50.72727273;251.2727273;20.60543058;6.412143754;2.214305296;11.97898153;1.192443899;31.1187079;10.74622191;58.13507019;40.84961319;96.06124878;96.06124878;14.38053097;33.29646018;30.08849558;13.34951456;34.70873786;29.36893204;;;;;;;;;;88.83633334;87.46640019;90.3432308;68.7322995;78.91515243;0.0;
25;2570;Cundinamarca;Villagómez;25871;2021;1909;5.11611664;0.209533787;62.02200105;56;1700.0;66;1;0;0;0;0;68.43953838;39.93978926;88.97777778;1100735.917;69.19853326;1321.0;48.18181992;47.27272797;229.1515198;27.02032798;10.39997825;1.509677963;15.11067177;1.415417914;38.4894597;5.587193333;55.92334697;40.84961319;96.06124878;96.06124878;12.55102041;33.57142857;33.06122449;12.05597417;34.76856835;32.61571582;;;;;;;;;;80.30511177;78.39552911;82.0567979;80.1825476;80.40008065;0.0;
25;2501;Cundinamarca;Villapinzón;25873;2011;14563;5.090526219;;67.25949324;235;2724.0;235;1;0;0;0;0;73.1249554;40.56947121;91.76021554;533883.3333;75.97335714;11064.0;44.65635739;47.19243986;221.9140893;302.0958713;188.3115588;33.64500642;80.13930604;2.074406862;62.33503226;11.13719505;26.52777269;27.35781479;114.0879517;114.0879517;17.80168891;35.72596023;14.19231817;17.57374325;36.47694225;15.45492314;;;;;;;;;;86.5643761;85.08329229;88.0199219;65.7840162;85.40243897;0.0;
25;2501;Cundinamarca;Villapinzón;25873;2016;16115;5.638121833;0.161340366;64.21346572;240;2724.0;235;1;0;0;0;0;70.99697885;40.33232628;82.09671104;685696.25;64.93329196;10464.0;52.28679245;53.70188679;260.7018868;572.0864071;406.6226668;62.11073739;103.3530029;3.550024245;71.0771418;10.85688047;18.06597774;27.35781479;114.0879517;114.0879517;19.00714462;36.4498645;15.81670362;17.4565462;37.28898337;17.00637739;;;;;;;;;;77.79489217;75.87391903;79.6545252;60.1895826;77.80444427;0.0;
25;2501;Cundinamarca;Villapinzón;25873;2021;18810;7.815878079;0.313662945;58.92078682;245;2724.0;235;1;0;0;0;0;66.37215817;40.73914449;77.74654873;905982.1667;52.97713982;9965.0;51.6324501;49.40066147;242.5662231;533.3375085;359.6674881;33.49011027;140.1799101;2.835393453;67.4371261;6.279346519;26.28352739;27.35781479;114.0879517;114.0879517;17.54256107;38.46885905;17.18303902;15.92002566;38.66139207;19.08478563;;;;;;;;;;72.87667114;70.59681647;75.1931546;72.7654445;74.39261811;0.0;
25;2536;Cundinamarca;Villeta;25875;2011;21790;11.26548876;;37.53556677;212;799.0;142;1;0;0;0;0;45.44602791;44.20336308;78.27712663;533883.3333;62.31757687;13579.0;45.11064103;44.22976923;217.2820513;306.0824421;39.94943134;109.8378771;156.2951337;1.404692254;13.0518533;35.88506297;51.06308372;40.3574295;76.00628662;76.00628662;15.94295639;37.29774202;21.10796234;15.77734771;39.37885909;20.70776887;331.0;34826.0;127.0;13949.0;176.0;18706.0;72.15909091;74.56965679;0.10870673;74.67693081;70.7989671;78.6465831;56.750232;74.76388541;0.0;
25;2536;Cundinamarca;Villeta;25875;2016;24903;15.16550884;2.248725053;34.33722845;217;799.0;142;1;0;0;0;0;42.37488895;44.32928635;70.01645438;685696.25;46.45625025;11569.0;52.32791328;50.62330623;255.9214092;314.4203301;41.03966002;52.77309434;220.6075757;1.262580131;13.05248297;16.78425003;70.16326701;40.3574295;76.00628662;76.00628662;16.39449248;38.83285303;22.39833493;15.61518008;40.06929337;23.10047538;277.0;791316.0;106.0;29009.0;144.0;39505.0;73.61111;73.43121;0.163805543;72.71734611;67.55674287;77.3070396;56.2611065;70.06473157;0.0;
25;2536;Cundinamarca;Villeta;25875;2021;29642;16.00235027;2.128736253;29.5762769;222;799.0;142;1;0;0;0;0;37.24908922;45.11393671;67.60513186;905965.75;38.03387086;11274.0;53.02077103;50.05044556;247.6884308;421.0830829;66.34529709;49.66248706;305.0752987;1.42056232;15.75586856;11.79398771;72.45014372;40.3574295;76.00628662;76.00628662;15.11486486;40.31081081;23.81081081;14.20293761;40.65489826;25.43457755;213.0;908137.0;79.0;288030.0;96.0;344687.0;82.29166;83.56277;0.176864513;81.35273766;76.18008364;85.9465659;81.2285746;76.98030006;0.0;
25;2587;Cundinamarca;Viotá;25878;2011;12255;2.826057392;;71.26070991;214;567.0;208;1;0;0;0;0;78.00331727;38.59094858;95.94121763;924954.9167;81.81966544;10027.0;43.14418605;42.46511628;209.8790698;193.6300565;122.7958009;14.66247648;56.17177906;1.580008621;63.4177375;7.572417604;29.0098449;35.90240097;35.90240097;35.90240097;14.25613253;31.42720612;28.27333546;13.98694997;34.23121968;24.92889409;;;;;;;;;;90.10390443;88.81391016;91.4471369;68.4738569;88.35881056;0.0;
25;2587;Cundinamarca;Viotá;25878;2016;12746;3.06959046;0.031382394;68.7352895;219;567.0;208;1;0;0;0;0;75.41685111;38.48310462;84.04900064;1167717.167;73.45833987;9363.0;50.68306011;49.40437158;249.2076503;217.3243869;118.723512;21.91622139;76.68465353;1.70503991;54.62963162;10.08456607;35.28580231;35.90240097;35.90240097;35.90240097;14.73829201;33.11906948;30.36424855;13.98905344;34.64262717;27.94591114;;;;;;;;;;85.19943323;83.42851981;86.8176051;65.9184451;83.09768227;0.0;
25;2587;Cundinamarca;Viotá;25878;2021;14289;3.913849815;0.293932396;64.0282735;224;567.0;208;1;0;0;0;0;71.46712302;38.649378;81.87965616;908833.0833;58.94744209;8423.0;49.6744194;47.57364273;232.9147339;334.3428468;213.4862783;15.95650547;104.900063;2.339861759;63.8525036;4.772497938;31.37499846;35.90240097;35.90240097;35.90240097;13.51277868;34.3257205;32.04187058;12.63522285;34.81898168;30.91013991;;;;;;;;;;78.45322125;76.37349813;80.4501848;78.3334835;79.44508717;0.0;
25;2570;Cundinamarca;Yacopí;25885;2011;12465;2.070463966;;81.5563578;127;1200.0;960;1;0;0;0;0;86.38922702;37.18046257;87.5915272;1141347.333;101.2194144;12617.0;38.81609195;38.40804598;195.0804598;96.17612477;31.7716842;7.078487542;57.32595303;0.771569392;33.03489746;7.359921767;59.60518077;41.63285828;139.7604218;139.7604218;15.05243677;35.45650833;22.14682295;14.69653904;36.53235245;21.75221535;;;;;;;;;;94.8981877;93.83396868;95.7807055;72.1172403;92.98927231;0.0;
25;2570;Cundinamarca;Yacopí;25885;2016;12203;2.871561638;0.06555765;78.43972794;132;1200.0;960;1;0;0;0;0;83.27168415;37.17822903;81.7378692;1166939.583;85.21674998;10399.0;46.42253521;43.42253521;228.5352113;188.1081914;100.4163676;18.49275733;69.19906638;1.541491366;53.38224079;9.830915495;36.78684372;41.63285828;139.7604218;139.7604218;14.06127258;35.8837392;26.66142969;13.4635149;37.15313464;26.49880096;;;;;;;;;;88.64191215;87.13502382;90.1371684;68.5818766;86.69417319;0.0;
25;2570;Cundinamarca;Yacopí;25885;2021;13124;3.313268313;0.053337397;72.28741237;137;1200.0;960;1;0;0;0;0;78.19167664;37.82128019;79.56686651;1493951.458;69.14050594;9074.0;48.52542496;47.16101837;230.7627106;253.180801;158.1539163;11.53530952;83.49157512;1.929143561;62.46678884;4.556154922;32.97705624;41.63285828;139.7604218;139.7604218;12.9898723;36.54777631;28.92998679;12.31183648;37.45840596;29.25051497;;;;;;;;;;82.29375112;80.41815383;83.9765422;82.1681518;83.93906183;0.0;
25;2572;Cundinamarca;Zipacón;25898;2011;3938;3.627052649;;73.23514474;112;2550.0;55;1;0;0;0;0;79.57198444;37.96206226;88.14196242;623450.0833;57.31335703;2257.0;46.18571429;43.78571429;215.5571429;36.84608905;10.27401905;3.009277106;23.56279289;0.935654877;27.88360806;8.167154734;63.94923721;45.94268799;45.94268799;45.94268799;15.45275591;34.94094488;23.32677165;14.95278069;37.0933893;21.77334732;;;;;;;;;;84.34901698;82.71318245;85.8716383;64.1004689;87.64374408;2.0;LL
25;2572;Cundinamarca;Zipacón;25898;2016;4364;4.160937977;0.343721357;73.8771769;117;2550.0;55;1;0;0;0;0;79.87012987;38.29074152;79.77405248;692503.9583;50.52703941;2205.0;51.35714286;49.01428571;251.3428571;65.37886887;30.67142241;6.574103934;28.13334253;1.4981409;46.91335738;10.05539565;43.03124697;45.94268799;45.94268799;45.94268799;16.65166517;34.60846085;24.66246625;15.12605042;37.58169935;25.67693744;;;;;;;;;;75.96100525;74.03542948;78.0442571;58.770712;74.65862789;2.0;LL
25;2572;Cundinamarca;Zipacón;25898;2021;5121;5.578337564;0.292911541;69.771529;122;2550.0;55;1;0;0;0;0;76.4537995;38.67285052;77.99814069;905965.75;38.00039055;1946.0;48.8125;47.390625;235.4375;92.90115975;51.12655111;4.398038116;37.37657052;1.814121456;55.03327541;4.734104642;40.23261994;45.94268799;45.94268799;45.94268799;15.50268611;35.8019954;26.09363008;13.7972167;37.89264414;28.58846918;;;;;;;;;;69.85594789;67.72789916;72.0024719;69.7493315;70.63214238;2.0;LL
25;2571;Cundinamarca;Zipaquirá;25899;2011;96489;13.41025056;;19.15969696;411;2611.0;194;1;0;0;0;0;24.37010146;48.72577776;68.65922899;534158.3333;28.39909212;27402.0;47.89136478;49.14454088;229.6930818;904.4329773;54.04064605;161.2705056;689.1218256;0.937343093;5.975085762;17.83111736;76.19379688;36.18798065;74.21739197;74.21739197;18.75828735;40.92133966;12.96462637;17.96867145;42.94705516;14.38740423;399.0;76461.0;93.0;17832.0;197.0;37277.0;47.20812183;47.83646753;0.143885799;48.88027502;43.89284594;53.8765075;37.1462367;53.48614626;2.0;LL
25;2571;Cundinamarca;Zipaquirá;25899;2016;118023;16.16069184;3.339179651;18.64975471;416;2611.0;194;1;0;0;0;0;23.77822895;48.56582024;62.58037752;685696.25;19.27251468;22746.0;56.21077283;56.47131148;280.6411007;1341.023422;103.6040087;220.4400916;1016.979322;1.136239057;7.725741921;16.43819846;75.83605961;36.18798065;74.21739197;74.21739197;18.69204575;42.02567013;14.47655636;17.65693407;43.20583298;16.84551829;374.0;1024124.0;100.0;32086.0;196.0;64109.0;51.02041;50.04913;0.135966856;50.14794063;45.78944297;54.6992903;38.7992519;50.55229761;2.0;LL
25;2571;Cundinamarca;Zipaquirá;25899;2021;145842;17.72534661;3.923423979;16.07150204;421;2611.0;194;1;0;0;0;0;20.78477984;48.92638513;59.43218344;905965.75;17.59918268;25667.0;56.72976303;54.90758514;269.8648682;1784.612884;129.9089104;214.9223526;1439.781621;1.223661828;7.279388801;12.04307974;80.67753146;36.18798065;74.21739197;74.21739197;17.17174574;44.02036343;15.77458814;16.20056704;44.20514595;18.84409067;354.0;1153567.0;77.0;368921.0;181.0;859699.0;42.54144;42.91281;0.153759622;43.28410098;38.17774199;48.1219416;43.2180394;44.41776182;2.0;LL
27;2710;Chocó;Quibdó;27001;2011;119989;9.785133082;;16.36233321;186;32.0;3075;0;0;1;0;0;21.2129745;51.20593491;94.71808788;536789.75;69.39719474;83269.0;40.78398673;39.5354222;198.8341375;700.0290628;51.14125507;59.10876138;589.7790464;0.583411032;7.305590266;8.443758198;84.25065154;123.6054153;332.1546326;124.9736404;20.7051022;33.23045449;9.289077794;20.12387814;36.73050183;11.18221464;23462.0;150816.0;6393.0;46796.0;8857.0;56363.0;72.18019645;83.02609868;0.010687155;83.02104196;82.52023229;83.5159375;63.0912832;73.57224757;3.0;LH
27;2710;Chocó;Quibdó;27001;2016;127119;15.36460587;0.925904074;13.5125355;191;32.0;3075;0;0;1;0;0;17.58755499;51.828677;92.20264148;689077.0;77.01759768;97904.0;47.97375768;44.0413177;229.3439419;1287.629932;163.7842288;93.63720838;1030.208495;1.01293271;12.71982149;7.272059004;80.0081195;123.6054153;332.1546326;124.9736404;19.42163274;34.45617087;10.40994163;18.49992574;37.55086885;12.90212387;23338.0;1732790.0;5366.0;28559.0;8592.0;40767.0;62.45345;70.05421;0.011414312;70.06254745;69.4141659;70.5952981;54.2070999;70.60397557;0.0;
27;2710;Chocó;Quibdó;27001;2021;137257;47.92676026;1.108140204;14.21712554;196;32.0;3075;0;0;1;0;0;18.59262346;52.50172095;82.89614162;905965.75;76.10395098;104458.0;46.68927765;42.51531601;213.7850037;1659.493798;83.74318869;79.12328426;1496.627325;1.209041286;5.046309229;4.767916839;90.18577393;123.6054153;332.1546326;124.9736404;19.85569257;36.03738731;11.46091542;18.62418831;38.80275974;14.80519481;19080.0;1889938.0;3117.0;247476.0;5464.0;414281.0;57.04612;59.73627;0.035877494;59.7386601;59.0134547;60.3659609;59.6474851;63.48187004;0.0;
27;2728;Chocó;Acandí;27006;2011;12586;2.762328513;;50.64357222;103;6.0;869;0;0;1;0;0;60.51875785;43.03536169;90.60135915;741028.7083;92.53932941;11647.0;39.52238806;37.55223881;191.4477612;33.65480124;16.38453792;1.819340664;15.45092265;0.267398707;48.68410247;5.405887414;45.91001012;145.3082581;560.1012573;295.7928467;18.4775641;36.18589744;10.80128205;19.58714151;38.21304759;9.738417901;;;;;;;;;;92.70114632;91.3757435;93.901299;70.4476135;89.39093801;0.0;
27;2728;Chocó;Acandí;27006;2016;13663;2.84893508;0.080509405;50.76483935;108;6.0;869;0;0;1;0;0;61.67529107;43.20019405;91.08770269;1048272.583;74.42728537;10169.0;44.45360825;39.59793814;210.2680412;192.8771381;164.4664913;4.986846894;23.42379993;1.411674875;85.27008068;2.5855044;12.14441492;145.3082581;560.1012573;295.7928467;17.52332988;35.65397719;12.05747297;17.88194444;39.80034722;11.63194444;;;;;;;;;;82.24406958;80.37535738;84.1094796;63.6318926;83.41108674;0.0;
27;2728;Chocó;Acandí;27006;2021;14993;34.09813469;0.046688455;54.3987194;113;6.0;869;0;0;1;0;0;64.96993427;42.01510278;83.02084424;905965.75;72.10698326;10811.0;43.82143021;40.25;202.1904755;69.52435245;30.81110138;3.275491842;35.43775923;0.463712082;44.31699152;4.711287091;50.97172139;145.3082581;560.1012573;295.7928467;17.58639164;37.07473882;14.10393785;17.51029627;41.22492361;13.27222001;;;;;;;;;;73.55724622;71.43581187;75.9837765;73.4449808;78.78885747;0.0;
27;2764;Chocó;Alto Baudó;27025;2011;22806;0.607296326;;87.38489871;53;50.0;1532;0;0;1;0;0;90.81759801;39.20253043;119.0894819;1169389.542;99.66236955;22729.0;29.0;28.3125;164.78125;274.9070265;223.5312317;4.498276013;46.87751879;1.205415358;81.31157451;1.636289938;17.05213555;146.6424866;339.7331543;168.949646;20.93186813;29.68791209;6.681318681;21.9228414;32.40311434;6.368646663;748.0;65381.0;201.0;17432.0;224.0;19739.0;89.73214286;88.31247784;0.062691374;88.48557694;86.08496588;90.6271206;67.2440198;88.21384986;1.0;HH
27;2764;Chocó;Alto Baudó;27025;2016;26277;1.082695894;;87.61274118;58;50.0;1532;0;0;1;0;0;90.38980933;39.02527512;113.2277972;1232048.375;76.89233931;20205.0;39.28333333;35.56666667;188.4666667;92.97908786;29.89690268;7.191350407;55.89083477;0.353842097;32.15443749;7.734374011;60.1111885;146.6424866;339.7331543;168.949646;22.47293795;29.69202622;8.080500076;20.98943689;32.03890873;9.218025686;844.0;860613.0;205.0;8023.0;255.0;9725.0;80.39216;82.49872;0.072907854;82.65131909;80.17607961;85.0255624;63.9469798;;0.0;
27;2764;Chocó;Alto Baudó;27025;2021;29662;1.423257591;0.026970535;87.96777021;63;50.0;1532;0;0;1;0;0;90.76284733;38.66952352;102.8330561;1508061.083;71.29660846;21148.0;34.21212006;30.75757599;160.9090881;97.46833636;14.62948864;4.592013149;78.24683457;0.328596643;15.00947814;4.711287091;80.27923476;146.6424866;339.7331543;168.949646;22.94559989;31.11577806;9.552198361;20.93819207;33.28635662;11.13348097;684.0;935219.0;73.0;57976.0;102.0;81462.0;71.56863;71.16938;0.24303582;71.84306433;68.53881886;75.2800816;71.7334152;75.38170802;0.0;
27;2710;Chocó;Atrato;27050;2011;5419;2.65424125;;55.85901458;14;55.0;415;0;0;1;0;0;64.75126904;43.6751269;103.0807922;1354231.708;116.5713231;6317.0;36.56818182;35.77272727;186.1363636;15.67760042;4.785231986;0.80015183;10.0922166;0.289307998;30.52273216;5.103790179;64.37347766;109.3858871;297.3667603;132.1124268;20.800302;29.02982257;12.98603247;20.10830325;34.72924188;14.4765343;;;;;;;;;;94.13340377;93.01341101;95.1298242;71.5360479;89.29890772;0.0;
27;2710;Chocó;Atrato;27050;2016;5953;2.798308976;0.503947589;53.92239207;19;55.0;415;0;0;1;0;0;63.72302158;42.0323741;93.89839867;1409365.917;88.77876701;5285.0;42.53061224;38.56122449;207.4897959;57.59340719;40.31107796;1.861782506;15.42054672;0.967468624;69.99252159;3.232631297;26.77484711;109.3858871;297.3667603;132.1124268;21.30217028;30.95158598;13.8230384;17.68086545;38.336714;15.55104801;;;;;;;;;;88.22626984;86.62617945;89.90044;68.2602959;79.22085603;0.0;
27;2710;Chocó;Atrato;27050;2021;6483;5.164789963;0.308499152;53.18525374;24;55.0;415;0;0;1;0;0;62.9907437;41.62144909;86.45910551;1391445.333;75.15039334;4872.0;41.42623138;38.39344406;193.3934479;66.60745859;42.92346662;1.690344892;21.99364708;1.027417223;64.44243261;2.537771187;33.0197962;109.3858871;297.3667603;132.1124268;21.55067155;31.95970696;15.84249084;17.33707515;39.16432803;17.74243842;;;;;;;;;;86.65000967;84.87202906;88.2010585;86.5177617;83.7968046;0.0;
27;2710;Chocó;Bagadó;27073;2011;9900;1.63973064;;75.65656566;154;200.0;770;0;0;1;0;0;79.43195266;40.63905325;127.2385252;1061088.375;102.7171717;10169.0;36.95238095;36.66666667;188.5952381;27.49943453;9.713566935;1.047154473;16.73871312;0.277772066;35.32278791;3.807912748;60.86929934;79.37200165;262.7272644;102.8589478;19.37730438;29.16837362;8.828349037;18.53328019;31.20765245;8.947787963;239.0;17957.0;94.0;7611.0;100.0;7872.0;94.0;96.68445122;0.019411329;96.34559316;93.92101711;98.3561214;73.2171864;92.74356885;0.0;
27;2710;Chocó;Bagadó;27073;2016;10693;1.984943421;0.130926775;76.49864397;159;200.0;770;0;0;1;0;0;79.75911676;40.6490465;134.0307582;994437.2917;92.29402413;9869.0;42.80882353;39.27941176;208.3382353;49.89119793;25.93540602;1.998957711;21.9568342;0.466578116;51.98393123;4.006634023;44.00943475;79.37200165;262.7272644;102.8589478;17.99510081;29.15017901;9.817222536;16.96992202;29.79948013;9.951726699;347.0;252837.0;113.0;4554.0;126.0;5070.0;89.68254;89.82249;0.062702707;89.69813316;86.71986864;92.7398677;69.3990704;86.74594641;0.0;
27;2710;Chocó;Bagadó;27073;2021;11272;8.210610362;0.062100781;78.4953868;164;200.0;770;0;0;1;0;0;81.8354304;39.96405033;121.7100977;905965.75;87.57097232;9871.0;38.88461685;36.00961685;185.5576935;59.42597176;24.93912571;1.684033927;32.80281212;0.527199891;41.96671081;2.833834899;55.19945429;79.37200165;262.7272644;102.8589478;18.40556447;30.62243624;11.30729445;16.99911739;31.19152692;11.57987643;251.0;244708.0;47.0;35349.0;53.0;37443.0;88.67924;94.4075;0.101396837;93.97200553;90.50139261;96.4367087;93.8285825;89.66579423;0.0;
27;2763;Chocó;Bahía Solano;27075;2011;9067;2.226940186;;41.73375979;49;34.0;976;0;0;1;0;0;51.17395252;43.87080036;96.05191007;1195651.0;114.028896;10339.0;38.74;40.95;200.23;19.06965123;3.545548642;1.032260035;14.49184255;0.210319303;18.59262448;5.413103901;75.99427162;134.7761536;420.0790405;194.2356567;19.66192171;34.71975089;10.65391459;18.13607526;36.95033909;10.93852549;818.0;49601.0;266.0;15375.0;313.0;17342.0;84.98402556;88.65759428;0.028602721;88.90934186;86.770298;90.9521345;67.5660571;87.85617171;0.0;
27;2763;Chocó;Bahía Solano;27075;2016;9962;4.510473131;0.110419594;39.90162618;54;34.0;976;0;0;1;0;0;48.85090657;43.43457674;91.84675835;854506.0;93.61573981;9326.0;47.01680672;42.22689076;222.6890756;26.7734123;3.744066869;2.070755843;20.95858959;0.268755394;13.98427226;7.734374011;78.28135373;134.7761536;420.0790405;194.2356567;21.57019828;33.18646105;12.07690767;18.09217146;36.84846045;12.53773395;587.0;636429.0;185.0;8691.0;236.0;10803.0;78.38983;80.44987;0.075347209;81.09822608;77.97878193;84.2814205;62.7453582;81.77562913;0.0;
27;2763;Chocó;Bahía Solano;27075;2021;10881;5.119780657;0.275709953;39.95037221;59;34.0;976;0;0;1;0;0;49.13459581;42.5473427;85.25359132;1015459.042;90.51557761;9849.0;41.07767105;37.93203735;190.2912598;36.45094459;6.177784692;1.717308647;28.55585126;0.334996274;16.94821564;4.711287091;78.34049727;134.7761536;420.0790405;194.2356567;22.14169234;33.62928067;14.3504258;17.84781798;37.63521074;14.39761283;542.0;667621.0;116.0;98446.0;145.0;119060.0;80.0;82.68604;0.141377735;83.09315901;79.3923303;86.0330123;82.9663396;83.34403656;0.0;
27;2764;Chocó;Bajo Baudó;27077;2011;24769;0.995532049;;76.87835601;77;5.0;3630;0;0;1;0;0;81.3629657;40.42788639;123.2354456;1069501.417;65.10557552;16126.0;40.71875;40.65625;205.375;39.85008156;4.83894819;2.141178839;32.86995453;0.160886921;12.14288152;5.373085213;82.48403326;139.0444794;348.0620117;174.0666504;20.91607944;28.41127482;8.384048687;20.34036316;30.70596857;9.079065223;640.0;49780.0;190.0;15944.0;209.0;17114.0;90.90909091;93.16349188;0.024825794;92.91865388;90.93864301;94.5653581;70.6129069;90.32135837;0.0;
27;2764;Chocó;Bajo Baudó;27077;2016;28603;1.205584496;0.006992274;76.34164249;82;5.0;3630;0;0;1;0;0;79.81297487;40.36625755;116.688543;1206399.417;55.64800895;15917.0;43.37735849;39.67924528;210.490566;51.34099974;5.346022669;3.970904941;42.02407213;0.179495157;10.41277477;7.734374011;81.85285122;139.0444794;348.0620117;174.0666504;21.21149042;28.92728282;10.07493755;19.02614333;31.44246353;10.90832218;755.0;688146.0;149.0;6872.0;190.0;8732.0;78.42105;78.69904;0.094095524;78.6822911;75.68860668;81.3860997;60.8761595;79.68324477;0.0;
27;2764;Chocó;Bajo Baudó;27077;2021;32059;1.905601131;0.003119249;77.83461742;87;5.0;3630;0;0;1;0;0;81.50930961;39.76272862;106.3829787;1225863.417;49.07202346;15732.0;41.14788818;38.44366074;191.4084473;76.37519903;9.569683338;3.598254893;63.2072608;0.238233254;12.52983097;4.711287091;82.75888194;139.0444794;348.0620117;174.0666504;21.75288426;30.13273787;11.67969235;19.01863588;32.53435402;12.78157746;624.0;743920.0;90.0;72063.0;125.0;95628.0;72.0;75.35764;0.165184902;75.55441348;72.62387688;78.8915597;75.4391;77.6905264;0.0;
27;2710;Chocó;Bojayá;27099;2011;10407;1.228339899;;89.85298357;51;13.0;3546;0;0;1;0;0;92.58525853;39.04290429;134.9544627;1077197.0;111.5018737;11604.0;35.29090909;35.90909091;186.4181818;36.55205585;14.77367092;1.979398541;19.79898639;0.351225674;40.41816684;5.415286487;54.16654667;89.05054474;387.3534546;148.3892517;19.45554921;29.35465448;5.901389682;20.23670935;30.79161816;5.762514552;;;;;;;;;;94.1039366;92.91167987;95.122105;71.5136545;91.86331789;0.0;
27;2710;Chocó;Bojayá;27099;2016;11650;1.54148784;0.008583691;90.26609442;56;13.0;3546;0;0;1;0;0;92.47740305;39.00281854;134.9519309;1498817.125;107.5193133;12526.0;41.48214286;36.33928571;192.9107143;43.64789073;13.42377418;3.375891117;26.84822544;0.374660006;30.75469158;7.734374011;61.51093441;89.05054474;387.3534546;148.3892517;19.62270507;27.60653529;8.388074785;19.49938736;29.87922283;8.279362857;;;;;;;;;;92.5650105;91.24567913;93.8440304;71.6171614;84.73208334;0.0;
27;2710;Chocó;Bojayá;27099;2021;12982;2.312175833;0.192574334;91.21861038;61;13.0;3546;0;0;1;0;0;93.28709438;38.46916027;121.5584779;1585030.0;95.30888923;12373.0;37.53271103;34.19626236;173.7102814;56.01444113;17.57584853;2.639001134;35.79959146;0.431477747;31.3773523;4.711287091;63.91136061;89.05054474;387.3534546;148.3892517;20.22386931;29.14838905;9.7715928;19.83989954;31.06262753;9.810076911;;;;;;;;;;92.79327896;91.56256459;93.9980182;92.6516549;84.1487161;0.0;
27;2775;Chocó;El Cantón del San Pablo;27135;2011;5883;1.393846677;;56.38279789;17;35.0;379;0;0;1;0;0;66.18541033;42.62917933;105.5442078;1071357.75;85.00764916;5001.0;40.25;34.66666667;192.4375;268.9660915;259.905584;0.880553601;8.179953918;4.571920645;96.63135696;0.327384614;3.041258424;109.8488083;303.3356628;132.0753937;21.92771084;30.12048193;10.25817556;20.51712559;33.10946944;12.25654802;;;;;;;;;;90.1005868;88.7407748;91.3814817;68.4713357;85.37828464;0.0;
27;2775;Chocó;El Cantón del San Pablo;27135;2016;6046;2.170856765;;54.64770096;22;35.0;379;0;0;1;0;0;66.66046512;42.30697674;105.5396916;1415096.208;75.17366854;4545.0;44.51724138;39.51724138;207.4827586;52.6600531;32.84012953;2.10279215;17.71713142;0.870989962;62.36250744;3.993144757;33.64434781;109.8488083;303.3356628;132.0753937;18.54237288;33.05084746;11.22033898;16.11757106;35.4005168;14.08268734;;;;;;;;;;83.52199032;81.69958709;85.2305127;64.6206145;;0.0;
27;2775;Chocó;El Cantón del San Pablo;27135;2021;6521;3.000562286;;54.10213157;27;35.0;379;0;0;1;0;0;65.68595041;42.03305785;96.76092545;1824513.25;71.38475694;4655.0;42.90697861;41.5581398;205.3023224;295.4686266;273.7354231;1.15827329;20.5749302;4.531032458;92.64449707;0.392012277;6.963490655;109.8488083;303.3356628;132.0753937;18.50923896;34.5756342;13.31036643;15.65504808;36.41826923;16.61658654;;;;;;;;;;86.07714481;84.5243683;87.8741609;85.9457712;;0.0;
27;2728;Chocó;Carmen del Darién;27150;2011;11726;0.722752857;;86.37216442;11;14.0;3197;0;0;1;0;0;90.15050486;38.62640503;124.0993789;1152886.5;48.05560293;5635.0;29.76190476;31.0;166.8095238;110.2975563;92.6930931;5.972928663;11.63153455;0.940623881;84.03911764;5.415286487;10.54559588;50.57531357;409.0127869;150.524231;19.50413223;29.00826446;8.842975207;20.75405215;31.28964059;7.716701903;;;;;;;;;;81.82672651;79.89205725;83.5413826;62.1836712;83.49254753;0.0;
27;2728;Chocó;Carmen del Darién;27150;2016;16509;0.906576211;0.006057302;87.40686898;16;14.0;3197;0;0;1;0;0;90.80497169;37.37879872;110.2002107;1363701.208;32.52165485;5369.0;40.11666667;35.2;188.2333333;167.1422729;136.3699872;12.92740852;17.84487719;1.012431237;81.58916642;7.734374011;10.67645957;50.57531357;409.0127869;150.524231;18.67393068;33.60380202;9.887562304;19.4366912;33.50672418;8.27201218;;;;;;;;;;71.28378311;69.08228288;73.4152759;55.1519648;77.63608017;0.0;
27;2728;Chocó;Carmen del Darién;27150;2021;21107;1.761264036;0.033164353;88.61988914;21;14.0;3197;0;0;1;0;0;91.7276472;36.73370487;99.08910891;1389864.833;37.36675037;7887.0;40.10169601;37.40678024;188.2542419;248.6888731;199.7116199;11.71644678;37.26080645;1.17822937;80.30581239;4.711287091;14.98290051;50.57531357;409.0127869;150.524231;18.95961053;35.28669311;11.4857555;19.6005991;35.01747379;9.685471792;;;;;;;;;;78.25201176;76.31573006;80.3012948;78.1325811;81.19947541;1.0;HH
27;2775;Chocó;Cértegui;27160;2011;6595;1.5567349;;46.70204701;11;54.0;301;0;0;1;0;0;57.13817407;44.73037207;81.65526998;1157407.75;54.45034117;3591.0;34.21212121;34.74242424;180.030303;158.6630198;149.1353551;0.60296796;8.924696721;2.40580773;93.9950313;0.380030558;5.624938143;96.07032776;287.7938843;119.1040497;21.89781022;35.70295144;9.330371311;20.93495935;38.7630662;12.16608595;;;;;;;;;;81.78174671;80.12490464;83.3703746;62.1494891;82.23113573;3.0;LH
27;2775;Chocó;Cértegui;27160;2016;5966;1.583975863;0.016761649;43.07743882;16;54.0;301;0;0;1;0;0;54.23162584;45.67557535;88.91322201;1447536.667;58.14616158;3469.0;43.08571429;40.31428571;212.0;50.53692017;35.14176636;1.326584488;14.06856932;0.847082135;69.53681831;2.624980873;27.83820082;96.07032776;287.7938843;119.1040497;18.38872832;35.62138728;14.23410405;16.44777986;37.42964353;15.88492808;;;;;;;;;;76.39726046;74.30141674;78.3552985;59.1082408;78.92929901;3.0;LH
27;2775;Chocó;Cértegui;27160;2021;5864;5.697191905;0.017053206;42.47953615;21;54.0;301;0;0;1;0;0;53.50957156;45.45123063;82.41548528;905965.75;59.07230559;3464.0;39.12698364;37.57143021;184.4285736;55.6724094;34.62989649;1.200501196;19.84201171;0.949393066;62.20297787;2.156366517;35.64065562;96.07032776;287.7938843;119.1040497;18.17180617;36.85756241;16.59324523;15.63694268;38.12101911;18.72611465;;;;;;;;;;78.96504649;76.74721945;80.7270997;78.8445275;79.95621823;1.0;HH
27;2775;Chocó;Condoto;27205;2011;11643;4.061095365;;25.7321996;133;50.0;626;0;0;1;0;0;33.96029258;48.91327064;93.50741002;619513.9583;97.38040024;11338.0;38.41395349;39.64651163;198.2790698;224.0109978;201.716718;1.310049465;20.98423027;1.923997232;90.04768518;0.584814798;9.367500023;66.81303406;261.0432739;88.1924057;20.71273517;33.64688857;10.43777135;19.14963205;36.18969747;14.16189697;;;;;;;;;;89.24049738;87.69888656;90.562466;67.8177165;81.53452312;1.0;HH
27;2775;Chocó;Condoto;27205;2016;12447;3.680940521;0.096408773;24.05398891;138;50.0;626;0;0;1;0;0;32.68781627;49.40638381;92.68967334;1053507.583;82.01172973;10208.0;45.54726368;42.33830846;217.6567164;129.9313444;96.85295912;2.703928367;30.37445691;1.043876793;74.54164318;2.081043939;23.37731288;66.81303406;261.0432739;88.1924057;19.42409269;33.73658204;11.739649;16.67680146;37.45819398;16.40316206;;;;;;;;;;81.78386483;79.98324976;83.6776647;63.2758341;80.35560089;0.0;
27;2775;Chocó;Condoto;27205;2021;13234;6.480152133;0.196463654;22.32884993;143;50.0;626;0;0;1;0;0;30.72273091;49.26660148;86.8878357;905965.75;70.8855977;9381.0;45.09356689;42.01169586;207.6140289;85.05892959;44.89720444;2.096919511;38.06480564;0.642730313;52.78364618;2.465254996;44.75109883;66.81303406;261.0432739;88.1924057;19.55896453;34.77149249;13.50271652;16.21272936;38.28841743;18.5206422;;;;;;;;;;80.65801022;78.54675831;82.6486471;80.5349074;79.31906311;1.0;HH
27;2710;Chocó;El Carmen de Atrato;27245;2011;7419;2.501460215;;67.66410567;128;1726.0;931;0;0;1;0;0;72.10874771;41.97774334;88.33477884;1003214.458;83.96010244;6229.0;45.88;46.36;225.9066667;33.99339747;17.24037986;1.463447857;15.28956975;0.458193793;50.7168484;4.305094418;44.97805718;70.21712494;276.3311768;80.21781921;17.24232456;35.47149123;14.44627193;17.31636171;38.69000265;14.53195439;457.0;31901.0;119.0;8309.0;158.0;10488.0;75.3164557;79.2238749;0.109533255;79.77962168;76.04597834;83.1335654;60.6279876;82.54988909;0.0;
27;2710;Chocó;El Carmen de Atrato;27245;2016;7972;3.085800301;0.163070748;69.22980432;133;1726.0;931;0;0;1;0;0;74.35173299;41.1296534;88.20315662;1272946.375;65.17812343;5196.0;53.6779661;53.42372881;262.4915254;92.08296822;32.38469136;36.87705311;22.82122374;1.155079882;35.16903504;40.04763729;24.78332767;70.21712494;276.3311768;80.21781921;17.88515052;34.12598027;16.34201872;17.71584971;36.94948992;16.07365016;668.0;458159.0;142.0;6043.0;251.0;10651.0;56.5737;56.73646;0.114556844;57.97178999;54.50774165;61.4822568;44.8525314;69.25324913;0.0;
27;2710;Chocó;El Carmen de Atrato;27245;2021;8770;6.104142911;0.387685291;69.88597491;138;1726.0;931;0;0;1;0;0;75.34966991;40.61765693;81.28591954;921047.1667;62.34891676;5468.0;46.85542297;43.73493958;218.7951813;110.5211444;37.56916392;42.21722629;30.73475414;1.260218294;33.9927388;38.19832534;27.80893586;70.21712494;276.3311768;80.21781921;18.22365393;34.83663139;18.43074091;17.51808318;37.7034358;18.17359855;425.0;447975.0;67.0;59110.0;115.0;87574.0;58.26087;67.4972;0.245054741;68.16537505;63.90553655;72.218728;68.0613389;70.78407688;0.0;
27;2764;Chocó;El Litoral del San Juan;27250;2011;16031;0.700725677;;91.07354501;18;25.0;3756;0;0;1;0;0;93.28817308;38.30096081;124.13123;952865.7917;69.32817666;11114.0;32.6;30.68;176.96;18.60276819;2.07848834;1.007393192;15.51688666;0.116042469;11.17300564;5.415286487;83.41170787;55.22870636;325.1874695;113.0608139;19.06050172;30.8042302;8.288243974;19.24294214;31.3583998;7.456640081;;;;;;;;;;86.59034403;85.03758204;88.0686917;65.8037503;89.49034847;0.0;
27;2764;Chocó;El Litoral del San Juan;27250;2016;20080;0.989790837;0.00498008;91.33964143;23;25.0;3756;0;0;1;0;0;93.18646989;38.51125714;119.9014337;1251658.875;45.27390438;9091.0;39.38709677;33.27419355;185.4032258;35.54668437;2.338558544;2.749313517;30.45881231;0.177025321;6.578837339;7.734374011;85.68678865;55.22870636;325.1874695;113.0608139;20.36168133;29.65786901;8.690127077;21.50253807;29.74619289;9.086294416;;;;;;;;;;75.59400109;73.61912426;77.5969969;58.4867624;78.95716095;0.0;
27;2764;Chocó;El Litoral del San Juan;27250;2021;24088;1.340916639;0.033211558;92.45682498;28;25.0;3756;0;0;1;0;0;94.19011083;38.05200341;108.1779053;1598943.25;35.72318167;8605.0;36.21969604;31.42424202;167.3484802;56.74314476;4.830953448;2.673332454;49.23885886;0.235566028;8.513721733;4.711287091;86.77499118;55.22870636;325.1874695;113.0608139;20.84866323;31.13400376;10.04006214;21.86893818;30.85097411;10.61820022;;;;;;;;;;76.44998568;74.41291623;78.7178561;76.3333053;78.35266255;0.0;
27;2775;Chocó;Istmina;27361;2011;32927;5.284923214;;43.53570019;108;47.0;2000;0;0;1;0;0;51.95120211;45.40557894;95.66046255;583304.8333;77.04619309;25369.0;39.06903766;37.91841004;193.8661088;159.8003225;33.01499123;13.90760347;112.8777278;0.485316982;20.66015306;8.703113513;70.63673343;98.88902283;294.0577393;121.0493011;21.98648141;32.957817;9.268994868;20.34928314;35.13481621;11.3222019;440.0;32795.0;164.0;13132.0;185.0;14110.0;88.64864865;93.06874557;0.02935965;92.67157044;90.36624168;94.9028465;70.4251375;87.49294571;1.0;HH
27;2775;Chocó;Istmina;27361;2016;31577;9.334061712;0.234347785;32.47933623;113;47.0;2000;0;0;1;0;0;40.73975316;47.18878562;88.64422295;693375.8333;74.05706685;23385.0;48.46666667;45.33888889;233.4805556;425.7480101;234.5219099;15.80981019;175.41629;1.348285176;55.08467552;3.713419631;41.20190485;98.88902283;294.0577393;121.0493011;22.13211249;33.9175932;9.921517332;18.43187819;37.68649843;12.752502;378.0;369248.0;112.0;7794.0;142.0;9459.0;78.87324;82.39771;0.118150294;82.12165916;78.64967071;85.6359573;63.5371841;79.85879448;0.0;
27;2775;Chocó;Istmina;27361;2021;32170;10.96855248;0.2921977;27.44793286;118;47.0;2000;0;0;1;0;0;35.12182573;47.82992172;81.76464863;905965.75;71.05377681;22858.0;45.14018631;41.81682205;208.3794403;423.2819343;219.9734212;10.73229807;192.576215;1.315766038;51.96853524;2.535496367;45.4959684;98.88902283;294.0577393;121.0493011;22.20006433;35.04020585;11.53425539;18.02706767;38.80300752;14.57443609;431.0;425115.0;67.0;40970.0;103.0;53450.0;65.04855;76.65108;0.171671109;76.84281443;72.87756929;80.1519624;76.7255345;76.98846596;3.0;LH
27;2763;Chocó;Juradó;27372;2011;5595;0.695561513;;60.14298481;55;5.0;1353;0;0;1;0;0;66.66666667;40.89926502;117.9968203;1148001.75;65.75513852;3679.0;35.76923077;36.73076923;181.9230769;7.599346661;2.072517265;0.411526393;5.115303004;0.13582389;27.27230849;5.415286487;67.31240502;144.7362518;477.5091858;234.0463104;19.82136723;31.12332532;7.729302645;20.8271237;32.52608048;7.302533532;230.0;15023.0;60.0;3500.0;72.0;4065.0;83.33333333;86.10086101;0.208795117;86.27594286;81.48718826;89.8839078;65.5648233;85.89329306;0.0;
27;2763;Chocó;Juradó;27372;2016;6382;1.546014833;0.031338139;62.39423378;60;5.0;1353;0;0;1;0;0;69.60912661;40.52739854;117.8290214;1140404.0;55.57818866;3547.0;39.76923077;35.80769231;191.1153846;15.30015781;5.630421135;1.183371429;8.486365242;0.239739232;36.79975858;7.734374011;55.46586741;144.7362518;477.5091858;234.0463104;19.85271556;31.94231359;8.3768027;17.96349664;31.82837016;9.510086455;179.0;179262.0;47.0;2274.0;60.0;2949.0;78.33334;77.11089;0.288160704;77.42178331;71.44616376;82.1884918;59.9009099;78.73652599;0.0;
27;2763;Chocó;Juradó;27372;2021;7153;3.159513491;0.013980148;64.35062212;65;5.0;1353;0;0;1;0;0;71.36320606;40.01262228;106.8324481;979053.2083;60.40822033;4321.0;37.16279221;34.2325592;173.9534912;34.61524354;19.91057706;1.6308235;13.07384298;0.483926234;57.51967926;4.711287091;37.76903365;144.7362518;477.5091858;234.0463104;20.24590164;33.46994536;9.726775956;18.03607214;33.32379044;11.22244489;168.0;203407.0;32.0;33532.0;39.0;41032.0;82.05128;81.72158;0.608602166;81.98168169;76.23043493;87.377395;81.8565587;81.93096936;0.0;
27;2710;Chocó;Lloró;27413;2011;9669;1.228151825;;69.60388872;56;100.0;841;0;0;1;0;0;73.94617181;40.61693499;122.7694639;1112947.0;105.2435619;10176.0;35.56;33.7;179.04;34.04468668;19.72626205;0.913247033;13.4051776;0.352101424;57.94226346;2.682495044;39.3752415;96.22329712;281.1423645;118.8904419;19.75864185;30.6606668;8.733892412;17.88702929;31.86192469;9.644351464;;;;;;;;;;93.95460379;92.87317662;95.0368288;71.4001701;90.64461721;0.0;
27;2710;Chocó;Lloró;27413;2016;9835;1.944585663;0.010167768;66.50737163;61;100.0;841;0;0;1;0;0;66.79266415;41.41117178;154.3583281;1100150.417;96.32943569;9474.0;43.26;37.84;203.86;101.2170614;78.37101515;1.968481719;20.87756454;1.029151616;77.4286608;1.94481216;20.62652704;96.22329712;281.1423645;118.8904419;16.67682308;29.77859029;9.059516555;14.10830619;26.44543974;9.914495114;;;;;;;;;;89.20263101;87.60128172;90.5552511;69.0157024;82.47783944;0.0;
27;2710;Chocó;Lloró;27413;2021;10081;6.359322819;;66.20374963;66;100.0;841;0;0;1;0;0;67.0409085;40.76655052;139.299687;905965.75;93.97877195;9474.0;39.4736824;36.40350723;179.1929779;126.4589269;96.29254395;1.642014593;28.52436831;1.254428398;76.14531164;1.298456846;22.55623151;96.22329712;281.1423645;118.8904419;16.94214876;31.50334514;10.80283353;14.24284857;27.66553311;11.66233247;;;;;;;;;;91.54084135;90.1750374;92.7967998;91.4011288;;0.0;
27;2710;Chocó;Medio Atrato;27425;2011;6988;1.113814158;;91.29937035;12;25.0;1842;0;0;1;0;0;93.28113879;38.12099644;97.39027284;1167916.083;103.8923869;7260.0;36.81818182;35.09090909;181.3636364;51.21147212;29.76659193;1.737427318;19.70745287;0.732848771;58.12485113;3.392652557;38.48249631;112.4789276;335.0314026;119.190567;21.51826484;33.13356164;9.560502283;20.5510907;34.78760046;10.50516648;386.0;32308.0;141.0;11286.0;150.0;12285.0;94.0;91.86813187;0.105106109;91.98270629;89.17157914;94.4194474;69.9016398;92.78804171;0.0;
27;2710;Chocó;Medio Atrato;27425;2016;9651;1.808966256;0.020723241;91.01647498;17;25.0;1842;0;0;1;0;0;93.86690293;37.17267179;84.38209536;1331208.25;66.81172935;6448.0;41.4;41.8;211.0;86.8702698;51.2231012;3.358669096;32.2884995;0.900116773;58.96505366;3.866304437;37.1686419;112.4789276;335.0314026;119.190567;21.49211484;35.92802264;9.805903761;20.46758767;37.87460149;11.96599362;417.0;418701.0;139.0;6596.0;156.0;7265.0;89.10256;90.79147;0.119571271;90.36184995;87.61911263;93.1420761;69.9125853;87.77177615;0.0;
27;2710;Chocó;Medio Atrato;27425;2021;12252;2.369000979;0.163238655;91.77277179;22;25.0;1842;0;0;1;0;0;94.45403377;36.52532833;78.02718543;1210541.75;53.41984982;6545.0;39.77777863;33.77777863;185.8888855;59.8964308;30.94655487;2.355400999;26.59447493;0.48887064;51.66677623;3.932456355;44.40076742;112.4789276;335.0314026;119.190567;21.72337744;36.97227473;11.32640202;20.32520325;38.97357724;13.61788618;294.0;422899.0;83.0;83754.0;91.0;91867.0;91.20879;91.16875;0.07695026;90.60222948;87.30160803;93.3688918;90.4639495;88.91175742;0.0;
27;2764;Chocó;Medio Baudó;27430;2011;13423;0.850530185;;87.48416896;12;50.0;1386;0;0;1;0;0;90.92789825;39.35330626;105.6993497;1171574.792;82.26178947;11042.0;33.74074074;33.77777778;183.037037;142.9645302;124.7912819;1.958640925;16.21460735;1.065071372;87.28828175;1.370018789;11.34169946;141.1609192;335.805481;161.6361389;20.88061734;31.60841277;8.836435164;20.64866451;33.78338714;9.744643381;;;;;;;;;;89.91621857;88.6043876;91.1264345;68.3312263;87.45253523;0.0;
27;2764;Chocó;Medio Baudó;27430;2016;14616;1.898034118;0.006841817;85.51587302;17;50.0;1386;0;0;1;0;0;89.22313084;39.20852804;118.3495265;1166467.083;71.4559387;10444.0;42.60526316;37.63157895;196.0;54.28675885;23.33476418;4.193842003;26.75815266;0.37142008;42.98426482;7.725349775;49.29038541;141.1609192;335.805481;161.6361389;18.88873757;30.32820373;10.14571701;17.99807507;32.94376461;11.893304;;;;;;;;;;82.92020362;81.07205738;84.9518206;64.1550147;84.6110684;0.0;
27;2764;Chocó;Medio Baudó;27430;2021;16058;2.439593972;0.018682277;85.65201146;22;50.0;1386;0;0;1;0;0;89.46702114;38.68844157;106.997524;1322302.958;63.19591481;10148.0;41.17021179;37.70212936;185.4893646;60.82517991;21.52076948;2.864148734;36.4402617;0.378784281;35.38134948;4.708820817;59.9098297;141.1609192;335.805481;161.6361389;19.28262214;31.79962894;11.83673469;17.91044776;34.2405619;13.84673272;;;;;;;;;;84.63100437;82.78122059;86.4727636;84.5018379;84.38539818;0.0;
27;2775;Chocó;Medio San Juan;27450;2011;9919;1.498807003;;72.62828914;11;41.0;620;0;0;1;0;0;76.84647303;41.36929461;92.23268881;1606555.125;82.02439762;8136.0;37.08860759;37.25316456;190.721519;28.00031983;9.338348412;1.195642874;17.46632855;0.282289745;33.35086337;4.270104344;62.37903228;97.87776947;292.862915;120.1881027;20.32854209;33.49075975;13.08008214;18.83541295;35.05644682;15.74569222;215.0;24947.0;83.0;10495.0;90.0;10791.0;92.22222222;97.2569734;0.011958423;96.60888078;94.01158639;98.6298969;73.41727;91.96849551;1.0;HH
27;2775;Chocó;Medio San Juan;27450;2016;10390;1.709977543;0.009624639;74.99518768;16;41.0;620;0;0;1;0;0;79.56226568;41.5948931;106.3712375;1614372.0;76.4292589;7941.0;44.17073171;39.24390244;207.9756098;43.48685108;14.70042467;3.188618695;25.59780772;0.418545246;33.80429785;7.332374306;58.86332784;97.87776947;292.862915;120.1881027;17.27686523;32.0799525;13.99168811;16.957092;33.85797264;16.76972082;262.0;393182.0;69.0;3623.0;81.0;4349.0;85.18519;83.30651;0.09504027;83.39322751;79.17848886;87.5895986;64.5209913;83.84883308;0.0;
27;2775;Chocó;Medio San Juan;27450;2021;11168;2.961586676;0.080587393;75.5730659;21;41.0;620;0;0;1;0;0;80.22206174;41.12655714;98.4529046;1641721.5;68.16797994;7613.0;40.91919327;36.8282814;187.9393921;46.76648683;11.83423932;1.928755656;33.00349186;0.418754359;25.30495686;4.124226101;70.57081704;97.87776947;292.862915;120.1881027;17.52349364;33.2412014;15.88354524;16.51280265;34.62811357;19.16042501;234.0;382764.0;41.0;37292.0;46.0;41843.0;89.13043;89.12363;0.101017382;88.69544448;84.70179715;91.8913739;88.5600747;88.19104265;0.0;
27;2775;Chocó;Nóvita;27491;2011;8433;1.220403969;;63.78512985;154;100.0;1158;0;0;1;0;0;70.84052583;40.83123091;104.6403242;1095881.292;84.58437092;7133.0;34.28;35.66;188.26;451.3284474;439.0915501;1.093224195;11.14367304;5.351932258;97.28869356;0.24222364;2.469082795;90.0440979;285.420929;111.8325653;18.85913853;32.64260768;11.47846333;17.23054616;35.93523441;12.49395843;;;;;;;;;;90.83396798;89.47520457;92.1537971;69.0286638;85.05049484;1.0;HH
27;2775;Chocó;Nóvita;27491;2016;9020;1.628787879;0.022172949;62.38359202;159;100.0;1158;0;0;1;0;0;70.7621471;41.26984127;98.92113095;1211196.25;66.48558758;5997.0;51.86363636;50.22727273;256.7727273;70.76909468;51.70622507;2.036058313;17.0268113;0.784579764;73.06328462;2.877044454;24.05967093;90.0440979;285.420929;111.8325653;17.15871254;34.51720311;12.94117647;16.1683278;37.49723145;13.39977852;;;;;;;;;;81.47105931;79.54404007;83.308149;63.0338178;81.46194036;0.0;
27;2775;Chocó;Nóvita;27491;2021;9813;3.20663066;0.122286762;61.83633955;164;100.0;1158;0;0;1;0;0;70.28009408;40.96643147;91.1362879;1086820.208;55.13094874;5410.0;42.45714188;38.0;193.3714294;92.13248639;67.35511713;1.800838223;22.97653104;0.938881956;73.10680496;1.954618065;24.93857698;90.0440979;285.420929;111.8325653;17.08809135;35.86867863;15.02854812;15.54288042;38.78590344;15.66510491;;;;;;;;;;81.52674588;79.71783839;83.3364967;81.4023172;84.04457411;1.0;HH
27;2763;Chocó;Nuquí;27495;2011;13103;1.036658272;;87.60589178;94;5.0;1033;0;0;1;0;0;90.79764497;38.19662876;111.4970382;1103657.75;57.96382508;7595.0;39.21621622;41.51351351;200.5135135;15.51656655;3.925936716;0.840266531;10.7503633;0.118419954;25.30158141;5.415286487;69.28313211;177.4750061;377.274292;193.6908417;19.66864265;31.63094695;11.06551148;18.28632741;32.51072961;11.0974862;626.0;41443.0;207.0;13328.0;239.0;14639.0;86.61087866;91.04447025;0.028908372;90.8612519;88.60098205;92.9368576;69.0493981;87.8892723;0.0;
27;2763;Chocó;Nuquí;27495;2016;15294;1.297349723;0.019615536;89.24414803;99;5.0;1033;0;0;1;0;0;91.58398424;38.6320456;116.9284877;1229617.0;42.23878645;6460.0;44.15217391;37.97826087;203.5652174;34.0803872;14.28016047;2.635904611;17.16432212;0.222835015;41.90140325;7.734374011;50.36422274;177.4750061;377.274292;193.6908417;19.74042829;30.86307592;9.90266061;17.98655949;31.96732112;10.1989722;562.0;567325.0;160.0;7797.0;197.0;9410.0;81.21828;82.85866;0.066027371;82.32907151;79.1052173;85.2217822;63.6976582;80.64268059;0.0;
27;2763;Chocó;Nuquí;27495;2021;17342;2.317110675;0.403644332;91.15442279;104;5.0;1033;0;0;1;0;0;93.18088777;38.34142348;104.6513934;1080984.417;39.40721947;6834.0;41.09434128;36.11320877;188.113205;49.96310596;13.75299862;2.353905361;33.85620197;0.288104636;27.52630838;4.711287091;67.76240453;177.4750061;377.274292;193.6908417;20.3387864;32.43995823;11.32381947;18.00985899;33.45179411;11.65883297;469.0;541708.0;86.0;60551.0;114.0;70003.0;75.4386;86.49772;0.153429806;86.04906879;82.71272547;88.863868;85.917738;84.46771012;0.0;
27;2775;Chocó;Río Iró;27580;2011;7220;1.267313019;;78.61495845;11;70.0;304;0;0;1;0;0;84.27967381;38.41739656;119.7727273;1209157.75;74.34903047;5368.0;33.65;33.225;179.875;50.14490601;39.86873508;0.87793008;9.398240841;0.694527784;79.50704919;1.750786171;18.74216464;79.08968353;273.1198425;100.9623871;20.51142546;29.27094668;11.69749728;16.4503386;31.17945824;14.4751693;;;;;;;;;;89.51823769;88.08730589;90.8764035;68.0287834;88.47663829;1.0;HH
27;2775;Chocó;Río Iró;27580;2016;6006;2.367077367;;74.75857476;16;70.0;304;0;0;1;0;0;81.08301954;40.3622019;120.2140673;1390837.833;70.3962704;4228.0;42.33333333;40.17777778;204.9555556;23.70424711;7.100176294;1.684094656;14.91997616;0.394676109;29.95318206;7.104611456;62.94220648;79.08968353;273.1198425;100.9623871;18.48341232;28.33446175;14.69194313;15.56356488;31.12712975;17.30013106;;;;;;;;;;82.62239169;80.77660132;84.3712657;63.9245988;;0.0;
27;2775;Chocó;Río Iró;27580;2021;5570;4.117295033;;72.36983842;21;70.0;304;0;0;1;0;0;79.04391329;40.26310913;109.4904459;1359415.125;78.33034111;4363.0;39.81967163;35.72130966;183.3114777;40.521266;16.07119533;1.826153703;22.62391696;0.727491311;39.66113825;4.506655106;55.83220664;79.08968353;273.1198425;100.9623871;18.53338198;29.77015688;16.96461146;15.02297632;32.5203252;19.86567692;;;;;;;;;;87.75071787;86.25534392;89.3203218;87.61679;;0.0;
27;2710;Chocó;Río Quito;27600;2011;5469;2.18047175;;70.50649113;12;35.0;700;0;0;1;0;0;78.48557692;40.76522436;109.3239346;1204002.292;139.9707442;7655.0;37.32307692;32.73846154;196.9846154;19.3839672;8.052115044;0.953625961;10.3782262;0.354433483;41.54007774;4.91966351;53.54025875;127.0647507;317.7747803;150.1773224;22.48003043;30.73411944;8.482312666;21.05633803;30.31690141;11.33802817;238.0;22826.0;91.0;8749.0;96.0;9557.0;94.79166667;91.54546406;0.162242015;92.38873465;88.78481277;95.1881474;70.2101983;92.83328372;0.0;
27;2710;Chocó;Río Quito;27600;2016;7443;1.966053115;;71.70495768;17;35.0;700;0;0;1;0;0;79.05649875;41.69217924;98.98580122;1390837.833;96.73518742;7200.0;42.40322581;36.91935484;200.4032258;138.5299455;118.1627409;2.472881029;17.8943236;1.861211145;85.29761594;1.785087707;12.91729635;127.0647507;317.7747803;150.1773224;19.37940762;32.72214386;10.83215797;18.13750641;36.09543356;13.90456644;203.0;311654.0;59.0;2786.0;66.0;3002.0;89.39394;92.80479;0.230606226;92.32805156;88.88890446;95.4213125;71.4338272;;0.0;
27;2710;Chocó;Río Quito;27600;2021;8659;2.666782153;0.15013281;72.95299688;22;35.0;700;0;0;1;0;0;80.11917039;41.26274779;90.6784439;2585398.375;79.66277861;6898.0;40.57692337;35.80769348;179.8076935;40.60758359;16.69557756;1.265000318;22.64700571;0.468963894;41.11443254;3.115182451;55.77038501;127.0647507;317.7747803;150.1773224;19.66496723;34.18305414;12.06603545;17.79735683;37.48898678;15.50660793;198.0;365840.0;43.0;38374.0;50.0;46427.0;86.0;82.65449;0.543099456;83.31320161;78.12817368;87.1671008;83.1860464;83.74614756;0.0;
27;2728;Chocó;Riosucio;27615;2011;39917;0.797070588;;69.32635218;190;22.0;7046;0;0;1;0;0;75.99066288;38.72092696;99.84538883;1107307.25;59.936869;23925.0;37.02547771;35.59235669;181.4713376;81.11423024;36.06262746;4.392567949;40.65903483;0.203207231;44.4590639;5.415286487;50.12564961;67.45054626;441.953125;179.0427704;19.66891536;35.06052342;9.420601885;21.09276399;34.50252419;6.725915019;667.0;49823.0;214.0;15623.0;234.0;16536.0;91.45299145;94.47871311;0.015332215;94.23622999;92.16989809;95.7468535;71.61419;81.6235282;0.0;
27;2728;Chocó;Riosucio;27615;2016;49710;1.196271709;0.008046671;72.23697445;195;22.0;7046;0;0;1;0;0;78.21336242;37.04758442;75.93292683;1328043.25;43.97907866;21862.0;42.21764706;37.87647059;197.8176471;282.6289912;196.3249619;21.69472909;64.60930023;0.568555605;69.46384412;7.676045192;22.86011069;67.45054626;441.953125;179.0427704;18.19444966;40.77509482;12.79807728;19.35358087;40.89077596;9.709284693;642.0;751405.0;185.0;10230.0;213.0;11549.0;86.85446;88.5791;0.039742605;88.10790826;85.67463374;90.3737756;68.16872;72.56182422;0.0;
27;2728;Chocó;Riosucio;27615;2021;59695;1.510595527;0.021777368;73.07144652;200;22.0;7046;0;0;1;0;0;78.92823526;36.46012529;69.50210552;1945705.083;38.308066;22868.0;42.06874847;37.99375153;192.0500031;427.2835135;302.7361473;20.13055302;104.4168132;0.715777726;70.85135225;4.711287091;24.43736066;67.45054626;441.953125;179.0427704;18.2272431;41.8950374;14.56503523;19.18177186;42.23629613;11.13416321;617.0;769906.0;107.0;96224.0;139.0;110637.0;76.97842;86.97271;0.064600224;86.70536956;84.00746149;89.0102631;86.5730371;77.66912782;0.0;
27;2775;Chocó;San José del Palmar;27660;2011;5064;1.910545024;;75.45418641;103;2500.0;940;0;0;1;0;0;81.27872963;38.69619724;92.30028874;1151952.833;90.83728278;4600.0;46.56666667;46.0;219.6;13.28791938;5.356004045;0.717782818;7.214132512;0.262399672;40.30731895;5.401769819;54.29091123;40.45884705;233.9736481;60.13340378;18.282867;36.41241855;11.61364507;20.52953157;36.53767821;8.879837067;;;;;;;;;;90.54740955;89.18717632;91.8522451;68.8108957;91.411166;0.0;
27;2775;Chocó;San José del Palmar;27660;2016;5139;2.244275799;;74.66433158;108;2500.0;940;0;0;1;0;0;79.82815057;39.23895254;93.78386994;1384714.25;73.57462541;3781.0;52.84375;49.25;252.84375;19.64210348;8.368282063;1.508934994;9.764886422;0.382216452;42.60379786;7.68214563;49.71405651;40.45884705;233.9736481;60.13340378;16.72989378;36.22913505;13.31562974;18.05833;36.51618058;12.42508989;;;;;;;;;;85.74063973;83.9911911;87.3275974;66.3371743;;1.0;HH
27;2775;Chocó;San José del Palmar;27660;2021;5394;2.868928439;;76.02892102;113;2500.0;940;0;0;1;0;0;81.23254515;38.57754608;85.9592078;1413524.542;71.2458287;3843.0;51.73170853;47.68292618;235.6097565;40.77737067;25.57698793;1.921139001;13.27924374;0.755976468;62.72348489;4.711287091;32.56522802;40.45884705;233.9736481;60.13340378;16.72674838;37.41888969;15.46503244;17.90076336;37.44274809;14.16030534;;;;;;;;;;87.34868277;85.92333235;88.8800117;87.2153685;;1.0;HH
27;2775;Chocó;Sipí;27745;2011;2820;2.186761229;;79.57446809;55;50.0;1274;0;0;1;0;0;84.94222885;39.20983973;103.2993401;1135515.708;134.6099291;3796.0;36.44444444;34.55555556;183.2222222;344.4384973;337.1967689;0.524726831;6.717001652;12.21413111;97.8975264;0.152342678;1.950130924;75.73435974;265.6235962;94.72707367;20.50384885;32.75017495;9.097270819;20.41696621;35.08267434;9.489575845;;;;;;;;;;97.39004977;96.56903406;98.0389751;74.0109141;85.38654151;1.0;HH
27;2775;Chocó;Sipí;27745;2016;3094;2.413273002;0.032320621;77.50484809;60;50.0;1274;0;0;1;0;0;82.55977496;38.18565401;109.4026549;1447647.375;108.4033613;3354.0;37.0;44.0;196.0;33.365688;22.76026421;1.7821344;8.82328939;1.078399741;68.21458083;5.3412188;26.44420037;75.73435974;265.6235962;94.72707367;19.81981982;32.25225225;8.288288288;20.08397481;36.03918824;9.167249825;;;;;;;;;;94.02800839;92.81676295;95.1530559;72.7490767;83.86829915;0.0;
27;2775;Chocó;Sipí;27745;2021;3411;3.154011531;0.029316916;77.30870712;65;50.0;1274;0;0;1;0;0;82.34029484;37.77641278;101.2218964;1985402.25;94.75227206;3232.0;37.22222137;35.05555725;175.6666718;24.48667078;9.29770886;0.814090895;14.37487102;0.717873667;37.97048992;3.324628742;58.70488133;75.73435974;265.6235962;94.72707367;20.32608696;33.64130435;9.619565217;19.98726926;36.66454488;11.2667091;;;;;;;;;;93.44662009;92.14142834;94.6520516;93.3039989;84.48717539;1.0;HH
27;2775;Chocó;Tadó;27787;2011;16120;2.303039702;;40.75682382;190;78.0;576;0;0;1;0;0;48.38928706;47.14447378;106.5903498;1211167.667;115.353598;18595.0;37.54545455;36.01363636;185.2136364;102.9604068;18.3980957;10.28427069;74.27804044;0.638712201;17.86909771;9.988568426;72.14233386;67.59623718;258.8750916;90.90654755;19.87699555;30.80345459;9.814184768;19.26161831;34.54824251;11.8895966;747.0;41130.0;246.0;13862.0;273.0;15242.0;90.10989011;90.94607007;0.034363742;90.98646779;88.79334985;92.8508864;69.144555;89.26679092;0.0;
27;2775;Chocó;Tadó;27787;2016;17536;3.026630931;0.022810219;40.39689781;195;78.0;576;0;0;1;0;0;47.55282161;47.86039048;98.05778798;1283643.0;96.43590328;16911.0;44.30039526;40.01185771;208.916996;218.2941519;95.70763772;9.8932571;112.693257;1.244834351;43.84342728;4.532076108;51.62449662;67.59623718;258.8750916;90.90654755;18.25990919;32.74021352;12.30825868;17.04484926;36.48663045;15.0527325;648.0;542160.0;197.0;12351.0;248.0;14900.0;79.43549;82.89262;0.048424321;83.08068061;80.08615658;85.6935899;64.279175;83.430748;0.0;
27;2775;Chocó;Tadó;27787;2021;19069;5.808729701;0.052441135;40.43211495;200;78.0;576;0;0;1;0;0;47.97636632;47.25553914;90.73438572;905965.75;82.73637842;15777.0;41.94318008;38.50757599;193.5606079;191.5380029;40.06301411;7.884728254;143.5902605;1.004447023;20.91648315;4.116534649;74.9669822;67.59623718;258.8750916;90.90654755;18.45151141;34.00382065;14.15889426;16.60766962;37.37463127;17.11897738;537.0;501561.0;103.0;79851.0;117.0;85289.0;88.03419;93.62403;0.056957779;93.29266348;91.12284601;95.2446806;93.1502773;89.91939896;1.0;HH
27;2728;Chocó;Unguía;27800;2011;11836;2.015038864;;66.23014532;32;50.0;1307;0;0;1;0;0;74.48807064;40.2498591;101.2744265;1068296.5;97.63433592;11556.0;41.92405063;37.79746835;193.7594937;66.44920175;43.52513471;3.598414643;19.32565239;0.561416034;65.50136581;5.415286487;29.0833477;138.401062;524.2047119;259.8659973;19.43439658;33.42650444;10.07892141;20.75078206;35.67952729;8.515815085;719.0;51570.0;192.0;14087.0;224.0;17021.0;85.71428571;82.76246989;0.083813345;83.23346545;80.63589988;85.8757656;63.252713;87.77045332;0.0;
27;2728;Chocó;Unguía;27800;2016;12605;1.962845432;0.01586672;66.18802063;37;50.0;1307;0;0;1;0;0;74.80546429;40.26456856;101.4448161;1327617.458;75.68425228;9540.0;44.71428571;42.62857143;215.0;118.3516396;84.5070049;7.473216898;26.37141781;0.938926137;71.40332418;6.314417715;22.2822581;138.401062;524.2047119;259.8659973;18.07172799;33.86120168;12.0633442;18.81894873;36.48604802;10.3504218;840.0;644097.0;218.0;10872.0;253.0;12560.0;86.16601;86.56051;0.062516873;86.49124708;84.15441203;88.5265394;66.917916;85.37402911;0.0;
27;2728;Chocó;Unguía;27800;2021;13761;5.057166388;;69.03568055;42;50.0;1307;0;0;1;0;0;77.05301259;39.22781087;92.67046804;1395760.583;68.05464719;9365.0;42.51456451;38.75728226;191.6504822;100.3175285;62.63414322;4.72624677;32.9571385;0.728998826;62.43589148;4.711287091;32.85282143;138.401062;524.2047119;259.8659973;18.25854551;35.2932902;13.95414264;18.56584486;37.9134095;11.95129284;522.0;714796.0;115.0;98880.0;135.0;116504.0;85.18519;84.87262;0.102120603;84.90097824;81.93651016;87.546099;84.7713997;;0.0;
27;2775;Chocó;Unión Panamericana;27810;2011;7344;1.484204793;;60.08986928;12;94.0;147;0;0;1;0;0;69.49152542;41.75654854;77.89672544;1685179.0;64.48801743;4736.0;36.8452381;36.39285714;187.297619;61.59190586;50.14648396;0.858486326;10.58693558;0.838669742;81.41732791;1.393829779;17.18884231;96.33100891;290.0820923;118.4206085;23.06606437;36.78712592;10.36137775;20.04208311;38.58495529;11.65176223;298.0;17436.0;109.0;6527.0;121.0;7235.0;90.08264463;90.21423635;0.086601073;89.87859354;86.60138217;92.9999693;68.3026334;87.93635317;0.0;
27;2775;Chocó;Unión Panamericana;27810;2016;6996;2.351343625;0.228702115;58.01886792;17;94.0;147;0;0;1;0;0;68.44384707;41.86081243;81.34911771;1436452.25;69.11092053;4835.0;45.43478261;41.13043478;216.7681159;117.9258343;100.0517084;1.609468615;16.26465728;1.685617985;84.8429091;1.364814271;13.79227663;96.33100891;290.0820923;118.4206085;18.80666862;38.43229014;11.78707224;17.5286553;40.03354767;13.3072407;215.0;181069.0;66.0;3704.0;83.0;4545.0;79.51807;81.49615;0.209032907;81.62483479;76.24366896;86.3513904;63.1527932;80.64732376;0.0;
27;2775;Chocó;Unión Panamericana;27810;2021;7079;3.658708857;0.127136601;57.46574375;22;94.0;147;0;0;1;0;0;67.6810973;41.79168453;74.87068966;1830226.042;67.3117672;4765.0;44.16666794;41.68181992;200.8333282;183.7862876;157.7059505;1.416954441;24.66338265;2.596218217;85.80942167;0.770979413;13.41959891;96.33100891;290.0820923;118.4206085;18.59456333;39.79178716;13.53383459;16.98425849;41.34217067;15.29964098;263.0;280608.0;67.0;45049.0;79.0;49975.0;84.81013;90.14307;0.128241919;89.69041303;86.12019634;93.0535478;89.5535247;88.19145337;0.0;
41;4158;Huila;Neiva;41001;2011;330022;22.56942971;;6.087169946;399;442.0;1468;1;0;0;0;0;8.306727415;51.37119895;76.01900127;534183.3333;46.65385944;153968.0;47.30134653;48.48901484;227.1215315;3795.803696;922.326973;678.2172615;2195.259462;1.150166867;24.29859516;17.86755364;57.83385121;0.0;194.9178619;0.0;18.85339042;38.29000483;13.58679616;18.0607374;40.38949249;15.33077576;27844.0;334742.0;7989.0;98281.0;12730.0;154843.0;62.7572663;63.47138715;0.002539557;63.47063798;62.87340143;64.0257476;48.234085;65.60442972;0.0;
41;4158;Huila;Neiva;41001;2016;349048;27.59811449;2.812793656;6.014359057;404;442.0;1468;1;0;0;0;0;8.365704231;51.38724817;74.66143681;685696.25;46.32486076;161696.0;54.86417543;54.15014545;272.3329604;5231.18546;391.386807;1239.162111;3600.636541;1.498700883;7.481799489;23.68797897;68.83022154;0.0;194.9178619;0.0;17.99903663;38.55815032;15.28910139;16.94851539;40.13676896;17.81534532;26732.0;4289534.0;7501.0;99203.0;12931.0;170048.0;58.00789;58.33823;0.002972732;58.33481293;57.75959228;58.9221403;45.1334007;59.80546573;0.0;
41;4158;Huila;Neiva;41001;2021;371590;28.43530504;4.127936704;6.588444253;409;442.0;1468;1;0;0;0;0;9.180479813;51.48738133;70.51488497;906148.8333;47.01472053;174702.0;54.69112778;52.83246994;259.8232727;6851.822962;659.78371;1048.307246;5143.732006;1.843920171;9.629316368;15.29968377;75.07099986;0.0;194.9178619;0.0;17.17932305;39.75080296;16.72000988;15.80533132;40.67690622;20.32837549;21074.0;4379337.0;4374.0;923364.0;7926.0;1625769.0;55.18547;56.79552;0.005265845;56.79036153;56.14076023;57.3861246;56.7036863;57.78420042;0.0;
41;4182;Huila;Acevedo;41006;2011;22458;2.487977558;;81.24499065;113;1563.0;700;1;0;0;0;0;85.98411878;37.33496218;99.25373134;790692.5;117.0540565;26288.0;42.21177258;41.77929766;206.4214047;196.232959;83.91103688;34.36776134;77.95416083;0.873777536;42.7609293;17.51375585;39.72531485;108.9113617;362.4749756;168.6016083;19.39776508;35.41755523;10.99547897;19.74848626;34.46669772;9.482999534;;;;;;;;;;95.45856669;94.39374144;96.3661456;72.5430966;92.53824404;0.0;
41;4182;Huila;Acevedo;41006;2016;24076;5.619012018;0.062302708;81.28842;118;1563.0;700;1;0;0;0;0;85.75195645;37.71691051;93.15198912;685700.0;113.9391926;27432.0;48.80939227;45.51381215;238.4392265;318.9764835;147.8788641;52.18921865;118.9084007;1.324873249;46.36042836;16.36146279;37.27810885;108.9113617;362.4749756;168.6016083;18.97604887;36.03922199;12.21668542;19.09919202;36.09248754;10.74436995;;;;;;;;;;93.63002608;92.53729568;94.7521684;72.4411595;83.16219453;0.0;
41;4182;Huila;Acevedo;41006;2021;26147;6.088971329;0.110911386;81.5657628;123;1563.0;700;1;0;0;0;0;86.16514185;37.6143615;89.54531395;936131.3333;114.1392894;29844.0;48.92222214;47.22777939;230.5361176;445.0390766;253.0207221;40.58865811;151.4296964;1.70206554;56.85359677;9.120245893;34.02615734;108.9113617;362.4749756;168.6016083;18.54166667;36.91220238;13.08035714;18.52522232;36.66483041;11.8753443;;;;;;;;;;92.59218438;91.36515339;93.8085534;92.4508673;81.09496392;0.0;
41;4121;Huila;Agrado;41013;2011;8292;2.516481749;;36.20356971;174;838.0;286;1;0;0;0;0;43.65224743;44.89220798;93.43968096;661833.7083;83.29715388;6907.0;41.74264706;40.52941176;200.125;66.8556854;20.7260237;12.83125909;33.29840261;0.806267311;31.00113861;19.19247258;49.80638881;96.2326355;290.4189758;96.2326355;17.67542802;34.43453099;15.93923318;17.61158022;36.11580217;15.3437877;737.0;66873.0;289.0;24375.0;323.0;27832.0;89.47368421;87.5790457;0.064558629;87.55510657;84.97543442;89.7090442;66.5369151;89.43030754;0.0;
41;4121;Huila;Agrado;41013;2016;8621;4.563469048;0.011599582;36.07470131;179;838.0;286;1;0;0;0;0;42.87433155;45.02673797;88.30067822;699093.6667;78.27398214;6748.0;51.95238095;50.52380952;254.0285714;91.85342281;29.3693587;15.16799424;47.31606987;1.065461348;31.97415818;16.51325968;51.51258214;96.2326355;290.4189758;96.2326355;18.14996496;35.06190142;16.65498715;17.88018433;35.55299539;16.75115207;543.0;852995.0;209.0;35670.0;244.0;42081.0;85.65574;84.7651;0.09921171;84.56823989;81.43369476;87.581038;65.4300934;84.20962795;0.0;
41;4121;Huila;Agrado;41013;2021;9167;4.086215047;0.796334679;35.71506491;184;838.0;286;1;0;0;0;0;42.78625481;44.80833643;86.82211623;907254.0833;76.61175957;7023.0;50.22618866;47.92856979;233.4166718;117.3369076;43.55988141;10.93809551;62.83893072;1.279992447;37.12376803;9.321956515;53.55427545;96.2326355;290.4189758;96.2326355;17.69095698;35.29411765;18.02019315;17.54500108;35.26350033;18.32574279;576.0;1167044.0;210.0;304598.0;248.0;361420.0;84.67742;84.27812;0.124183274;84.10451762;80.95177442;86.9502578;83.9761547;83.50393513;0.0;
41;4158;Huila;Aipe;41016;2011;14775;5.538635082;;35.45177665;99;391.0;862;1;0;0;0;0;44.2592449;44.54608884;88.55012064;555550.0;83.53976311;12343.0;41.27659574;41.88297872;204.037234;974.626645;882.8308913;22.94581027;68.84994348;6.596457835;90.58144427;2.354317973;7.06423776;33.08194351;177.5626678;33.08194351;17.72048847;35.72591588;15.7394844;17.71775827;36.55638082;15.92167454;432.0;57316.0;146.0;19082.0;169.0;22061.0;86.39053254;86.49653234;0.075946184;86.55871288;83.32468205;89.5933361;65.7797124;84.73719192;0.0;
41;4158;Huila;Aipe;41016;2016;15872;7.175109207;0.844254032;35.16885081;104;391.0;862;1;0;0;0;0;43.96520739;44.64812019;86.52028057;687315.5;71.59148185;11363.0;48.74725275;46.04395604;237.6758242;379.4343507;249.5211519;29.93374286;99.97945594;2.390589407;65.76135014;7.889043994;26.34960586;33.08194351;177.5626678;33.08194351;17.36808646;36.47806739;16.55435474;17.44723367;36.68040465;16.49806419;370.0;686908.0;137.0;25458.0;164.0;31140.0;83.53658;81.75337;0.127100176;81.45772299;77.39887187;84.9995332;63.0234995;78.36691396;0.0;
41;4158;Huila;Aipe;41016;2021;16930;9.956192164;2.297696397;34.66627289;109;391.0;862;1;0;0;0;0;43.56085855;44.6007199;85.19927709;907815.5;65.24512699;11046.0;47.49206161;43.97354507;218.5132294;558.5086359;393.0066388;27.11399715;138.388;3.298928741;70.36715523;4.854714038;24.77813073;33.08194351;177.5626678;33.08194351;16.96875745;36.70403053;17.8392559;16.87734082;36.58707865;18.12968165;484.0;901621.0;194.0;345862.0;245.0;442678.0;79.18367;78.12948;0.097702991;77.94631326;74.14368617;81.9551843;77.8273491;76.46519366;0.0;
41;4158;Huila;Algeciras;41020;2011;21677;1.270932325;;52.94090511;70;1078.0;672;1;0;0;0;0;61.71723693;40.76575458;84.48578963;1012223.667;87.59976011;18989.0;42.75903614;43.77108434;208.4176707;162.0584162;60.08438676;30.08397072;71.8900587;0.747605371;37.07575835;18.56365836;44.3605833;54.51329803;238.8675385;54.51329803;19.06084775;36.3294202;15.10888072;18.65373645;37.5641757;13.70032326;;;;;;;;;;89.10858794;87.59806882;90.666193;67.7174729;91.53573382;0.0;
41;4158;Huila;Algeciras;41020;2016;22205;2.278015462;0.036027922;52.11438865;75;1078.0;672;1;0;0;0;0;60.6250301;40.94476814;82.64551018;1075123.958;89.42130151;19856.0;50.73666667;49.3;249.4566667;243.6084138;91.77158683;40.04820128;111.7886257;1.097088106;37.67176404;16.43958049;45.88865547;54.51329803;238.8675385;54.51329803;19.76205056;35.63992652;16.15781646;17.86708743;37.58121403;15.46315203;;;;;;;;;;87.96614967;86.49971025;89.3461455;68.059042;85.87133885;0.0;
41;4158;Huila;Algeciras;41020;2021;23460;3.278275078;0.204603581;51.65814152;80;1078.0;672;1;0;0;0;0;60.32375885;40.86215448;80.78418231;978549.75;92.14407502;21617.0;52.37565994;50.59788513;249.0211639;317.4671289;137.1092712;29.32589579;151.031962;1.353227319;43.18849376;9.237458973;47.57404726;54.51329803;238.8675385;54.51329803;19.30754576;36.04737845;17.37761948;17.22139282;37.5076842;17.08088171;;;;;;;;;;87.22067765;85.53359431;88.8404905;87.0875587;85.5341351;0.0;
41;4121;Huila;Altamira;41026;2011;3940;4.397208122;;41.01522843;156;1027.0;201;1;0;0;0;0;48.93378227;43.06958474;80.24544735;533883.3333;58.73096447;2314.0;46.45652174;46.15217391;218.173913;33.461721;8.196847879;8.272031908;16.99284122;0.849282259;24.49619336;24.72088004;50.7829266;103.2320175;310.8703613;117.1660004;20.51282051;35.35502959;15.68047337;17.62552301;39.12133891;16.31799163;;;;;;;;;;80.71889885;79.09436197;82.5212432;61.341785;84.54900701;0.0;
41;4121;Huila;Altamira;41026;2016;4152;4.293111753;0.120423892;42.79865125;161;1027.0;201;1;0;0;0;0;49.24281984;40.57441253;69.23901393;685700.0;49.42196532;2052.0;53.03846154;48.42307692;256.3846154;57.86584091;21.34213873;9.765847391;26.75785478;1.393685956;36.88210246;16.87670522;46.24119232;103.2320175;310.8703613;117.1660004;27.5209159;32.1003963;16.11624835;16.42743222;39.34077618;20.04253057;;;;;;;;;;76.42911001;74.42210144;78.3426708;59.1328827;76.63342621;0.0;
41;4121;Huila;Altamira;41026;2021;4458;5.258337072;0.269179004;44.54912517;166;1027.0;201;1;0;0;0;0;51.28816794;39.69465649;67.06309878;905965.75;48.38492598;2157.0;53.11111069;51.08889008;252.5111084;79.56977929;35.91673692;7.637733119;36.01530925;1.784876162;45.13866601;9.598786357;45.26254763;103.2320175;310.8703613;117.1660004;28.57721929;31.37413863;17.18686664;15.8714214;39.17629332;21.79809141;;;;;;;;;;74.09839925;71.64336798;76.0664842;73.9853079;78.9167745;0.0;
41;4158;Huila;Baraya;41078;2011;8267;2.523083747;;51.88097254;167;612.0;737;1;0;0;0;0;59.76774194;41.03225806;85.33747091;761423.3333;75.22680537;6219.0;44.47323529;42.55514706;209.8823529;65.33577031;30.20249846;10.61704466;24.51622719;0.790320192;46.22658968;16.24997242;37.52343789;38.68646622;161.8419037;38.68646622;17.76223776;35.47785548;18.50815851;16.67085743;37.56600453;17.77721901;246.0;29590.0;108.0;12895.0;114.0;13553.0;94.73684211;95.14498635;0.046769864;94.47660068;91.73373413;96.8331777;71.7968581;91.91714986;0.0;
41;4158;Huila;Baraya;41078;2016;8267;2.768033547;0.193540583;52.72771259;172;612.0;737;1;0;0;0;0;59.76115651;39.43431804;74.50472135;1059181.417;65.27156163;5396.0;49.32307692;48.06153846;245.8307692;96.34831099;34.06907194;15.48762728;46.79161177;1.165456768;35.36032089;16.0746225;48.56505661;38.68646622;161.8419037;38.68646622;22.16023209;34.61280964;19.10287882;17.7760169;37.37453777;19.25515055;248.0;435597.0;76.0;14003.0;94.0;16315.0;80.85107;85.82899;0.13082478;85.47202061;81.32685912;89.4336548;66.1293448;84.23112515;0.0;
41;4158;Huila;Baraya;41078;2021;8669;3.880685969;0.738262775;52.99342485;177;612.0;737;1;0;0;0;0;60.20347806;39.11037501;73.72327266;1004796.0;61.79490137;5357.0;50.11111069;48.68518448;234.3703766;121.4268915;59.208842;11.14146886;51.0765806;1.400702405;48.76089743;9.175454241;42.06364833;38.68646622;161.8419037;38.68646622;22.09005947;34.36703483;20.58198811;17.14213582;36.98560969;21.15627367;215.0;445324.0;84.0;173988.0;91.0;187564.0;92.30769;92.76194;0.090214115;91.58746908;87.89885737;94.9057735;91.4476854;90.00129333;0.0;
41;4158;Huila;Campoalegre;41132;2011;30037;5.18832329;;23.92382728;99;531.0;485;1;0;0;0;0;30.30705524;46.76537229;78.92942027;534216.6667;77.68086027;23333.0;42.92931937;43.44240838;210.486911;275.3823734;88.80464241;64.83283864;121.7448923;0.916810512;32.24775839;23.54284258;44.20939904;37.37067413;229.8149261;37.37067413;18.08681672;37.78135048;15.25321543;17.6186379;39.58567741;15.62644781;;;;;;;;;;82.28758706;80.58208726;83.8730564;62.5338991;82.10130416;0.0;
41;4158;Huila;Campoalegre;41132;2016;30772;6.98199662;0.347718705;23.73261406;104;531.0;485;1;0;0;0;0;30.62975312;46.8437418;76.73555377;685696.25;74.11282985;22806.0;48.84988962;47.01766004;240.0794702;425.039595;139.5275758;98.20601869;187.3060006;1.381254371;32.82695951;23.10514593;44.06789456;37.37067413;229.8149261;37.37067413;17.16462013;37.97360299;17.30251494;16.57981085;39.53548221;18.49063887;;;;;;;;;;77.46243006;75.44368058;79.4366743;59.9323581;74.3176655;0.0;
41;4158;Huila;Campoalegre;41132;2021;32314;6.172247323;0.256854614;24.13195519;109;531.0;485;1;0;0;0;0;31.31188555;46.44983967;76.27224029;908526.0;70.86711642;22900.0;49.6340065;47.89625549;233.2651367;494.9990101;173.911045;73.35852154;247.7294436;1.53184072;35.1336147;14.81993298;50.04645232;37.37067413;229.8149261;37.37067413;16.75908043;38.04747368;18.59074201;16.09789092;39.15021829;20.11314026;;;;;;;;;;75.94470887;73.8548646;77.7943364;75.8287997;76.84084683;0.0;
41;4158;Huila;Colombia;41206;2011;7804;2.186912694;;72.37314198;125;770.0;1538;1;0;0;0;0;78.32195905;37.0266292;97.01716738;881107.6667;89.3644285;6974.0;44.02857143;44.34285714;211.7714286;66.41926704;30.06893077;11.36355971;24.98677656;0.851092607;45.27139806;17.10883034;37.6197716;79.71025085;118.5389633;79.71025085;16.34729122;34.91838183;17.88502484;15.99105396;36.56695555;15.48783897;;;;;;;;;;91.23955075;89.91527136;92.4710512;69.3368837;91.83268885;0.0;
41;4158;Huila;Colombia;41206;2016;7427;3.023876846;0.16157264;70.83613841;130;770.0;1538;1;0;0;0;0;77.26829268;36.6271777;92.0836113;994922.0;83.27723172;6185.0;49.375;50.078125;248.03125;91.05864041;42.32474287;14.87678544;33.8571121;1.226048747;46.48075424;16.33758792;37.18165783;79.71025085;118.5389633;79.71025085;16.98956781;35.04719324;19.37406855;15.37783005;36.57747721;17.25962952;;;;;;;;;;88.02155593;86.38053912;89.3884169;68.1019096;85.24689176;0.0;
41;4158;Huila;Colombia;41206;2021;7501;3.782828956;0.613251566;71.17717638;135;770.0;1538;1;0;0;0;0;77.44847097;36.56203691;87.22390645;1226225.167;77.84295427;5839.0;51.85106277;50.68085098;248.3404236;143.4595919;86.68046522;13.05498279;43.7241439;1.912539553;60.42151944;9.100111477;30.47836908;79.71025085;118.5389633;79.71025085;16.19094488;35.94980315;21.03838583;14.54757056;37.38725633;19.55193483;;;;;;;;;;85.32378765;83.62705046;87.0851493;85.1935638;84.73455358;0.0;
41;4182;Huila;Elías;41244;2011;3870;1.61498708;;66.9250646;181;1500.0;82;1;0;0;0;0;74.04699739;38.56396867;86.15641991;1013940.333;74.88372093;2898.0;41.48648649;44.81081081;211.3243243;23.91493314;8.036836963;4.042058008;11.83603817;0.617956929;33.60593532;16.90181605;49.49224864;90.43601227;326.5268555;131.8691101;16.7996012;37.13858425;18.89332004;16.30901288;37.28540773;16.84549356;95.0;8454.0;48.0;4039.0;52.0;4718.0;92.30769231;85.60830861;0.493387552;86.3507422;80.07343324;92.0344246;65.6216665;92.30261831;0.0;
41;4182;Huila;Elías;41244;2016;4086;3.132648067;0.024473813;65.81008321;186;1500.0;82;1;0;0;0;0;73.33007096;38.29214583;82.14146151;791060.1667;73.27459618;2994.0;55.3902439;54.68292683;271.5365854;43.1380262;18.91507917;7.033189606;17.18975742;1.055751987;43.84780861;16.30392075;39.84827063;90.43601227;326.5268555;131.8691101;17.66087365;36.77782997;20.29121653;16.40265713;36.63771078;18.5998978;109.0;140220.0;48.0;5729.0;54.0;6594.0;88.88889;86.88201;0.340444315;86.36654078;79.84259801;91.1377716;66.8214313;86.2394609;0.0;
41;4182;Huila;Elías;41244;2021;4418;5.113550626;0.067904029;66.54594839;191;1500.0;82;1;0;0;0;0;74.06173662;37.95247613;80.68592058;1149249.875;74.60389316;3296.0;51.01960754;49.0;236.9607849;61.9425754;30.1833152;5.620482911;26.13877728;1.402050145;48.7278984;9.073699108;42.1984025;90.43601227;326.5268555;131.8691101;17.10069444;37.02256944;22.09201389;15.6102176;36.42384106;20.71901608;130.0;174345.0;68.0;204151.0;73.0;221770.0;93.15069;92.05528;0.153257488;90.73448435;86.16931485;94.4012958;90.5960025;89.85848074;0.0;
41;4121;Huila;Garzón;41298;2011;65965;6.554485965;;46.0001516;228;830.0;692;1;0;0;0;0;54.08100644;42.66816679;87.83747596;533883.3333;78.22936406;51604.0;45.40563672;46.89787759;219.4531096;469.9292941;162.3744198;88.57021064;218.9846636;0.712391865;34.55294698;18.84756106;46.59949196;100.1704559;292.7460632;100.1704559;20.24085638;35.45941124;13.0211121;18.50316994;37.38982527;13.31374671;549.0;61178.0;217.0;24168.0;251.0;28348.0;86.45418327;85.25469169;0.059900514;85.24224908;82.23082853;88.1788321;64.7792746;84.88280478;0.0;
41;4121;Huila;Garzón;41298;2016;70487;8.547911908;0.682395335;46.15461007;233;830.0;692;1;0;0;0;0;54.22069825;42.78990025;83.87379295;685696.25;76.38713522;53843.0;52.69374416;50.95424837;257.9421102;608.13705;149.6316189;101.4041301;357.1013011;0.862764836;24.60491741;16.67455224;58.72053035;100.1704559;292.7460632;100.1704559;19.35113328;35.64844647;14.96091671;17.80191987;37.96056791;15.58889464;533.0;773441.0;224.0;31130.0;280.0;42310.0;80.0;73.57599;0.102001091;74.07295485;70.79540678;77.7616634;57.3099353;74.84644586;0.0;
41;4121;Huila;Garzón;41298;2021;75976;8.497639605;0.927924608;46.87138044;238;830.0;692;1;0;0;0;0;55.03434435;43.24137151;79.94567119;907815.5;76.20432768;57897.0;50.37110138;48.67047882;237.5613251;868.6078287;297.4932837;75.89726792;495.217277;1.143266069;34.24943616;8.737806109;57.01275773;100.1704559;292.7460632;100.1704559;18.29387647;36.63007539;16.53749504;16.73783763;38.55282806;17.81195148;496.0;813695.0;224.0;309625.0;281.0;423849.0;79.7153;73.05078;0.115320715;73.35363984;69.03846458;77.4729929;73.2416852;73.92947095;0.0;
41;4121;Huila;Gigante;41306;2011;23696;5.617333446;;60.43214045;222;808.0;561;1;0;0;0;0;67.90534619;40.90709904;85.27147488;606712.4583;73.1980081;17345.0;44.30480094;46.37711944;218.3583138;276.7015136;63.38725895;49.33522854;163.9790261;1.167714017;22.90817211;17.82976461;59.26206328;74.15301514;267.3713074;74.15301514;18.00184548;36.60766714;16.02214579;17.53715499;37.61358811;15.38853503;499.0;58870.0;180.0;21000.0;201.0;23220.0;89.55223881;90.43927649;0.04235337;90.16436988;87.54634616;92.5178716;68.5198073;88.96366002;0.0;
41;4121;Huila;Gigante;41306;2016;24276;5.669522711;0.152413907;60.25704399;227;808.0;561;1;0;0;0;0;67.79823392;41.16961013;80.07906163;688368.75;69.15060142;16787.0;51.3984375;50.52083333;253.2109375;392.5632118;85.17839674;64.38633283;242.9984822;1.617083588;21.69800791;16.40151978;61.90047231;74.15301514;267.3713074;74.15301514;17.49109288;36.62275251;18.76708924;17.580077;36.97059064;18.03883018;474.0;776553.0;166.0;22123.0;197.0;27308.0;84.26396;81.01289;0.098573766;80.92810526;77.5285467;84.2259799;62.6137365;80.81424008;0.0;
41;4121;Huila;Gigante;41306;2021;25658;5.653207577;0.666458804;60.1605737;232;808.0;561;1;0;0;0;0;67.95374287;41.05320346;78.07467057;908526.0;72.1802167;18520.0;51.63714218;51.20571518;244.5228577;567.5585498;140.1328517;51.9838289;375.4418692;2.212013991;24.69046617;9.159201093;66.15033274;74.15301514;267.3713074;74.15301514;16.97074552;36.96130859;20.22648632;16.96801113;36.79493123;19.90418792;474.0;756186.0;192.0;316235.0;221.0;371428.0;86.87783;85.14032;0.119228347;84.86972984;81.48899145;87.5269761;84.740199;83.06148182;0.0;
41;4121;Huila;Guadalupe;41319;2011;16465;2.36056281;;68.73975099;296;888.0;242;1;0;0;0;0;74.41529913;39.75319809;94.48905842;635838.625;92.13483146;15170.0;40.63111111;40.47111111;202.5288889;108.106834;34.43413119;21.08052572;52.59217706;0.656585691;31.85194675;19.49971611;48.64833714;110.0900803;315.1777954;122.4014969;17.86682381;35.82793164;13.91868002;17.80701754;37.00501253;13.03258145;;;;;;;;;;90.12416784;88.7407425;91.3860975;68.489256;88.74561692;0.0;
41;4121;Huila;Guadalupe;41319;2016;17381;2.951019312;0.040273862;69.16748173;301;888.0;242;1;0;0;0;0;75.1625798;39.74106557;89.23062541;772094.1667;90.66797077;15759.0;49.71195652;47.81521739;243.8097826;171.5343047;61.59688886;28.33729132;81.60012455;0.986906995;35.9093704;16.5198975;47.57073209;110.0900803;315.1777954;122.4014969;18.00723;35.75463172;15.78174424;17.42291007;36.42865518;15.34763747;;;;;;;;;;87.79921253;86.14985865;89.2134035;67.9298834;83.49855383;0.0;
41;4121;Huila;Guadalupe;41319;2021;18816;3.485508787;0.095663265;70.20089286;306;888.0;242;1;0;0;0;0;76.3101143;39.48673711;85.84237042;911797.5417;88.48852041;16650.0;47.80088425;45.77433777;224.1239014;206.5355151;76.50091053;19.22304917;110.8115554;1.097658988;37.0400754;9.30738191;53.65254269;110.0900803;315.1777954;122.4014969;17.58541186;36.47034165;16.872773;16.83200345;36.79102868;16.74574078;;;;;;;;;;86.22820222;84.74161315;87.9480804;86.096598;81.09115079;0.0;
41;4158;Huila;Hobo;41349;2011;6947;2.817763063;;23.83762775;127;595.0;217;1;0;0;0;0;29.63863794;45.7609451;85.9180856;570039.0;76.23434576;5296.0;42.33333333;42.31746032;209.8253968;51.31104196;13.66415636;11.74569542;25.90119018;0.738607197;26.63005046;22.89116527;50.47878427;51.58965683;245.4360199;51.58965683;18.04617117;36.88063063;15.03378378;17.31958763;37.49631811;15.99410898;;;;;;;;;;84.26707164;82.5684795;85.8201972;64.0381951;85.79753283;0.0;
41;4158;Huila;Hobo;41349;2016;7116;5.19252389;0.21079258;22.6391231;132;595.0;217;1;0;0;0;0;29.13251366;46.2602459;87.7490942;685696.25;74.35356942;5291.0;49.33333333;48.89855072;245.4347826;70.4692055;19.88232527;11.85370763;38.7331726;0.990292376;28.21420382;16.82111717;54.96467901;51.58965683;245.4360199;51.58965683;17.50275634;36.24586549;15.60088203;17.37385321;37.29931193;16.62844037;;;;;;;;;;79.43794519;77.42974802;81.1754722;61.4608059;79.92728943;0.0;
41;4158;Huila;Hobo;41349;2021;7578;11.91167414;0.250725785;23.27790974;137;595.0;217;1;0;0;0;0;30.02528445;46.1125158;86.46983857;905965.75;70.40116126;5335.0;46.71212006;44.06060791;219.6212158;102.6609595;36.79624511;9.852817294;56.01189707;1.354723667;35.84249095;9.597433478;54.56007557;51.58965683;245.4360199;51.58965683;16.9346473;36.64419087;16.96058091;16.84578184;36.99623858;18.323482;;;;;;;;;;74.408543;72.28676059;76.7040749;74.2949783;75.81888234;0.0;
41;4158;Huila;Íquira;41357;2011;8676;2.189949285;;70.80451821;124;1122.0;516;1;0;0;0;0;75.781729;39.52176579;98.62055566;830777.875;100.8990318;8754.0;43.75229358;44.70642202;215.6330275;74.23139186;29.43490939;13.19390781;31.60257465;0.85559465;39.65291322;17.77402725;42.57305954;60.50680923;253.1652222;60.50680923;17.92559188;34.22773393;14.90417136;17.21292148;35.79344494;13.46380571;;;;;;;;;;91.40770693;90.10923318;92.6971427;69.4646729;92.2303804;0.0;
41;4158;Huila;Íquira;41357;2016;9085;3.310401761;0.286186021;71.49146946;129;1122.0;516;1;0;0;0;0;75.74850299;39.64762782;94.45765502;845185.6667;97.7435333;8880.0;49.02027027;46.23648649;239.4459459;100.905381;36.82348407;16.67845488;47.40344209;1.110681134;36.49308262;16.52880621;46.97811118;60.50680923;253.1652222;60.50680923;18.61621622;33.88108108;15.89189189;16.9058296;35.78475336;15.65022422;;;;;;;;;;89.3613668;87.94057768;90.909152;69.1385157;83.45870754;0.0;
41;4158;Huila;Íquira;41357;2021;9687;4.737448815;0.082584908;72.03468566;134;1122.0;516;1;0;0;0;0;76.42440318;39.55437666;92.12276215;908815.5;95.7778466;9278.0;49.47058868;47.44537735;233.5294189;139.3552726;62.44341472;12.84855309;64.06330475;1.438580289;44.80879236;9.219997815;45.97120983;60.50680923;253.1652222;60.50680923;18.2725606;34.14137299;17.13179874;16.36668062;35.78903307;17.3503558;;;;;;;;;;87.76380742;86.14480758;89.2972231;87.6298595;84.00884115;0.0;
41;4182;Huila;Isnos;41359;2011;22956;1.618313295;;76.50723122;48;1900.0;697;1;0;0;0;0;82.01714311;38.51542444;85.68753901;867997.6667;99.3422199;22805.0;40.48762376;39.47277228;200.519802;126.7113531;33.60188257;22.03056427;71.07890627;0.551974879;26.51844664;17.38641702;56.09513633;64.13798523;348.8245544;154.4488373;19.48051948;36.87628161;12.96138072;18.74333452;38.01990757;12.60220405;;;;;;;;;;92.50389925;91.21753963;93.5980292;70.2977169;94.22135432;1.0;HH
41;4182;Huila;Isnos;41359;2016;24496;2.479656543;0.065316786;75.88994121;53;1900.0;697;1;0;0;0;0;81.54717131;38.41007166;78.31012658;874337.9583;96.59536251;23662.0;51.68208092;49.19942197;250.6907514;201.5837166;55.34703206;32.95529877;113.2813857;0.822925035;27.45610261;16.34819485;56.19570254;64.13798523;348.8245544;154.4488373;18.60183841;39.09046928;14.48959845;18.08334711;38.96973706;14.82553332;;;;;;;;;;90.41040714;89.01197669;91.7385799;69.9501538;88.86626112;1.0;HH
41;4182;Huila;Isnos;41359;2021;26555;3.002573276;0.120504613;75.64677085;58;1900.0;697;1;0;0;0;0;81.53381512;38.38492791;75.78075207;946150.6667;96.28695161;25569.0;49.76601791;48.10863495;234.5570984;304.4966652;121.9673003;27.73832614;154.7910388;1.14666415;40.05538129;9.109566479;50.83505223;64.13798523;348.8245544;154.4488373;18.10499551;39.77714628;15.59228238;17.46946825;39.11097626;16.41508003;;;;;;;;;;89.01479513;87.49204747;90.4328427;88.878938;86.19133739;1.0;HH
41;4160;Huila;La Argentina;41378;2011;11619;2.292939725;;63.86091746;52;1540.0;390;1;0;0;0;0;70.77655404;40.47974613;93.02390999;806823.375;104.9573974;12195.0;41.93103448;42.84827586;210.3103448;86.23181577;34.26708341;15.36754484;36.59718753;0.742162112;39.73832987;17.82120056;42.44046956;61.01649857;324.2103882;130.1443481;18.43792173;36.26855601;11.85897436;19.24090669;36.61922334;10.91196626;;;;;;;;;;92.45125709;91.33443326;93.625804;70.2577118;93.09331222;1.0;HH
41;4160;Huila;La Argentina;41378;2016;12443;3.125586006;0.016073294;63.06356988;57;1540.0;390;1;0;0;0;0;70.12557271;40.60750042;87.74484536;795297.1667;97.77384875;12166.0;51.74050633;50.26582278;253.5822785;109.3843445;33.48300599;17.9629084;57.93843011;0.879083376;30.61041883;16.42182753;52.96775364;61.01649857;324.2103882;130.1443481;17.80735108;36.70785805;13.75158428;18.33306149;37.8731039;13.21154787;;;;;;;;;;89.04765266;87.67965134;90.3025713;68.8957963;86.88452765;1.0;HH
41;4160;Huila;La Argentina;41378;2021;13550;3.348093481;0.147601476;62.58302583;62;1540.0;390;1;0;0;0;0;69.94766815;40.5263968;85.77819637;948894.0417;97.89667897;13265.0;54.49664307;53.62416077;261.4026794;141.8068029;53.19448732;13.03014283;75.5821728;1.046544671;37.51194316;9.188658481;53.29939836;61.01649857;324.2103882;130.1443481;17.54667445;36.96032672;14.83372229;17.79205258;37.9593666;14.53540484;;;;;;;;;;88.43735355;86.74527519;89.8411111;88.3023777;85.91491202;1.0;HH
41;4160;Huila;La Plata;41396;2011;55532;4.983012797;;57.61542894;360;1018.0;854;1;0;0;0;0;64.69019327;41.75872296;94.60069496;533883.3333;83.43657711;46334.0;43.78604651;44.75968992;214.020155;320.9206326;92.67834332;59.3873213;168.8549679;0.577902169;28.87889837;18.50529859;52.61580304;66.64434052;305.8083496;111.9030991;18.89395992;34.6502175;12.86457962;18.76955541;36.19297097;12.64643819;537.0;53695.0;203.0;18723.0;216.0;21098.0;93.98148148;88.74300882;0.107682915;88.64892501;86.0780177;91.0258832;67.3681551;91.34851831;0.0;
41;4160;Huila;La Plata;41396;2016;59377;6.39206539;0.341883221;57.68226754;365;1018.0;854;1;0;0;0;0;64.4271609;41.48785555;91.44984477;685696.25;80.69454503;47914.0;51.48416887;50.26253298;253.8891821;519.9482148;154.5013694;85.46065344;279.9861919;0.87567276;29.71476101;16.4363779;53.8488611;66.64434052;305.8083496;111.9030991;18.369858;35.52259652;13.72751156;17.99290248;36.5249437;14.11997543;439.0;781034.0;162.0;19961.0;197.0;25935.0;82.23351;76.96549;0.199999567;77.45364801;73.84825467;81.2385244;59.9255634;76.69569873;3.0;LH
41;4160;Huila;La Plata;41396;2021;64133;5.948835493;0.37266306;58.27577066;370;1018.0;854;1;0;0;0;0;65.29493373;41.1319304;89.143016;907577.6667;81.78784713;52453.0;49.37164688;47.83397293;233.3026886;686.449809;251.9014275;63.16343277;371.3849487;1.070353498;36.69626303;9.201464105;54.10227286;66.64434052;305.8083496;111.9030991;17.93530118;36.10144972;14.82655668;17.4535457;36.61357603;15.57009228;406.0;797842.0;181.0;332897.0;209.0;428339.0;86.60287;77.71812;0.243004411;78.03714361;74.30371547;81.6581559;77.9180409;78.09275134;1.0;HH
41;4160;Huila;Nátaga;41483;2011;6020;2.160852713;;60.03322259;44;1475.0;156;1;0;0;0;0;67.38205365;40.48103608;103.3142857;814381.9167;77.14285714;4644.0;44.94;47.82;223.82;35.23199932;13.11667627;5.955574339;16.15974871;0.585249158;37.22944064;16.90387844;45.86668091;75.04642487;268.6888123;75.04642487;17.85482826;33.50615684;15.19766688;18.88207226;32.61758691;13.599182;;;;;;;;;;86.96023443;85.46178555;88.5110817;66.084846;90.40728519;0.0;
41;4160;Huila;Nátaga;41483;2016;6318;3.636435581;0.126622349;59.33839823;49;1475.0;156;1;0;0;0;0;66.55518395;40.27459954;101.4343708;722802.8333;74.83380817;4728.0;50.10526316;47.35526316;248.9473684;61.38251175;25.74024354;10.00724082;25.63502739;0.971549727;41.93416465;16.30308134;41.76275401;75.04642487;268.6888123;75.04642487;17.41278172;34.20808892;15.46773696;17.79798636;33.61481;14.58265671;;;;;;;;;;82.82150858;81.10809652;84.4449756;64.0786547;82.96073571;0.0;
41;4160;Huila;Nátaga;41483;2021;6797;5.037761758;0.23539797;59.33500074;54;1475.0;156;1;0;0;0;0;66.86485618;40.09320264;98.70227103;915361.5417;76.73973812;5216.0;45.13513565;42.00901031;210.3333282;89.3819228;45.65841368;8.111988667;35.61152045;1.315020197;51.08238025;9.075647975;39.84197177;75.04642487;268.6888123;75.04642487;16.89655172;34.77011494;16.63793103;17.18420259;33.94633705;16.06873681;;;;;;;;;;82.3042085;80.49794028;84.2033446;82.1785932;82.50562449;0.0;
41;4182;Huila;Oporapa;41503;2011;10557;1.293770326;;78.49767926;48;1069.0;150;1;0;0;0;0;83.42262843;38.21830024;113.0878661;1003457.792;95.98370749;10133.0;40.6;43.8;205.3333333;63.20082601;20.33716944;10.73761522;32.12604135;0.598662745;32.17864501;16.98967544;50.83167955;78.35671997;329.0899048;134.175354;19.14348463;32.37554905;10.66983895;18.75122717;32.51521696;9.719222462;;;;;;;;;;91.85712246;90.60737396;92.8971485;69.8062032;93.83278545;0.0;
41;4182;Huila;Oporapa;41503;2016;11310;2.240642499;;79.30150309;53;1069.0;150;1;0;0;0;0;83.47785548;38.52680653;101.4686048;1071126.75;88.03713528;9957.0;49.53374233;51.86503067;250.5214724;97.27204146;34.12883021;15.87920853;47.26400272;0.860053417;35.08596067;16.32453508;48.58950426;78.35671997;329.0899048;134.175354;18.58852089;34.43731576;12.03398647;19.03301461;34.33158939;10.98683024;;;;;;;;;;87.17646665;85.63873073;88.8272329;67.4480675;;1.0;HH
41;4182;Huila;Oporapa;41503;2021;12238;3.119382252;0.114397777;80.32358228;58;1069.0;150;1;0;0;0;0;84.53113152;38.32673351;97.75496235;981272.1667;86.59094623;10597.0;47.94117737;48.10293961;229.2794189;123.268688;50.29859237;11.20998733;61.76010832;1.00726171;40.80402994;9.093945522;50.10202454;78.35671997;329.0899048;134.175354;18.2272361;35.1813054;12.98952458;18.66401459;34.69252445;12.19956904;;;;;;;;;;86.24225509;84.46407869;87.9806745;86.1106294;85.20417531;1.0;HH
41;4160;Huila;Paicol;41518;2011;6066;2.69397736;;58.91856248;201;866.0;340;1;0;0;0;0;66.77905945;40.94055013;91.74979779;690977.875;69.09000989;4191.0;47.38636364;54.04545455;237.3409091;139.4003098;110.7340446;11.34136794;17.32489729;2.298059838;79.43601038;8.135826929;12.42816269;80.02467346;274.913269;80.02467346;16.86514322;35.53266817;15.80302543;17.70868537;37.5464684;14.46434606;;;;;;;;;;85.85995023;84.26139983;87.5598932;65.2486924;85.77796563;0.0;
41;4160;Huila;Paicol;41518;2016;6427;3.587728852;0.435662051;58.16088377;206;866.0;340;1;0;0;0;0;64.47780894;41.42880713;86.28230616;690333.75;65.11591722;4185.0;51.25581395;50.6627907;254.8604651;117.9238168;78.48506372;12.87291732;26.5658358;1.834818996;66.55573558;10.91629975;22.52796467;80.02467346;274.913269;80.02467346;18.04878049;35.24390244;16.00609756;17.85827772;38.25865904;15.5386082;;;;;;;;;;77.99188987;76.07049451;79.8144589;60.3419989;76.82466787;0.0;
41;4160;Huila;Paicol;41518;2021;6911;4.672502773;1.808710751;58.34177398;211;866.0;340;1;0;0;0;0;65.18796992;41.17293233;83.7310693;905965.75;60.16495442;4158.0;50.65765762;50.21621704;242.5765839;182.3474146;132.002934;9.264861478;41.07961917;2.638509834;72.39089967;5.080884474;22.52821586;80.02467346;274.913269;80.02467346;17.56180733;35.52145496;17.5902245;17.36438679;38.3254717;17.2759434;;;;;;;;;;76.61366962;74.52730327;78.8247965;76.4967394;79.34871487;0.0;
41;4158;Huila;Palermo;41524;2011;24135;4.952006077;;52.52123472;237;549.0;917;1;0;0;0;0;62.75871046;40.8686597;81.09934377;533900.0;62.80919826;15159.0;43.66555184;46.19732441;214.8662207;570.7057239;390.7564748;62.6126502;117.3365988;2.364639419;68.46899523;10.97109203;20.55991274;24.5538311;218.4036407;24.5538311;16.80904727;38.86583679;15.69441054;17.00439041;39.74164134;15.46774738;561.0;68150.0;206.0;25097.0;243.0;29185.0;84.77366255;85.99280452;0.048873742;85.85717263;82.82153703;88.546475;65.2465816;84.39770306;0.0;
41;4158;Huila;Palermo;41524;2016;25645;5.589133684;0.29245467;52.27919672;242;549.0;917;1;0;0;0;0;61.28521556;41.11390761;77.73149825;691400.0;56.04601287;14373.0;51.30797101;51.96376812;258.3949275;462.2264647;205.8938259;86.48920033;169.8434385;1.80240384;44.54392848;18.7114341;36.74463743;24.5538311;218.4036407;24.5538311;16.8700591;38.20707652;17.43034769;16.82783767;39.64013951;17.04977806;445.0;881730.0;145.0;26962.0;199.0;36794.0;72.86432;73.27825;0.112881651;73.37440098;69.63593761;77.3081704;56.7694671;74.44096872;0.0;
41;4158;Huila;Palermo;41524;2021;27581;8.202808697;1.294369312;52.87698053;247;549.0;917;1;0;0;0;0;62.07126949;40.80178174;75.85032114;906304.8333;52.62318263;14514.0;52.63829803;51.62127686;250.5319214;649.4211754;263.9836209;138.8922687;246.5452859;2.354596191;40.64906271;21.38708653;37.96385076;24.5538311;218.4036407;24.5538311;16.37426901;38.58935958;18.77050349;16.210635;39.59731544;18.75507043;373.0;1149959.0;138.0;362595.0;178.0;443037.0;77.52809;81.84305;0.110294099;81.17419709;76.79016277;84.9236639;81.0503065;78.59307951;0.0;
41;4182;Huila;Palestina;41530;2011;10004;1.93755831;;84.3462615;27;1740.0;220;1;0;0;0;0;88.70644774;36.81417701;88.46708313;840673.6667;101.0995602;10114.0;42.31818182;39.18939394;202.5378788;80.34622762;39.09810956;13.10418914;28.14392892;0.80314102;48.66203519;16.30965078;35.02831403;100.2010498;370.9357605;176.2797394;18.68927415;37.41665079;12.24995237;19.53732913;37.43427971;10.38906414;;;;;;;;;;93.42321611;92.2003847;94.5674519;70.9963456;86.74691831;1.0;HH
41;4182;Huila;Palestina;41530;2016;10803;2.64124163;0.064796816;83.98592983;32;1740.0;220;1;0;0;0;0;88.24065634;37.11941659;87.11058615;921741.75;95.3901694;10305.0;49.51851852;47.31111111;243.7407407;146.8353059;54.51906625;23.87931416;68.43692545;1.359208607;37.12939877;16.26265156;46.60794967;100.2010498;370.9357605;176.2797394;16.96269982;37.3357016;14.20959147;18.15194278;38.93292094;12.75855403;;;;;;;;;;89.56976818;88.06869234;90.9483458;69.2997549;81.95354546;1.0;HH
41;4182;Huila;Palestina;41530;2021;11765;3.050715399;0.025499363;84.72588185;37;1740.0;220;1;0;0;0;0;88.90073831;36.99753897;83.58348968;1012777.667;92.30769231;10860.0;49.40196228;48.2843132;232.6862793;149.1169352;79.66586165;13.48392662;55.96714691;1.267462262;53.42509324;9.042518611;37.53238815;100.2010498;370.9357605;176.2797394;16.55455291;38.14602133;15.20918786;17.46031746;39.45326279;14.12698413;;;;;;;;;;88.55399899;86.81843674;90.0543674;88.4188451;78.72653693;1.0;HH
41;4121;Huila;Pital;41548;2011;12986;2.435314955;;64.13060219;231;918.0;210;1;0;0;0;0;70.3052729;40.4591708;97.29799279;634447.875;83.85954104;10890.0;43.98375887;42.70375887;213.3049645;109.1364532;40.28288099;20.10378698;48.74978521;0.840416242;36.91056454;18.42078095;44.66865451;92.44084167;298.9966736;104.2122574;18.17222138;35.13798824;13.25591917;18.15892998;35.79858379;12.57277734;;;;;;;;;;88.13759873;86.65674351;89.5603437;66.9795761;91.06874504;0.0;
41;4121;Huila;Pital;41548;2016;13511;3.294229393;0.04440826;64.64362371;236;918.0;210;1;0;0;0;0;71.07795958;40.5919153;97.75211128;701878.7083;77.65524388;10492.0;53.52531646;50.83544304;258.8417722;148.0678375;62.13427692;24.35846671;61.57509386;1.095905836;41.96338514;16.450883;41.58573186;92.44084167;298.9966736;104.2122574;17.09027169;34.88168273;14.63628396;17.38934734;35.45386347;14.65866467;;;;;;;;;;82.53817922;80.66306314;84.3816426;63.859444;84.8636546;0.0;
41;4121;Huila;Pital;41548;2021;14449;4.181950308;0.041525365;64.60654717;241;918.0;210;1;0;0;0;0;71.22387178;40.55690967;95.35903948;908526.0;74.59339747;10778.0;49.54386139;46.56140518;229.0584869;201.3993224;98.84397547;18.5942195;83.96112742;1.393863398;49.07860379;9.232513437;41.68888277;92.44084167;298.9966736;104.2122574;16.63920923;35.33772652;15.84294344;16.77599442;35.39427774;16.30146546;;;;;;;;;;81.24362796;79.43995745;83.0491774;81.1196314;83.23345809;0.0;
41;4182;Huila;Pitalito;41551;2011;109564;8.812505324;;40.62465773;193;1271.0;653;1;0;0;0;0;48.47290742;44.71955899;83.77064273;533883.3333;80.14037458;87805.0;45.97181118;46.07210662;220.7822736;894.4887721;151.7127919;187.4197138;555.3562665;0.816407554;16.96083804;20.95271842;62.08644354;88.80237579;355.0116882;160.1660614;19.02622138;37.18332779;12.22308517;18.83718415;39.13960278;12.29138882;1157.0;135742.0;508.0;58913.0;577.0;65527.0;88.04159445;89.90645078;0.015275856;89.78399184;87.89908327;91.342178;68.2307415;83.84396222;1.0;HH
41;4182;Huila;Pitalito;41551;2016;120010;10.16109769;1.074910424;40.91825681;198;1271.0;653;1;0;0;0;0;49.02773701;44.29208248;77.25021437;685696.25;79.99666694;96004.0;54.37030303;53.6369697;269.930303;1519.681672;259.8966266;252.6304076;1007.154638;1.266295869;17.10204389;16.62390304;66.27405307;88.80237579;355.0116882;160.1660614;18.99981503;38.38638618;13.43725302;18.53124329;39.73835913;14.41006921;1183.0;1853200.0;434.0;47107.0;562.0;60379.0;77.2242;78.01884;0.034902699;78.08570593;75.64287714;80.1525083;60.414584;75.3850371;3.0;LH
41;4182;Huila;Pitalito;41551;2021;131018;10.94436133;1.662367003;41.54009373;203;1271.0;653;1;0;0;0;0;49.95531725;43.86853341;75.66794673;905965.75;80.3225511;105237.0;54.39483261;53.3046875;259.7163391;2054.437023;428.3064407;192.6138927;1433.516689;1.568057078;20.84787394;9.375507285;69.77661878;88.80237579;355.0116882;160.1660614;18.60336483;38.83383268;14.46723515;18.04255835;39.66299122;15.7978554;1098.0;2020751.0;441.0;688219.0;566.0;870560.0;77.91519;79.05475;0.042630528;79.05173905;76.70012997;81.3584235;78.9310878;77.67216142;1.0;HH
41;4158;Huila;Rivera;41615;2011;21629;3.030268004;;51.43557261;123;700.0;404;1;0;0;0;0;60.39398902;40.99316058;75.4305152;575128.25;60.19233437;13019.0;43.36330935;43.31294964;210.2302158;174.7574906;68.79358066;30.71138055;75.25252942;0.807977672;39.3651685;17.5737134;43.0611181;26.49058151;212.3157349;26.49058151;18.64054884;39.17674671;15.76999458;17.82769406;39.77822007;15.68571699;;;;;;;;;;81.93417085;79.91538778;83.6582216;62.2653228;85.32732303;0.0;
41;4158;Huila;Rivera;41615;2016;23537;5.357876252;0.127458895;51.48064749;128;700.0;404;1;0;0;0;0;60.31016657;39.61472187;69.65429749;685741.6667;55.00701024;12947.0;51.52192982;52.21491228;257.0964912;287.6919614;97.82931464;47.7347027;142.1279441;1.222296645;34.00488292;16.59229631;49.40282077;26.49058151;212.3157349;26.49058151;18.37044131;41.5609289;15.94445774;16.95438852;39.91459204;17.99927312;;;;;;;;;;77.78011361;76.08101572;79.5279078;60.1781485;76.37743068;0.0;
41;4158;Huila;Rivera;41615;2021;25563;8.601950736;0.371630873;52.48601494;133;700.0;404;1;0;0;0;0;61.34291796;39.21529256;68.83935345;905982.1667;52.19262215;13342.0;52.27852249;51.60738373;249.1040344;422.5949599;141.6811233;64.61811441;216.2957222;1.653150882;33.52645837;15.29079155;51.18275008;26.49058151;212.3157349;26.49058151;17.68448768;42.04636876;17.02625613;16.40033642;39.70563499;19.6215307;;;;;;;;;;72.94773443;70.64518411;74.9937062;72.8363993;70.89585794;0.0;
41;4182;Huila;Saladoblanco;41660;2011;9720;1.565500686;;82.96296296;63;1415.0;290;1;0;0;0;0;86.9197861;38.13903743;101.3927577;979395.1667;103.4259259;10053.0;41.86394558;42.10204082;203.2721088;67.38451966;22.33509099;13.17867957;31.8707491;0.693256375;33.14573006;19.55742897;47.29684097;65.02230835;338.7030945;144.2181549;18.41155235;33.93501805;12.65543522;19.18039713;34.93874102;10.70975919;503.0;53358.0;240.0;25023.0;249.0;26294.0;96.38554217;95.16619761;0.031119891;95.04957044;92.98964585;96.5354614;72.2322826;95.43207487;1.0;HH
41;4182;Huila;Saladoblanco;41660;2016;10269;2.928717499;0.02921414;82.22806505;68;1415.0;290;1;0;0;0;0;86.27646824;38.20415501;99.88543372;1006487.5;105.229331;10806.0;51.27433628;49.84070796;253.8495575;116.0069825;46.10868119;19.13167858;50.76662273;1.129681395;39.7464706;16.49183365;43.76169575;65.02230835;338.7030945;144.2181549;17.84632854;34.19757759;13.05828917;18.71614845;36.30892678;12.11634905;443.0;673820.0;197.0;24373.0;222.0;28012.0;88.73874;87.00914;0.111543958;87.35004255;84.087758;90.3006173;67.5823625;86.81052958;1.0;HH
41;4182;Huila;Saladoblanco;41660;2021;10989;3.338186672;0.054600055;82.50978251;73;1415.0;290;1;0;0;0;0;86.62443771;38.03359956;97.62737643;1088350.375;106.024206;11651.0;48.94405746;48.17482376;232.9650421;145.4744705;64.13278629;13.50845884;67.83322534;1.323819005;44.08525158;9.285793446;46.62895498;65.02230835;338.7030945;144.2181549;17.39053359;34.63924836;14.25279206;18.15632012;36.44353029;13.61256545;457.0;618884.0;197.0;162822.0;220.0;185708.0;89.54546;87.67635;0.084481033;87.88423537;84.73500634;90.6758967;87.7501037;87.64075542;1.0;HH
41;4182;Huila;San Agustín;41668;2011;30441;1.914632677;;66.05893367;85;1627.0;1574;1;0;0;0;0;73.21734457;40.20421187;83.82414152;822237.0833;94.48769751;28763.0;43.0;42.45454545;211.7019027;183.7073645;46.03048533;36.50608302;101.1707962;0.603486628;25.0564181;19.87186693;55.07171497;61.43252945;362.744873;159.5377808;19.04235967;36.94126819;14.19568607;18.46634328;37.81646621;14.69865107;589.0;65979.0;240.0;26126.0;246.0;27141.0;97.56097561;96.26027044;0.031021421;96.08103101;94.455188;97.4668544;73.0161341;94.76429123;1.0;HH
41;4182;Huila;San Agustín;41668;2016;32333;2.690491655;0.052577862;66.00686605;90;1627.0;1574;1;0;0;0;0;73.04988697;39.81667854;78.86491422;869833.875;87.93492716;28432.0;51.19896641;49.36175711;250.7726098;288.2923344;83.13657736;47.67387979;157.4818772;0.891634969;28.83759554;16.53664496;54.6257595;61.43252945;362.744873;159.5377808;17.84759358;38.51482742;15.63563442;17.55999244;39.53517667;16.43887384;607.0;797410.0;257.0;32043.0;278.0;34452.0;92.44604;93.00766;0.035378622;92.70777584;90.50077035;94.4870701;71.7276183;90.74036104;1.0;HH
41;4182;Huila;San Agustín;41668;2021;34700;3.454370797;0.121037464;66.70317003;95;1627.0;1574;1;0;0;0;0;73.86958861;39.50564852;76.78364657;933309.0;85.8962536;29806.0;51.37882996;49.93593216;245.1894226;367.9290741;120.8542651;34.34015529;212.7346536;1.060314334;32.84716367;9.333362789;57.81947354;61.43252945;362.744873;159.5377808;17.22750963;39.16270111;16.90460005;16.92280619;39.57062412;18.20741436;487.0;858701.0;232.0;356594.0;255.0;404973.0;90.98039;88.05377;0.113821938;87.93418058;85.06169914;90.2912003;87.7999727;87.33153146;1.0;HH
41;4158;Huila;Santa María;41676;2011;9977;1.898533293;;75.70411947;46;1700.0;378;1;0;0;0;0;80.88464334;37.55580937;89.17259211;967708.6667;91.96151148;9175.0;45.46666667;44.81481481;215.7185185;89.56306963;34.17119463;20.43811069;34.95376431;0.897695396;38.15321959;22.81979702;39.02698339;36.4832077;224.2242279;36.4832077;18.39756977;37.17486235;13.48015948;19.02335456;36.53927813;11.57112527;;;;;;;;;;89.4753929;88.04773445;90.8048351;67.9962238;86.93643327;0.0;
41;4158;Huila;Santa María;41676;2016;10283;2.481441862;0.009724788;75.73665273;51;1700.0;378;1;0;0;0;0;80.98344205;37.52132464;89.64263125;1206403.833;90.43080813;9299.0;50.72307692;48.23846154;248.1461538;129.1370911;57.94685477;21.70630715;49.48392917;1.255830897;44.87235563;16.80873169;38.31891268;36.4832077;224.2242279;36.4832077;16.89378383;37.01698712;15.84842262;17.35688185;36.41900122;13.72310191;;;;;;;;;;89.18349192;87.67473616;90.5565664;69.0008946;78.81138974;0.0;
41;4158;Huila;Santa María;41676;2021;10895;3.362398654;0.431390546;76.13584213;56;1700.0;378;1;0;0;0;0;81.45356412;37.42788014;87.10920136;1011005.667;89.83937586;9788.0;51.0;49.23529434;239.6638641;159.3004622;78.91753135;15.37015451;65.01277635;1.462142838;49.54005171;9.648531018;40.81141727;36.4832077;224.2242279;36.4832077;16.51327434;37.39823009;17.02654867;16.7778837;36.5300286;15.25262154;;;;;;;;;;87.85226364;86.28537305;89.5509771;87.7181807;77.4074095;0.0;
41;4121;Huila;Suaza;41770;2011;18895;2.076387051;;78.50224927;169;1000.0;383;1;0;0;0;0;83.1409279;38.05271183;93.28293361;721986.1667;76.3747023;14431.0;42.73103448;43.39310345;209.3448276;113.322278;40.72713662;20.41037563;52.18476577;0.599747436;35.93921454;18.01091188;46.04987358;108.2200089;331.3782959;138.2267303;18.09029896;36.71954444;13.11775473;19.23628739;35.87904205;12.19512195;;;;;;;;;;87.71870868;86.16961914;89.0807287;66.6612435;92.76766425;0.0;
41;4121;Huila;Suaza;41770;2016;20950;2.960620525;0.019093079;79.16945107;174;1000.0;383;1;0;0;0;0;83.85297968;38.04005237;91.48107771;748525.5833;78.1097852;16364.0;48.70220588;45.64705882;238.6360294;218.9570319;86.88288168;35.866418;96.20773224;1.045140964;39.68033404;16.38057371;43.93909225;108.2200089;331.3782959;138.2267303;17.35399945;36.32253898;14.54008672;18.1584413;37.17733162;13.22322223;;;;;;;;;;84.26468517;82.61288197;85.8479529;65.1952344;87.23440091;0.0;
41;4121;Huila;Suaza;41770;2021;23043;3.279737881;0.082454542;80.13713492;179;1000.0;383;1;0;0;0;0;84.798274;37.74757282;87.94261721;924335.125;84.05155579;19368.0;49.41295624;47.89473724;231.036438;305.2370785;145.3256943;27.87200186;132.0393824;1.324641229;47.61076046;9.131263474;43.25797607;108.2200089;331.3782959;138.2267303;16.93304172;37.12146703;15.60397039;17.51680861;37.62438368;14.54952936;;;;;;;;;;85.89687972;84.17076881;87.7153859;85.7657812;85.46609783;0.0;
41;4121;Huila;Tarqui;41791;2011;16206;2.367950142;;69.01764778;254;840.0;347;1;0;0;0;0;75.44805195;39.53896104;92.52600747;751092.5417;87.28248797;14145.0;42.19747899;42.97058824;208.0042017;98.26638083;33.21545412;16.92241997;48.12850674;0.606358021;33.80144241;17.22096594;48.97759165;92.82519531;312.8110657;118.2194443;18.76659426;36.16944243;12.57542843;18.3459596;36.66666667;12.53787879;;;;;;;;;;89.48114335;88.04717181;90.8174945;68.0005938;91.99435651;0.0;
41;4121;Huila;Tarqui;41791;2016;17015;2.850915859;0.058771672;68.62768146;259;840.0;347;1;0;0;0;0;75.16988394;39.509291;85.93544755;871619.5833;81.19894211;13816.0;50.40444444;49.48888889;249.4222222;154.4233246;56.66238965;25.14143306;72.61950187;0.907571699;36.69289585;16.28085209;47.02625207;92.82519531;312.8110657;118.2194443;18.96829044;36.27068015;14.51056985;18.38527253;37.15557695;14.4386957;;;;;;;;;;85.32596814;83.6621203;86.9699049;66.0163446;87.05271119;0.0;
41;4121;Huila;Tarqui;41791;2021;18327;3.732653098;0.174605773;68.79467452;264;840.0;347;1;0;0;0;0;75.48362277;39.44273467;83.55109457;908648.8333;77.57952747;14218.0;49.75;47.98913193;233.3731842;209.0136246;93.12079933;18.92098844;96.97183686;1.140468296;44.55250202;9.052514387;46.3949836;92.82519531;312.8110657;118.2194443;18.49153632;36.77951575;15.71673452;17.75825642;37.28455465;15.97909485;;;;;;;;;;83.04146544;81.13207044;84.9166423;82.9147249;83.99297155;0.0;
41;4160;Huila;Tesalia;41797;2011;9935;5.822848515;;49.51182687;124;833.0;369;1;0;0;0;0;57.81182095;42.11212516;87.68504962;540495.3333;75.89330649;7540.0;43.12068966;44.89655172;211.1206897;168.8166326;121.7260849;12.82311309;34.2674346;1.699211199;72.10550467;7.595882523;20.29861281;71.42284393;266.2893372;71.42284393;16.84481394;35.6888361;17.59699129;17.30493549;38.76715134;15.58468155;;;;;;;;;;86.09906408;84.53279342;87.6098124;65.4304054;86.12479828;0.0;
41;4160;Huila;Tesalia;41797;2016;10457;7.740429059;0.296452137;50.30123362;129;833.0;369;1;0;0;0;0;58.41553637;42.10850801;85.34047437;864506.5833;66.99818304;7006.0;52.99130435;50.91304348;258.6956522;127.4005853;62.25231166;15.71306799;49.4352057;1.218328252;48.86344242;12.33359168;38.80296591;71.42284393;266.2893372;71.42284393;17.36267871;35.32731377;17.92701279;16.88387473;38.55281074;16.96168061;;;;;;;;;;77.62669683;75.74590189;79.5268331;60.0594506;77.66875528;0.0;
41;4160;Huila;Tesalia;41797;2021;11194;5.400214401;2.117205646;50.74146864;134;833.0;369;1;0;0;0;0;59.13166588;41.76498348;83.18168894;908526.0;63.82883688;7145.0;48.5169487;48.15254211;231.3474579;182.3693157;100.4500844;11.61552105;70.30371018;1.629170231;55.08058418;6.369229938;38.55018588;71.42284393;266.2893372;71.42284393;16.85964912;35.77192982;19.36842105;16.19949035;38.56934838;18.74772479;;;;;;;;;;77.29362846;75.00973237;79.4669644;77.1756605;78.7119539;0.0;
41;4158;Huila;Tello;41799;2011;11627;2.309996846;;57.69330008;175;573.0;589;1;0;0;0;0;66.59169712;39.80882766;96.36467726;879133.3333;87.57203062;10182.0;41.65486726;42.3539823;202.0176991;128.9737312;62.83102763;23.15961734;42.98308621;1.109260611;48.71614324;17.95684837;33.32700839;17.60012817;182.5150909;17.60012817;17.82437746;33.73197903;16.02228047;17.92504074;36.0492486;14.30382039;;;;;;;;;;88.65110483;87.02639115;90.058584;67.3698116;88.99049332;0.0;
41;4158;Huila;Tello;41799;2016;11780;2.64926429;0.237691002;56.74023769;180;573.0;589;1;0;0;0;0;64.81265163;39.97663761;87.82692044;1229488.417;76.2139219;8978.0;49.77310924;48.68907563;246.3361345;169.2826266;79.37712383;29.07130089;60.83420183;1.437034181;46.89029551;17.17323359;35.9364709;17.60012817;182.5150909;17.60012817;17.29468599;34.95974235;18.26086957;17.21723519;37.50448833;17.12746858;;;;;;;;;;83.58400431;81.87411733;85.2291733;64.6685945;83.12191333;0.0;
41;4158;Huila;Tello;41799;2021;12297;3.526605405;0.15450923;55.71277547;185;573.0;589;1;0;0;0;0;64.06941136;39.86049677;86.05228758;1169531.833;72.79824347;8952.0;47.453125;44.203125;220.734375;217.1954135;119.4079068;22.7569566;75.0305501;1.766247162;54.97717695;10.47764141;34.54518164;17.60012817;182.5150909;17.60012817;16.87991367;35.23971019;19.6855249;16.71256454;37.24612737;18.98450947;;;;;;;;;;81.87145885;79.93427144;83.695824;81.7465041;83.66474263;0.0;
41;4158;Huila;Teruel;41801;2011;7785;1.906444016;;48.11817598;74;853.0;589;1;0;0;0;0;56.17484793;41.63247984;85.30854107;952314.875;77.72639692;6051.0;43.3253012;43.22891566;211.7951807;61.94154366;24.10213084;11.93213033;25.90728249;0.795652455;38.91109168;19.26353402;41.82537431;55.41978836;243.7263641;55.41978836;17.90490342;36.80039624;15.27984151;18.09447558;38.7510008;14.41152922;;;;;;;;;;86.3352335;84.79869161;87.9346451;65.6098808;90.24762952;0.0;
41;4158;Huila;Teruel;41801;2016;7958;2.712155483;;47.52450364;79;853.0;589;1;0;0;0;0;55.24456145;41.69322433;86.99696663;887226.4167;77.23045991;6146.0;50.796875;49.53125;253.984375;87.89198806;35.18923001;14.51282638;38.18993166;1.104448204;40.03690301;16.51211527;43.45098172;55.41978836;243.7263641;55.41978836;17.35757576;35.44242424;17.62424242;17.34933472;36.91625359;17.2188886;;;;;;;;;;83.66028677;81.98801316;85.3786328;64.7276139;;0.0;
41;4158;Huila;Teruel;41801;2021;8388;3.990820219;0.083452551;47.13876967;84;853.0;589;1;0;0;0;0;55.24747344;41.48743198;84.98280474;908526.0;75.27420124;6314.0;53.453125;50.640625;248.953125;115.8751595;52.86186642;10.78915341;52.22413966;1.38143967;45.61967091;9.311014936;45.06931416;55.41978836;243.7263641;55.41978836;16.72802577;35.71099862;19.35112747;16.60069273;37.0113805;18.92627412;;;;;;;;;;81.79736222;80.10503892;83.5321846;81.6725205;83.63336777;0.0;
41;4182;Huila;Timaná;41807;2011;20474;1.79414542;;63.47562763;473;1011.0;194;1;0;0;0;0;71.02733554;40.20226294;85.54160493;834468.2917;82.56325095;16904.0;43.9352518;43.50359712;210.0395683;132.2540807;40.00113192;25.76367149;66.48927731;0.645961125;30.24566932;19.48043596;50.27389472;96.26776886;331.7354431;137.4199371;17.42925659;37.05515588;15.60671463;17.69330282;37.95402528;15.79261618;;;;;;;;;;88.82070945;87.38608867;90.2717784;67.4987015;91.9140903;0.0;
41;4182;Huila;Timaná;41807;2016;21307;2.826144772;0.056319519;63.76308256;478;1011.0;194;1;0;0;0;0;71.48637839;39.87201807;81.55871044;770960.0;75.65588774;16120.0;50.4267101;47.99674267;246.9087948;193.5069568;63.29946445;31.95575447;98.25173786;0.908184901;32.71172546;16.51400808;50.77426647;96.26776886;331.7354431;137.4199371;17.68393878;36.87073576;17.29669924;17.61781856;37.75929643;17.83768282;;;;;;;;;;83.791979;82.16725;85.4946795;64.8295036;87.36119547;0.0;
41;4182;Huila;Timaná;41807;2021;22829;3.552864047;0.105129441;64.85610408;483;1011.0;194;1;0;0;0;0;72.55426574;39.33888577;79.70059058;910098.8333;72.81089842;16622.0;50.07266617;48.89619446;237.1557159;258.199298;96.85279511;24.07123804;137.2752648;1.13101449;37.51086694;9.322735665;53.16639739;96.26776886;331.7354431;137.4199371;17.10571331;37.37598358;18.64522751;16.98841699;37.71213074;19.69111969;;;;;;;;;;81.87868299;80.11769822;83.7962014;81.7537172;84.11627969;0.0;
41;4158;Huila;Villavieja;41872;2011;7143;2.136123944;;65.26669467;216;375.0;578;1;0;0;0;0;72.82814614;39.03924222;72.14119636;879944.0833;78.20243595;5586.0;42.12371134;39.78350515;203.2474227;89.94941064;53.23039416;10.90261749;25.81639899;1.259266564;59.17814667;12.1208326;28.70102073;38.2317276;157.4770203;38.2317276;17.50814332;39.60369164;17.48099891;17.37496386;40.79213646;17.46169413;256.0;32343.0;108.0;14033.0;115.0;14886.0;93.91304348;94.26978369;0.050223386;93.76630255;90.72520261;96.2543719;71.2570718;91.54678948;0.0;
41;4158;Huila;Villavieja;41872;2016;7244;3.823854224;0.220872446;66.74489232;221;375.0;578;1;0;0;0;0;74.07606505;38.69103615;75.71823792;860941.375;68.70513528;4977.0;48.61666667;47.25;238.7833333;104.4972309;55.65427704;14.52168726;34.32126657;1.442534937;53.25909268;13.89671969;32.84418763;38.2317276;157.4770203;38.2317276;14.78797638;39.29146538;20.12882448;15.17907902;40.61967027;19.72711768;176.0;317080.0;59.0;11512.0;71.0;13639.0;83.09859;84.40501;0.180043268;83.91777873;79.0838923;88.7345781;64.9268343;83.42672697;0.0;
41;4158;Huila;Villavieja;41872;2021;7598;4.752347109;0.631745196;67.34667018;226;375.0;578;1;0;0;0;0;74.74200856;38.34633778;74.45255474;959433.5833;68.43906291;5200.0;48.48387146;47.0;228.6612854;114.9013405;54.27042224;9.116222555;51.51469572;1.512257706;47.23219242;7.933956657;44.83385093;38.2317276;157.4770203;38.2317276;14.30030644;39.30030644;21.96118488;14.3943509;40.33134166;21.99891363;214.0;423025.0;94.0;166353.0;105.0;187254.0;89.52381;88.83816;0.114445039;88.05591388;83.53567478;91.6776638;87.9215202;87.0774149;0.0;
41;4158;Huila;Yaguará;41885;2011;7256;7.065417126;;16.81367144;388;681.0;349;1;0;0;0;0;21.72995781;46.57578708;71.30128471;533883.3333;65.36659316;4743.0;42.32907514;43.01618497;209.2138728;358.0399315;191.1419475;32.85227649;134.0457075;4.934398174;53.38565079;9.175590095;37.43875911;47.05688095;241.5858154;47.05688095;18.25353645;40.66920566;15.36996736;17.79329609;40.55865922;15.89385475;;;;;;;;;;81.68656049;79.95554467;83.481423;62.0771529;76.72826388;0.0;
41;4158;Huila;Yaguará;41885;2016;7572;8.2221782;1.122556788;16.79873217;393;681.0;349;1;0;0;0;0;21.39657037;46.79437664;69.66336634;685696.25;60.07659799;4549.0;50.06363636;51.2;253.2272727;351.1452566;77.72560413;49.59801501;223.8216375;4.637417547;22.13488653;14.12464331;63.74047015;47.05688095;241.5858154;47.05688095;16.94160775;39.72244043;18.77454831;15.69411138;40.42099654;19.47775113;;;;;;;;;;72.1506287;69.9475766;74.2642332;55.8226396;70.84623793;0.0;
41;4158;Huila;Yaguará;41885;2021;8022;10.4826311;1.819995014;16.76639242;398;681.0;349;1;0;0;0;0;21.48330201;46.53751626;69.21781437;905965.75;55.99601097;4492.0;49.98666763;50.21333313;241.1600037;530.2823418;128.916973;40.31720529;361.0481636;6.610350808;24.3110062;7.602969608;68.08602419;47.05688095;241.5858154;47.05688095;16.37124569;39.80797637;20.13786312;15.17676768;39.8989899;21.28787879;;;;;;;;;;70.288068;67.96958058;72.6588758;70.1807921;71.87341629;0.0;
44;4458;La Guajira;Riohacha;44001;2011;154539;17.15057903;;32.28699552;57;3.0;3171;0;1;0;0;0;39.30698651;47.1783517;101.9210152;557561.625;102.4518083;158328.0;42.98638624;42.73028042;208.2756614;1160.143124;116.7573045;113.1862492;930.19957;0.750712198;10.06404315;9.75623153;80.17972532;101.3613358;773.7941284;203.7619476;19.15339536;34.16988159;8.771742468;18.85392073;35.58547245;9.81061938;30060.0;239508.0;9349.0;74343.0;12564.0;94528.0;74.4110156;78.64653859;0.004808683;78.65472661;78.20247858;79.0980836;59.7731312;76.19090088;0.0;
44;4458;La Guajira;Riohacha;44001;2016;174676;19.41260772;1.464998054;32.80645309;62;3.0;3171;0;1;0;0;0;39.43539476;46.64409196;97.92174178;719261.8333;103.9616204;181596.0;49.64588291;46.64064731;240.7586863;1830.47724;113.3355494;260.6981431;1456.443547;1.047927156;6.19158474;14.24208602;79.56632924;101.3613358;773.7941284;203.7619476;19.44844041;34.65492439;9.114300083;18.78819822;36.23294046;10.46505108;29342.0;3502804.0;8406.0;78415.0;12346.0;111052.0;68.08683;70.61107;0.007556914;70.62924328;70.138028;71.1498962;54.64555;71.41444316;0.0;
44;4458;La Guajira;Riohacha;44001;2021;212481;19.87071785;1.94182068;26.79298384;67;3.0;3171;0;1;0;0;0;32.63179926;47.76226134;87.84135338;905978.0833;94.59104579;200988.0;49.88191605;46.80463028;231.9007416;2509.392078;83.27952478;298.6910228;2127.421531;1.180995985;3.318713146;11.90292364;84.77836322;101.3613358;773.7941284;203.7619476;19.15191954;36.80205009;9.836572865;18.74375407;38.23197734;11.36140679;25290.0;4024933.0;6286.0;727212.0;9076.0;992175.0;69.25958;73.29473;0.005993802;73.30553282;72.74497989;73.8764825;73.1936516;72.92120737;0.0;
44;4458;La Guajira;Albania;44035;2011;23388;31.77662334;;49.87172909;11;100.0;545;0;1;0;0;0;53.92213829;43.19898579;105.401662;1736968.583;62.48503506;14614.0;44.31592453;44.47954717;210.0716981;2390.887155;2324.420024;6.875396864;59.59173457;10.22270889;97.2199804;0.287566766;2.492452831;146.8174438;777.2008057;254.1258392;20.27948481;34.70830878;6.793501136;19.08071944;35.58084977;6.490572595;;;;;;;;;;75.00479879;73.06253686;76.958774;56.999393;85.61320191;0.0;
44;4458;La Guajira;Albania;44035;2016;26874;25.23659795;0.945151447;46.82220734;16;100.0;545;0;1;0;0;0;54.38235426;43.31797235;98.2900179;2364163.833;56.88025601;15286.0;49.125;46.70967742;239.3306452;2477.289267;2323.635217;18.16821961;135.4858305;9.218163529;93.7974926;0.733391125;5.469116278;146.8174438;777.2008057;254.1258392;23.28362616;32.37117968;7.965451056;20.57322929;34.57382953;7.833133253;;;;;;;;;;62.76625849;60.25292566;65.062741;48.5619916;75.59818498;0.0;
44;4458;La Guajira;Albania;44035;2021;33478;25.94539698;1.445725551;41.20317821;21;100.0;545;0;1;0;0;0;49.21894284;43.99308861;86.54591885;2949185.833;53.32457136;17852.0;45.86688232;42.80844116;213.2954559;701.0352447;507.1218448;19.26768854;174.6457114;2.094017697;72.33899417;2.748462176;24.91254365;146.8174438;777.2008057;254.1258392;22.97885016;34.97170092;8.54929997;20.51159169;37.21919367;8.470616426;;;;;;;;;;69.66620137;67.37618184;71.7518729;69.5598746;78.6991788;0.0;
44;4482;La Guajira;Barrancas;44078;2011;29519;5.259324503;;55.58792642;76;149.0;793;0;1;0;0;0;63.47853914;42.96171847;109.7109145;534016.6667;58.42000068;17245.0;40.88588589;40.58258258;199.9489489;1795.91769;1721.773409;9.405666824;64.73861401;6.083938108;95.87151008;0.523724828;3.604765094;117.9201431;751.2122803;234.395462;18.98328216;33.51757079;8.543159331;18.81727664;34.35818084;9.304359526;698.0;45128.0;231.0;14822.0;284.0;18093.0;81.33802817;81.92118499;0.053244195;82.01807501;79.3065042;84.737214;62.3290852;80.86603548;0.0;
44;4482;La Guajira;Barrancas;44078;2016;33275;5.581016779;0.117205109;55.76859504;81;149.0;793;0;1;0;0;0;64.64285714;42.20627503;94.83533304;691351.8333;55.64537941;18516.0;46.42480211;43.1292876;224.0026385;1360.877305;1237.34535;15.77764105;107.7543146;4.089789046;90.92262358;1.159372781;7.918003639;117.9201431;751.2122803;234.395462;20.55290638;34.32727712;9.965594254;20.03231985;35.88101508;11.0725401;692.0;572894.0;257.0;24183.0;318.0;30072.0;80.81761;80.417;0.050085888;80.02075314;76.97126951;83.3530269;61.9117219;77.51490332;4.0;HL
44;4482;La Guajira;Barrancas;44078;2021;40884;5.37190588;0.119851287;51.33793171;86;149.0;793;0;1;0;0;0;60.99516754;42.44065636;84.41017733;905965.75;53.05498484;21691.0;46.09352493;43.11750412;214.5947266;5900.018847;5741.886167;18.9257239;139.2069556;14.43111938;97.31979365;0.320773957;2.359432389;117.9201431;751.2122803;234.395462;20.53273049;36.44092786;10.75781404;20.06232957;37.94312427;12.04226724;755.0;680422.0;242.0;315624.0;293.0;384098.0;82.59386;82.17278;0.053277973;82.08191535;79.25797006;84.5269172;81.9566394;81.24167713;0.0;
44;4458;La Guajira;Dibulla;44090;2011;30198;1.653531139;;88.72441884;16;3.0;1744;0;1;0;0;0;91.69142653;37.90943261;113.0080828;612721.25;84.32346513;25464.0;39.49714286;40.45142857;197.1142857;110.0926936;44.61066058;9.31947268;56.16256034;0.364569487;40.52100019;8.4651146;51.01388521;50.50712967;748.329895;151.3824005;18.94423984;33.49486335;8.121729017;19.87636709;33.3197473;7.492697507;376.0;43523.0;123.0;13025.0;132.0;14178.0;93.18181818;91.86768232;0.070807728;91.74565223;88.72206096;94.1332922;69.7214921;92.13913946;0.0;
44;4458;La Guajira;Dibulla;44090;2016;34856;2.79507115;0.579527198;87.51721368;21;3.0;1744;0;1;0;0;0;90.53959568;37.94193646;107.7371542;1047413.833;80.79240303;28161.0;45.07048458;41.03524229;217.092511;234.6393284;59.12236328;26.04190667;149.4750585;0.673167685;25.19712432;11.09869639;63.7041793;50.50712967;748.329895;151.3824005;20.39532794;33.06379155;8.350179695;19.32778038;33.51126232;9.262083529;424.0;574165.0;154.0;18792.0;192.0;23829.0;80.20834;78.86189;0.104992359;79.37720129;75.76389395;83.0900954;61.4138086;79.77777051;0.0;
44;4458;La Guajira;Dibulla;44090;2021;43892;3.119399131;0.211883715;85.37546706;26;3.0;1744;0;1;0;0;0;89.14171842;37.63555473;94.33688287;1101828.708;72.75129864;31932.0;43.43055725;40.67708206;201.8125;341.5378443;95.36313496;30.97434164;215.2003677;0.778132335;27.92168907;9.069080383;63.00923054;50.50712967;748.329895;151.3824005;20.58445302;35.47514523;9.023990067;19.49768052;35.99643878;10.4025116;430.0;647822.0;149.0;284308.0;174.0;341003.0;85.63219;83.37405;0.11153277;83.61748399;80.32232999;86.8662058;83.4898644;83.85001111;0.0;
44;4482;La Guajira;Distracción;44098;2011;11925;1.08665269;;60.19287212;16;205.0;232;0;1;0;0;0;66.44237239;41.44958185;100.7361268;559849.375;59.639413;7112.0;39.75454545;38.21818182;196.7818182;43.20041073;13.68934949;4.661770753;24.84929049;0.362267595;31.68800772;10.79103341;57.52095887;92.43592072;736.3485107;208.1515808;22.46616045;32.56850446;9.788709145;18.57848986;34.24237259;10.90847111;;;;;;;;;;85.59778605;83.9480122;87.095631;65.0494625;89.33517464;0.0;
44;4482;La Guajira;Distracción;44098;2016;12413;2.00730417;0.072504632;56.23942641;21;205.0;232;0;1;0;0;0;64.78873239;40.81849588;88.81809908;877395.2083;58.56763071;7270.0;47.13333333;43.58;227.72;56.68215056;13.18698269;6.377394257;37.11777361;0.456635387;23.26478893;11.25115084;65.48406023;92.43592072;736.3485107;208.1515808;22.20459952;34.97224425;11.32434576;17.79633268;36.91879502;12.22986248;;;;;;;;;;77.96316797;76.03591982;79.7473743;60.3197769;81.58022822;0.0;
44;4482;La Guajira;Distracción;44098;2021;14637;2.641137756;0.047824008;50.73444012;26;205.0;232;0;1;0;0;0;59.93330863;41.41533901;79.92766727;1048873.875;56.91056911;8330.0;45.11764526;40.56617737;205.625;87.63519116;19.85493713;8.083706459;59.69654757;0.598723722;22.65635171;9.224269785;68.1193785;92.43592072;736.3485107;208.1515808;21.83582693;36.98611673;12.18493058;17.69188141;38.84732613;13.38320865;;;;;;;;;;81.6531828;79.83577107;83.5173043;81.5285611;85.04046433;0.0;
44;4482;La Guajira;El Molino;44110;2011;6517;2.00117641;;12.42903176;22;255.0;242;0;1;0;0;0;14.85535575;48.33854574;87.2972973;533883.3333;91.14623293;5940.0;38.82758621;37.79310345;193.0229885;29.24342167;10.63283843;2.497113895;16.11346935;0.448725206;36.35976169;8.539061956;55.10117635;73.73608398;703.0073242;216.60112;18.98232785;36.28884826;12.85801341;17.2179289;38.05255023;14.80680062;156.0;16059.0;67.0;7116.0;68.0;7195.0;98.52941176;98.90201529;0.012105513;98.22267293;95.77268536;99.5960923;74.6436605;93.51783767;0.0;
44;4482;La Guajira;El Molino;44110;2016;6889;2.722939953;0.072579475;11.85948614;27;255.0;242;0;1;0;0;0;15.62109026;47.75692583;79.04718898;934891.8333;79.2132385;5457.0;50.75;50.26785714;248.2857143;39.70757189;8.666045565;4.404100248;26.63742608;0.57639094;21.82466757;11.09133608;67.08399635;73.73608398;703.0073242;216.60112;17.47628629;38.57430296;15.78039667;16.2170088;38.47507331;17.94721408;119.0;213008.0;56.0;10023.0;64.0;11436.0;87.5;87.64428;0.254646433;86.56282023;80.93934572;91.5871566;66.9732919;86.73645183;0.0;
44;4482;La Guajira;El Molino;44110;2021;8047;3.362536763;;5.393314279;32;255.0;242;0;1;0;0;0;7.283856159;49.44146901;73.40526216;933448.5833;76.77395303;6178.0;45.80644989;45.29032135;216.3548431;124.2982219;80.84624755;6.197496267;37.25447807;1.544652937;65.04215935;4.98598948;29.97185117;73.73608398;703.0073242;216.60112;16.8989547;39.84569438;17.09805874;16.03375527;39.48870688;19.6823033;122.0;203291.0;40.0;246888.0;46.0;259880.0;86.95652;95.00077;0.153798435;93.54183262;89.02595886;97.0206961;93.3990661;;0.0;
44;4482;La Guajira;Fonseca;44279;2011;36023;3.867436545;;16.14246454;57;181.0;487;0;1;0;0;0;20.65005337;50.00920234;102.3352166;533883.3333;56.78316631;20455.0;40.46952596;41.23250564;200.3205418;120.2287406;24.91087923;14.07128293;81.24657849;0.333755491;20.71957096;11.70375973;67.57666931;94.73468018;729.5924072;220.9840088;18.12539509;34.06700764;9.99942532;17.38803566;36.53742885;11.7173236;;;;;;;;;;80.51293379;78.79515606;82.2488495;61.1852632;83.8569079;0.0;
44;4482;La Guajira;Fonseca;44279;2016;39987;5.737906486;0.377622727;16.39032686;62;181.0;487;0;1;0;0;0;22.57708536;48.38688737;96.24886015;686582.5;57.7587716;23096.0;48.94855967;46.76337449;236.3230453;182.111946;24.32830049;20.52767782;137.2559677;0.455427879;13.35898112;11.27201058;75.3690083;94.73468018;729.5924072;220.9840088;18.02938197;34.93920973;11.6970618;17.35565763;36.99807379;12.84634761;;;;;;;;;;70.95127423;68.49242641;73.0374026;54.894704;76.40497518;0.0;
44;4482;La Guajira;Fonseca;44279;2021;47885;4.457032474;0.476140754;10.84264383;67;181.0;487;0;1;0;0;0;15.46614752;49.52682241;87.93853776;905971.9167;62.32223034;29843.0;49.23333359;46.85555649;229.5911102;255.9501881;47.86646452;23.74920542;184.3345182;0.534510156;18.70147659;9.278838823;72.01968458;94.73468018;729.5924072;220.9840088;17.95611764;36.73980393;11.98489157;17.43688841;38.63991448;13.51862511;;;;;;;;;;78.53788005;76.42433157;80.4388827;78.4180131;80.82580089;0.0;
44;4482;La Guajira;Hatonuevo;44378;2011;16845;3.268526764;;44.67794598;12;179.0;249;0;1;0;0;0;52.59606923;43.87650337;107.4104318;534050.0;65.42594242;11021.0;38.51159794;38.82561856;197.4226804;755.5838681;657.3936934;8.877754363;89.31242039;4.48550827;87.00472854;1.174952873;11.82031858;127.140274;759.5236816;240.4510803;19.56083086;34.18397626;7.15727003;18.97862233;35.07125891;7.743467933;402.0;44021.0;121.0;13398.0;149.0;15648.0;81.20805369;85.62116564;0.089373393;85.7021595;82.40161587;88.7315404;65.1287804;81.08343913;0.0;
44;4482;La Guajira;Hatonuevo;44378;2016;18713;2.640321345;0.080158179;41.65018971;17;179.0;249;0;1;0;0;0;51.33813851;44.08649326;93.3501172;821953.6667;56.99246513;10665.0;44.87878788;40.37121212;213.9431818;520.5911439;322.841175;22.32729051;175.4226785;2.781975867;62.01434249;4.288834101;33.69682341;127.140274;759.5236816;240.4510803;21.09383378;34.74530831;8.300268097;20.86706434;36.46144014;9.022155944;379.0;612701.0;110.0;13205.0;162.0;19131.0;67.90124;69.02409;0.136628724;69.42719089;65.21090737;74.3329801;53.7155271;73.78299797;0.0;
44;4482;La Guajira;Hatonuevo;44378;2021;22825;3.163928441;0.240963855;36.04819277;22;179.0;249;0;1;0;0;0;45.10529019;44.83307653;85.58515043;991239.0;55.95618839;12772.0;45.11235809;41.30337143;207.3595581;436.7854761;184.7446388;24.06233351;227.9785038;1.913627496;42.29642443;5.508959165;52.19461641;127.140274;759.5236816;240.4510803;20.74327886;36.54893692;8.970303989;20.65017915;38.2504588;9.647819628;425.0;633707.0;129.0;318729.0;158.0;374211.0;81.64557;85.17361;0.088591571;84.8668121;81.62904346;87.5985023;84.7372857;84.22495825;0.0;
44;4482;La Guajira;La Jagua del Pilar;44420;2011;2982;2.218868768;;37.52515091;13;200.0;183;0;1;0;0;0;45.15706806;43.84816754;123.7831177;538069.3333;59.28906774;1768.0;47.5;41.0;201.625;14.66570166;8.906455079;1.266301933;4.492944652;0.491807568;60.72982584;8.634444925;30.63572923;48.98377228;680.2963867;203.745163;19.64636542;29.6005239;10.2815979;17.18213058;32.23367698;9.553264605;;;;;;;;;;85.23389015;83.59020196;86.8462728;64.7729223;85.77593818;0.0;
44;4482;La Guajira;La Jagua del Pilar;44420;2016;3263;2.415977117;0.091939933;37.726019;18;200.0;183;0;1;0;0;0;45.63709383;41.69404892;91.56265602;1276335.0;53.5396874;1747.0;47.55555556;43.92592593;234.8888889;25.44724109;13.01853401;2.821290355;9.607416728;0.779872544;51.15892117;11.08682212;37.75425671;48.98377228;680.2963867;203.745163;18.9924725;36.07411697;13.78112334;19.140625;35.7421875;10.48177083;;;;;;;;;;77.22878656;75.24153139;79.1781773;59.7515891;79.66166542;0.0;
44;4482;La Guajira;La Jagua del Pilar;44420;2021;3883;3.51103099;0.515065671;33.83981458;23;200.0;183;0;1;0;0;0;41.18004866;42.39659367;85.39187526;1170884.875;50.52794231;1962.0;45.54545593;45.60606003;222.5757599;50.56993006;28.07679029;4.58059193;17.91254784;1.302341748;55.52072201;9.057936059;35.42134193;48.98377228;680.2963867;203.745163;18.61260381;37.51831949;14.70444553;18.73638344;37.36383442;11.49237473;;;;;;;;;;79.69410942;77.8050858;81.5417024;79.5724778;82.38902382;0.0;
44;4458;La Guajira;Maicao;44430;2011;141759;5.304954183;;37.31614924;55;51.0;1789;0;1;0;0;0;45.71649813;46.46624761;117.9319852;533883.3333;93.41064765;132418.0;40.30097512;41.19271144;201.0537313;585.8401332;23.68726185;55.25060091;506.9022705;0.41326486;4.043297908;9.431003063;86.52569903;163.949173;794.0595703;266.3314209;18.77196821;31.39065121;7.503828484;18.63267481;33.6584966;8.738421182;2006.0;144695.0;830.0;59397.0;901.0;64128.0;92.11986681;92.62256737;0.008280429;92.59202701;91.45943806;93.6529398;70.364689;88.76195129;0.0;
44;4458;La Guajira;Maicao;44430;2016;159010;5.40642098;0.138356078;38.92459594;60;51.0;1789;0;1;0;0;0;47.03172355;45.93898966;101.5090383;688352.5;101.116282;160785.0;47.73886256;44.51042654;230.736019;1190.586991;19.2169118;132.3834695;1038.98661;0.748749759;1.614070366;11.11917655;87.26675309;163.949173;794.0595703;266.3314209;20.08273787;32.79298673;8.858658298;19.33723244;35.6170405;10.4238147;1795.0;1899260.0;657.0;61583.0;817.0;76362.0;80.41615;80.64613;0.020530251;80.77245175;78.87560093;82.5898044;62.493308;80.30767821;0.0;
44;4458;La Guajira;Maicao;44430;2021;191241;4.965636727;0.503553108;35.41395412;65;51.0;1789;0;1;0;0;0;43.05399255;46.26441093;92.39161837;905965.75;102.6061357;196225.0;48.58473206;46.01068878;227.4005127;1699.622539;34.57988676;154.6971602;1510.345492;0.888733346;2.034562732;9.101853891;88.86358338;163.949173;794.0595703;266.3314209;19.84119309;34.72907198;9.617595547;19.34971275;37.27131972;11.22010349;2064.0;2089591.0;668.0;604050.0;756.0;687355.0;88.35979;87.88036;0.015623822;87.92046817;86.42301015;89.2327512;87.7862812;86.08080689;0.0;
44;4458;La Guajira;Manaure;44560;2011;69557;0.708651418;;89.11683943;38;3.0;1643;0;1;0;0;0;91.3487238;40.06001969;123.5617954;666075.3333;84.6586253;58886.0;38.22142857;38.12142857;192.2357143;304.0376797;190.7306614;12.70411914;100.6028992;0.437105798;62.73257367;4.178468652;33.08895768;147.5960999;816.4716187;249.3865356;19.20221541;30.32641999;7.733325477;19.3861792;31.80860922;8.704686491;603.0;70660.0;185.0;22742.0;202.0;24849.0;91.58415842;91.52078554;0.042044793;91.49247947;89.23299396;93.6777715;69.5290952;89.79952976;0.0;
44;4458;La Guajira;Manaure;44560;2016;77625;1.052173913;0.041223833;89.48663446;43;3.0;1643;0;1;0;0;0;92.2700779;39.98626913;126.6343999;1024841.708;70.24025765;54524.0;44.48878924;40.01793722;212.5112108;229.7014029;47.77385455;20.6987548;161.2287936;0.29591163;20.79824239;9.011157326;70.19060029;147.5960999;816.4716187;249.3865356;20.84016285;28.65753714;7.053349548;20.57338124;30.35000879;8.613281741;656.0;914207.0;264.0;38989.0;301.0;44164.0;87.70764;88.28231;0.041477021;87.82630934;85.30815209;90.3714628;67.9508481;85.88086007;0.0;
44;4458;La Guajira;Manaure;44560;2021;93190;2.391798119;0.125549952;87.06298959;48;3.0;1643;0;1;0;0;0;90.31596886;39.76095067;118.4284612;1366286.5;72.64835283;67701.0;41.31531525;38.16396332;192.4306335;368.8100468;109.9709513;24.16781131;234.6712843;0.395761398;29.81777535;6.552915659;63.62930899;147.5960999;816.4716187;249.3865356;20.52978686;30.29131726;7.603948288;20.72661294;31.62158741;9.015148318;857.0;1027681.0;265.0;267986.0;311.0;311490.0;85.209;86.03358;0.041993501;86.03769316;83.88883276;88.2675793;85.9063797;85.25566206;0.0;
44;4482;La Guajira;San Juan del Cesar;44650;2011;42288;5.033539854;;37.04124101;57;216.0;1347;0;1;0;0;0;45.16360822;45.89044882;91.88551537;533883.3333;74.90777526;31677.0;43.57673267;44.53217822;214.2128713;136.4440307;37.5611603;11.8861001;86.99677026;0.322654253;27.52862116;8.711337567;63.76004127;70.38500977;719.4927979;191.5805969;18.16989017;36.18913403;12.10030129;16.94150161;37.80285583;13.72639337;389.0;40208.0;157.0;16853.0;188.0;19095.0;83.5106383;88.25870647;0.051701552;88.1356055;84.80724029;90.8182394;66.9780614;85.62645233;0.0;
44;4482;La Guajira;San Juan del Cesar;44650;2016;44662;7.102980908;0.165688953;35.76418432;62;216.0;1347;0;1;0;0;0;44.72438154;44.89656395;83.61888546;698817.625;68.20563342;30462.0;50.99156118;49.38185654;250.6455696;200.5863588;39.79860218;22.26008594;138.5276706;0.449120861;19.84113098;11.09750736;69.06136165;70.38500977;719.4927979;191.5805969;18.67862969;36.4011238;14.73626971;17.7392228;37.69584846;15.92458175;439.0;581402.0;131.0;14340.0;196.0;20289.0;66.83673;70.6787;0.153015112;71.25490717;66.88101895;75.0032205;55.1296236;75.30580311;0.0;
44;4482;La Guajira;San Juan del Cesar;44650;2021;52406;6.987590479;0.303400374;28.98141434;67;216.0;1347;0;1;0;0;0;36.91308691;46.12778526;76.75437307;955410.5833;65.65087967;34405.0;48.98144913;46.44350815;229.3861694;330.9815317;110.9896659;25.89036633;194.1014994;0.631571827;33.53349214;7.822299391;58.64420847;70.38500977;719.4927979;191.5805969;18.3244856;37.94319371;15.57716899;17.59088688;39.07665702;16.89161247;379.0;573103.0;102.0;242772.0;145.0;313884.0;70.34483;77.3445;0.152541744;77.54506783;73.07716397;81.6028244;77.4267161;78.55170203;0.0;
44;4458;La Guajira;Uribia;44847;2011;137911;0.892604651;;95.07363445;57;23.0;7904;0;1;0;0;0;96.52593999;39.30548123;112.9970045;680786.9167;79.53172698;109683.0;38.14333333;37.80666667;194.5433333;292.4127552;7.181972822;28.19783437;257.032948;0.212030045;2.456107914;9.643161546;87.90073054;267.475708;902.3491821;367.8284302;20.28365399;31.40689985;8.228359415;20.24792807;32.9524828;9.915715713;1220.0;142307.0;491.0;47963.0;527.0;57216.0;93.16888046;83.82795022;0.090897799;83.99441807;82.0255515;85.7725475;63.8309938;90.60440121;0.0;
44;4458;La Guajira;Uribia;44847;2016;153027;1.999048098;0.050317918;95.24136264;62;23.0;7904;0;1;0;0;0;96.62948295;39.04355097;107.5817333;1054259.167;94.99238696;145364.0;43.89846154;39.20769231;207.7646154;596.0030356;2.77012861;66.3801693;526.8527377;0.389475737;0.464784312;11.13755557;88.39766012;267.475708;902.3491821;367.8284302;21.15527665;31.23655987;8.782915647;21.03353227;33.11753996;10.43141817;1262.0;1906502.0;513.0;69051.0;608.0;81155.0;84.375;85.08533;0.07291332;85.17441081;83.2336834;86.8949538;65.8990853;83.44009231;0.0;
44;4458;La Guajira;Uribia;44847;2021;184577;2.846734245;0.176078276;94.34436577;67;23.0;7904;0;1;0;0;0;96.06878974;38.53615838;94.28612115;1369352.833;86.62238524;159885.0;41.46533585;38.31092453;192.3813019;962.9791851;6.899391896;87.61816382;868.4616294;0.5217222;0.716463243;9.098656044;90.18488071;267.475708;902.3491821;367.8284302;21.45612666;33.64477645;9.607537072;21.19046866;35.50539062;11.51369524;1416.0;2061134.0;515.0;621868.0;631.0;780448.0;81.61648;79.6809;0.057135138;79.89556576;77.96474604;81.9600977;79.7736266;81.16016809;0.0;
44;4482;La Guajira;Urumita;44855;2011;10470;1.442215855;;20.41069723;33;250.0;249;0;1;0;0;0;24.9599803;48.76246768;98.85888782;533883.3333;68.68194842;7191.0;41.91666667;43.3;208.9666667;43.09919531;15.65300126;4.689835537;22.75635851;0.411644654;36.31854643;10.88149211;52.79996146;58.47093201;688.9995117;208.5987244;17.06411259;35.3792025;12.41204066;16.82853941;36.51475532;13.16772507;;;;;;;;;;85.28331537;83.61077022;86.9558166;64.8104827;88.05261889;0.0;
44;4482;La Guajira;Urumita;44855;2016;10648;2.441773103;0.028174305;16.32231405;38;250.0;249;0;1;0;0;0;21.3394003;47.59071287;86.02199126;927661.6667;61.38241923;6536.0;51.34862385;48.28440367;248.3394495;67.84456648;25.12182033;7.61669942;35.10604673;0.637157837;37.02849268;11.22669038;51.74481694;58.47093201;688.9995117;208.5987244;16.66666667;35.90604027;17.69202088;17.56245269;36.77138531;16.18092354;;;;;;;;;;75.99884947;73.76051543;78.1945968;58.7999919;82.8117938;0.0;
44;4482;La Guajira;Urumita;44855;2021;12025;3.025641026;0.024948025;9.837837838;43;250.0;249;0;1;0;0;0;12.94190614;49.74157536;79.36631606;1096099.917;57.73804574;6943.0;50.4610405;50.59090805;239.5779266;106.8979881;53.04730082;9.824868782;44.02581849;0.888964558;49.62422751;9.190882783;41.1848897;58.47093201;688.9995117;208.5987244;16.86564654;37.24567009;17.65596099;17.43994735;38.02237578;17.78545574;;;;;;;;;;77.57122365;75.55873479;79.541629;77.452832;83.59477425;0.0;
44;4482;La Guajira;Villanueva;44874;2011;24822;2.522627776;;7.521553461;123;235.0;270;0;1;0;0;0;9.18124865;51.27457334;99.72755755;533883.3333;68.80186931;17078.0;41.37686567;41.20149254;201.8470149;85.97624254;18.19881365;9.51755995;58.25986894;0.346371133;21.16725866;11.06998825;67.76275308;63.37586212;695.5577393;209.4775085;17.92539431;33.98981891;12.60118501;16.57449957;36.06978737;14.50268713;415.0;44226.0;134.0;16173.0;154.0;17562.0;87.01298701;92.09087803;0.032943606;91.67952357;89.01476231;94.2282451;69.6712381;82.40992126;0.0;
44;4482;La Guajira;Villanueva;44874;2016;26782;3.025352849;0.026136958;6.900156822;128;235.0;270;0;1;0;0;0;8.954049001;49.92620289;92.74898437;695544.7917;66.00328579;17677.0;51.82716049;48.63374486;249.2057613;116.976595;18.59108563;13.16035372;85.2251556;0.436773187;15.89299606;11.25041614;72.8565878;63.37586212;695.5577393;209.4775085;17.69516166;35.09502537;14.90118876;16.70718232;35.97790055;15.81583794;342.0;526253.0;118.0;20564.0;140.0;23355.0;84.28571;88.04967;0.046308903;86.98981431;83.5008026;90.2378465;67.3036554;77.75192495;0.0;
44;4482;La Guajira;Villanueva;44874;2021;31630;4.024923596;0.094846665;5.058488776;133;235.0;270;0;1;0;0;0;6.571965058;50.78373745;84.75501846;905965.75;60.98640531;19290.0;49.31871414;46.75730896;227.2631531;172.8386401;42.33550201;15.99397226;114.5091659;0.546438951;24.49423461;9.253701747;66.25206365;63.37586212;695.5577393;209.4775085;17.43357097;36.59105638;15.96241089;16.5617284;37.4382716;17.14197531;352.0;608596.0;128.0;107759.0;148.0;118994.0;86.48649;90.55835;0.051332393;89.81720725;86.88945825;92.5075311;89.6801254;81.85307286;0.0;
47;4776;Magdalena;Santa Marta;47001;2011;441291;18.98208892;;8.944438024;486;2.0;2369;0;1;0;0;0;11.55322732;50.50546268;79.85767674;533883.3333;63.78602781;281482.0;43.82353587;42.85159256;210.6223206;3018.285223;141.9850024;473.8750525;2402.425168;0.683967093;4.704161201;15.70014156;79.59569724;0.0;751.1760864;102.4918747;18.40706399;38.44001936;12.13809604;17.95676845;40.46013557;13.30904595;33185.0;465169.0;9262.0;129607.0;13710.0;187009.0;67.55652808;69.3052206;0.002194605;69.30808215;68.80519896;69.768703;52.6702115;69.79594434;0.0;
47;4776;Magdalena;Santa Marta;47001;2016;477190;23.19802734;1.545715543;8.828349295;491;2.0;2369;0;1;0;0;0;11.52736628;50.24152453;76.39181574;685696.25;58.43269976;278835.0;50.3512786;47.5386571;244.3446987;4992.449017;121.1836045;875.0895457;3996.175867;1.046218281;2.427337847;17.52826203;80.04440012;0.0;751.1760864;102.4918747;18.48088893;38.77214191;13.4613406;17.51461533;40.45719533;15.39918499;31486.0;6001260.0;8268.0;131590.0;13292.0;205879.0;62.20283;63.91618;0.002544866;63.91676314;63.37746534;64.4602198;49.4521322;64.97008528;0.0;
47;4776;Magdalena;Santa Marta;47001;2021;540204;21.91261696;2.105500885;10.25205293;496;2.0;2369;0;1;0;0;0;13.36749782;50.29198976;66.60393113;905965.75;53.56383885;289354.0;51.49692535;47.71508026;238.6532593;6755.695669;208.2839591;806.4285912;5740.983119;1.250582311;3.083086766;11.93701775;84.97989548;0.0;751.1760864;102.4918747;18.5579449;41.10666504;14.46751481;17.42400287;42.06934962;17.3392023;28943.0;6683484.0;7749.0;1748613.0;11552.0;2588102.0;67.07929;67.56353;0.002597114;67.5627384;66.9989019;68.1533385;67.459622;67.46959656;0.0;
47;4758;Magdalena;Algarrobo;47030;2011;13581;4.835186412;;34.74707312;12;100.0;409;0;1;0;0;0;41.774832;42.80585474;101.3170974;533883.3333;82.33561593;11182.0;35.8502994;36.19760479;186.0598802;68.66616927;27.68315723;7.231181182;33.75183085;0.505604663;40.31556955;10.53092267;49.15350778;64.97423553;640.2539673;124.4514999;18.66157329;34.53593662;11.57328806;17.71840934;35.66712728;10.04145555;;;;;;;;;;88.84517619;87.21357702;90.3371223;67.5172949;89.69789889;0.0;
47;4758;Magdalena;Algarrobo;47030;2016;14752;5.441070137;0.006778742;34.91729935;17;100.0;409;0;1;0;0;0;42.10044141;43.19147164;100.513992;685696.25;57.09056399;8422.0;45.55617978;40.26966292;215.2921348;97.51331063;32.02368928;10.10164865;55.38797271;0.661017561;32.84032618;10.35925104;56.80042278;64.97423553;640.2539673;124.4514999;18.75901876;34.08107044;12.37045783;17.91275074;34.89970543;11.58647777;;;;;;;;;;75.56899746;73.53999477;77.6064992;58.4674172;77.85541364;0.0;
47;4758;Magdalena;Algarrobo;47030;2021;17038;5.816410377;0.064561568;35.94905505;22;100.0;409;0;1;0;0;0;43.67344098;42.69209354;93.42333655;905965.75;51.72555464;8813.0;45.73939514;41.95757675;210.4606018;129.8507087;45.28921803;7.718567838;76.84292282;0.762124127;34.87791364;5.944186147;59.17790022;64.97423553;640.2539673;124.4514999;18.97627965;34.95630462;13.72148451;18.06247721;35.46857907;12.9694907;;;;;;;;;;79.09498466;76.96632778;80.9802156;78.9742674;79.24995441;0.0;
47;4758;Magdalena;Aracataca;47053;2011;35771;3.760727964;;40.06597523;96;33.0;1755;0;1;0;0;0;47.24792652;43.83439578;108.4924452;533950.0;62.26552235;22273.0;39.0;39.13624679;194.2390746;194.673076;51.90252679;48.86647243;93.90407683;0.544220391;26.66137909;25.10181347;48.23680744;62.06335449;687.5101929;104.9767685;18.45831726;32.01829302;12.17697945;17.7278402;34.95062989;11.41187152;835.0;74803.0;211.0;19187.0;272.0;24557.0;77.57352941;78.13250804;0.064133335;78.21427218;75.33217556;80.7483237;59.4384108;80.88781585;0.0;
47;4758;Magdalena;Aracataca;47053;2016;38193;3.938112569;0.130914042;40.55455188;101;33.0;1755;0;1;0;0;0;46.92487168;43.73930627;99.43775806;685712.9167;62.99845521;24061.0;47.0845666;43.0422833;223.3424947;265.5684157;57.1694968;67.65183305;140.7470859;0.695332694;21.52721989;25.47435201;52.9984281;62.06335449;687.5101929;104.9767685;19.94255232;32.31945014;12.82314321;18.93351875;34.97352516;12.75070867;839.0;952938.0;262.0;27277.0;350.0;36266.0;74.85714;75.2137;0.056607323;75.22900265;72.40266832;77.9751048;58.2043646;76.66338504;0.0;
47;4758;Magdalena;Aracataca;47053;2021;43413;3.885548876;0.290235644;40.69288001;106;33.0;1755;0;1;0;0;0;47.22912362;43.86065852;87.04017693;905965.75;57.49429894;24960.0;46.43212509;42.63122177;214.3031616;351.2015661;107.6556699;53.91057703;189.6353192;0.808977878;30.65352784;15.35032364;53.99614851;62.06335449;687.5101929;104.9767685;20.29684939;34.40630122;13.8909124;19.09646137;36.7429717;14.43890158;779.0;1035788.0;226.0;302977.0;291.0;386520.0;77.66323;78.38586;0.068493059;78.41704215;75.62867732;81.2590714;78.2973596;79.3288105;0.0;
47;4721;Magdalena;Ariguaní;47058;2011;28668;2.464129575;;39.79349798;50;187.0;1109;0;1;0;0;0;46.54167191;43.46294199;95.66972265;587120.6667;97.2373378;27876.0;39.49642005;39.68735084;195.6563246;207.0162564;48.74040263;75.24723368;83.02862006;0.722116145;23.54423922;36.34846606;40.10729472;84.8973465;600.7192993;154.5648499;17.39367503;35.94601963;12.69083969;17.60503001;37.11774793;11.07459274;578.0;74123.0;216.0;27255.0;232.0;28878.0;93.10344828;94.3798047;0.02045708;94.17775752;92.22978268;95.8925396;71.5697542;90.64800703;0.0;
47;4721;Magdalena;Ariguaní;47058;2016;29417;2.775605942;0.037393344;37.76727742;55;187.0;1109;0;1;0;0;0;44.752;43.676;90.23355734;809208.8333;89.76442193;26406.0;48.97305389;45.90718563;237.7125749;224.8562707;77.24034604;26.91541891;120.7005058;0.764375262;34.35098598;11.97005484;53.67895918;84.8973465;600.7192993;154.5648499;17.49435666;36.14393839;14.26769353;17.61058865;37.62452107;13.13131313;553.0;911576.0;183.0;21847.0;227.0;26169.0;80.61674;83.48428;0.059765577;83.68118733;80.9104568;86.4637962;64.7437846;84.70945653;0.0;
47;4721;Magdalena;Ariguaní;47058;2021;32723;3.482514847;0.473672952;37.04733674;60;187.0;1109;0;1;0;0;0;44.46580898;43.35058034;84.34255216;940311.5417;80.05072885;26195.0;46.82487488;42.96446609;217.6954346;283.2212788;90.1479559;23.98794133;169.0853815;0.865511349;31.82951376;8.469681882;59.70080436;84.8973465;600.7192993;154.5648499;17.59060563;36.91583214;15.90367191;17.6271399;37.98206559;14.79275099;704.0;1081596.0;205.0;339331.0;240.0;397323.0;85.41666;85.40432;0.054820866;85.4875892;82.66604292;87.7512076;85.3571153;85.34828014;1.0;HH
47;4768;Magdalena;Cerro de San Antonio;47161;2011;9004;1.494706057;;42.91426033;99;7.0;184;0;1;0;0;0;50.41301627;42.09011264;89.77231659;1261316.167;90.04886717;8108.0;38.17948718;33.70512821;185.9102564;28.16134106;5.263812718;2.842721512;20.05480683;0.312764783;18.6916266;10.09441101;71.21396239;75.16947174;655.7714844;80.13446808;17.69644779;35.71582347;16.12486545;17.29754531;36.70566644;15.46226199;;;;;;;;;;91.05329387;89.76932983;92.2961957;69.1953391;91.80041422;1.0;HH
47;4768;Magdalena;Cerro de San Antonio;47161;2016;9547;1.599979051;0.052372473;44.76798994;104;7.0;184;0;1;0;0;0;51.80016418;41.76146359;91.42659997;1169298.417;85.86990678;8198.0;43.32894737;38.92105263;205.9868421;46.94414582;10.51821822;4.838580212;31.58734739;0.491716202;22.40581448;10.30710034;67.28708519;75.16947174;655.7714844;80.13446808;16.96464852;36.55018285;16.61926046;15.76216216;36.86486486;17.16756757;;;;;;;;;;87.26179094;85.69698119;88.870404;67.5140826;87.58295677;1.0;HH
47;4768;Magdalena;Cerro de San Antonio;47161;2021;10767;1.995294263;0.009287638;45.60230333;109;7.0;184;0;1;0;0;0;53.23538291;41.25993761;87.34119782;1293899.667;79.697223;8581.0;43.35964966;38.42105103;197.1052704;72.01174713;10.62175469;4.245933518;57.14405893;0.66881905;14.75003053;5.896167899;79.35380157;75.16947174;655.7714844;80.13446808;17.00863931;36.71706263;18.6825054;15.7359432;36.90270581;19.13260411;;;;;;;;;;89.27252685;87.71009549;90.796298;89.1362763;87.52642553;1.0;HH
47;4721;Magdalena;Chibolo;47170;2011;18427;1.801251786;;34.67737559;37;100.0;528;0;1;0;0;0;42.11888019;42.13878201;94.73123056;889477.1667;87.7950833;16178.0;39.44210526;38.22631579;195.7421053;53.78748377;12.23591706;5.345381929;36.20618478;0.291894957;22.74863259;9.937966149;67.31340126;107.078392;632.5007935;107.078392;18.24110873;36.43126465;11.59686131;19.01555607;36.64964012;10.14627351;;;;;;;;;;90.87267455;89.54843932;92.1306316;69.0580786;91.81860819;1.0;HH
47;4721;Magdalena;Chibolo;47170;2016;20602;1.674190208;0.043685079;36.43820988;42;100.0;528;0;1;0;0;0;43.81062356;41.95727483;91.5072806;1269422.833;83.76856616;17258.0;47.0097561;44.27804878;227.8390244;101.1666195;19.14259259;10.41290088;71.61112605;0.49105242;18.92184663;10.2928228;70.78533057;107.078392;632.5007935;107.078392;17.41823813;36.73134736;13.65582582;17.92207792;37.6;12.29090909;;;;;;;;;;86.93168202;85.39723569;88.5276602;67.2586787;85.89757774;1.0;HH
47;4721;Magdalena;Chibolo;47170;2021;23928;2.713000111;0.037612839;37.91792043;47;100.0;528;0;1;0;0;0;45.72265719;41.36125654;85.06790328;992273.75;77.40722166;18522.0;44.20762634;41.77542496;204.6652527;136.7151982;29.34846638;8.047503558;99.31922829;0.571360742;21.46686452;5.88632695;72.64680853;107.078392;632.5007935;107.078392;17.37871674;37.69953052;15.26604069;17.93146753;38.19519196;13.70649444;;;;;;;;;;88.80338176;87.31630124;90.4369506;88.6678472;86.79160872;1.0;HH
47;4758;Magdalena;Ciénaga;47189;2011;115521;5.351407969;;16.77357364;135;3.0;1366;0;1;0;0;0;20.32554166;48.87287226;86.19515624;533883.3333;68.26637581;78862.0;40.42236025;40.29968944;199.113354;741.4886352;146.0289348;110.3624239;485.0972766;0.6418648;19.69402198;14.88389958;65.42207844;43.23343658;709.9891357;89.29367065;18.377818;37.24411801;11.94848096;17.94915543;38.86708753;12.82204402;863.0;63804.0;256.0;20065.0;322.0;23616.0;79.50310559;84.96358401;0.048717199;84.84421298;82.53622623;87.2295694;64.4767897;79.66967921;0.0;
47;4758;Magdalena;Ciénaga;47189;2016;117496;5.742464992;0.217028665;13.80812964;140;3.0;1366;0;1;0;0;0;16.59677471;48.97710021;81.06880569;685696.25;57.64196228;67727.0;46.96666667;43.73129252;224.9;1098.663245;208.9084277;184.3855066;705.3693103;0.935064381;19.01478262;16.78271368;64.2025037;43.23343658;709.9891357;89.29367065;19.34978928;37.40087727;12.78231702;18.05394114;38.69712437;14.59207224;859.0;921518.0;271.0;36260.0;339.0;43399.0;79.941;83.55032;0.067142566;83.08686942;80.76004448;85.1861656;64.2839633;78.60682268;0.0;
47;4758;Magdalena;Ciénaga;47189;2021;128153;6.108063539;0.422931964;11.4222843;145;3.0;1366;0;1;0;0;0;14.09896935;48.9334622;76.34036541;905965.75;62.59002911;80211.0;47.16808701;43.34624481;216.9806366;1524.056388;382.9261267;203.4106856;937.7195759;1.189247531;25.12545662;13.34666402;61.52787936;43.23343658;709.9891357;89.29367065;19.68972997;37.82968156;14.28122348;18.21760084;38.66513769;16.32083805;1025.0;965997.0;286.0;290827.0;367.0;359120.0;77.92915;80.98324;0.076734775;80.91269479;78.40435589;83.30796;80.7892033;78.84709165;0.0;
47;4768;Magdalena;Concordia;47205;2011;9728;1.665296053;;60.02261513;12;25.0;111;0;1;0;0;0;67.7761289;39.20924316;90.15395026;1321877.125;90.08018092;8763.0;38.01242236;37.57763975;194.4285714;31.52066321;5.139168759;4.131157753;22.25033669;0.324019975;16.30412636;13.10618919;70.58968445;81.48843384;648.4733887;87.22132874;16.04865607;35.96233078;19.91367471;14.98596415;37.07622544;19.73655798;661.0;71134.0;239.0;25275.0;243.0;25623.0;98.35390947;98.64184522;0.004692152;98.48353484;97.41370434;99.2692989;74.8419008;91.2844795;0.0;
47;4768;Magdalena;Concordia;47205;2016;10168;1.892374771;0.049173879;60.20849725;17;25.0;111;0;1;0;0;0;67.98359672;39.01780356;91.16832328;1446351.458;93.59756098;9517.0;45.13953488;42.5872093;218.2616279;54.67232656;6.524466543;5.746983401;42.40087662;0.537690072;11.93376422;10.51168619;77.55454959;81.48843384;648.4733887;87.22132874;15.09785648;34.93010252;22.36719478;14.24109931;36.45638143;22.92317302;659.0;917468.0;239.0;25160.0;263.0;27338.0;90.87453;92.03307;0.030951243;91.95718087;89.89699456;93.7185174;71.1468861;85.75242105;0.0;
47;4768;Magdalena;Concordia;47205;2021;11414;2.561912271;;61.26686525;22;25.0;111;0;1;0;0;0;69.27508814;38.60177143;86.30824373;1564631.833;85.47397932;9756.0;43.86399841;41.7120018;205.5679932;80.8476309;24.047209;4.925714123;51.87470777;0.708319878;29.74386353;6.092589317;64.16354715;81.48843384;648.4733887;87.22132874;15.04247876;35.4489422;24.67099783;14.08242469;36.16706709;25.52208464;638.0;960138.0;213.0;315041.0;232.0;341979.0;91.81035;92.12291;0.021790211;92.09526051;89.90874916;94.0114313;91.9547018;76.37251094;1.0;HH
47;4782;Magdalena;El Banco;47245;2011;59184;2.98349216;;35.01115166;140;35.0;816;0;1;0;0;0;40.95275155;45.61001085;100.4491232;535541.6667;107.3432009;63530.0;40.56936782;41.32795977;202.4238506;210.4520655;28.18029806;26.63437758;155.6373898;0.355589459;13.39036421;12.65579291;73.95384288;140.6588135;525.4732056;202.593811;18.23805821;33.43700348;13.53571549;17.52187278;35.29372023;14.32962875;396.0;56069.0;138.0;19851.0;144.0;20649.0;95.83333333;96.13540607;0.02465726;95.97733133;93.92230401;97.7256323;72.9373283;92.68970811;1.0;HH
47;4782;Magdalena;El Banco;47245;2016;62912;3.947577569;0.209816887;35.72609359;145;35.0;816;0;1;0;0;0;42.60739073;44.90151941;95.01504196;689500.4167;90.87773398;57173.0;48.10456731;44.92908654;230.8185096;301.4132372;34.83910813;32.532974;234.0411551;0.479102933;11.55858596;10.79347885;77.64793519;140.6588135;525.4732056;202.593811;18.26491239;34.42342969;14.51704725;17.41547901;35.90464626;15.44385505;358.0;750885.0;134.0;21435.0;158.0;24720.0;84.81013;86.71117;0.064635562;86.63741647;83.38427474;90.2098675;67.0310067;85.45287865;1.0;HH
47;4782;Magdalena;El Banco;47245;2021;71156;4.85494313;0.35836753;39.44431952;150;35.0;816;0;1;0;0;0;47.0318836;43.87373778;89.92860258;905965.75;80.38394513;57198.0;47.18733215;45.01078033;220.5161743;423.265366;55.1832211;27.51873963;340.5634053;0.594841427;13.03749977;6.501533515;80.46096672;140.6588135;525.4732056;202.593811;18.43821415;34.95345856;16.23655315;17.53416114;35.84509837;17.25917106;481.0;803651.0;144.0;292435.0;172.0;343879.0;83.72093;85.04008;0.076434691;85.14085052;82.23762685;87.9699974;85.0109059;84.76770287;1.0;HH
47;4768;Magdalena;El Piñón;47258;2011;19277;1.972990265;;65.20724179;196;5.0;544;0;1;0;0;0;73.52401511;38.55369671;90.47013977;893645.0833;86.42423614;16660.0;35.76842105;36.65789474;188.4210526;75.68852409;18.36899436;11.01465965;46.30487008;0.392636427;24.26919349;14.55261519;61.17819132;76.92178345;659.4935303;76.92178345;16.37647995;37.59824893;15.77952443;16.20420551;37.76284414;15.12031216;;;;;;;;;;90.48526594;89.19893192;91.710791;68.7636701;92.35171947;0.0;
47;4768;Magdalena;El Piñón;47258;2016;21318;1.652750414;0.014072615;66.40866873;201;5.0;544;0;1;0;0;0;74.06043798;38.5579038;87.90555979;1305804.583;71.88760672;15325.0;44.63157895;39.50438596;210.3684211;100.6535517;23.14272245;10.80710358;66.70372568;0.472152884;22.99245487;10.73693218;66.27061296;76.92178345;659.4935303;76.92178345;16.50248531;36.6380479;18.20153638;15.83926656;37.36467375;17.42904516;;;;;;;;;;84.17753817;82.50588692;85.8324699;65.1278091;87.67235456;1.0;HH
47;4768;Magdalena;El Piñón;47258;2021;24646;1.817401066;0.089263978;67.97046174;206;5.0;544;0;1;0;0;0;75.68664915;38.07021734;82.34913235;1551674.833;63.32061998;15606.0;42.9790802;39.82426834;200.1338959;156.8695353;40.63864986;9.809156538;106.4217289;0.636490852;25.90601788;6.253066613;67.84091551;76.92178345;659.4935303;76.92178345;16.47878503;37.28667606;20.29121653;15.76819407;37.47473046;19.68497305;;;;;;;;;;85.95377328;84.01511086;87.5814725;85.8225879;87.19549886;1.0;HH
47;4758;Magdalena;El Retén;47268;2011;17925;3.920502092;;22.56624826;15;20.0;268;0;1;0;0;0;28.14279457;45.51029347;102.5399812;534016.6667;78.46582985;14065.0;38.5942029;37.11956522;189.8876812;158.3327119;95.66491577;16.60867019;46.05912593;0.883306621;60.42018395;10.48972761;29.09008844;69.09100342;693.7349854;69.09100342;19.14205648;33.98361716;9.969821082;18.98924482;35.90840754;9.656528276;;;;;;;;;;85.97776264;84.38466895;87.4541118;65.3382232;84.23279327;0.0;
47;4758;Magdalena;El Retén;47268;2016;18953;4.431136671;0.00527621;21.500554;20;20.0;268;0;1;0;0;0;27.10491368;46.22841965;94.58945549;685700.8333;75.99324645;14403.0;45.53691275;40.34899329;213.9899329;217.5062729;124.1955868;22.53784055;70.77284552;1.147608679;57.09977241;10.36192669;32.53830089;69.09100342;693.7349854;69.09100342;20.09287926;33.64293086;11.5995872;19.57249271;36.31652812;11.68088092;;;;;;;;;;80.58505062;78.71376727;82.652264;62.3483165;80.20517955;0.0;
47;4758;Magdalena;El Retén;47268;2021;21099;4.432674534;0.109009906;22.01052183;25;20.0;268;0;1;0;0;0;28.09716599;45.85887796;88.18216319;922507.75;71.96075643;15183.0;44.66666794;40.84249115;207.5531158;293.4913598;166.7378386;17.42668587;109.3268353;1.391020237;56.81183893;5.937716831;37.25044423;69.09100342;693.7349854;69.09100342;20.35644667;34.54005384;12.84693215;19.79469301;36.66472981;13.00600426;;;;;;;;;;84.32296982;82.72643123;86.0424377;84.1942734;82.51934079;0.0;
47;4758;Magdalena;Fundación;47288;2011;59997;7.248417976;;13.88736103;66;45.0;922;0;1;0;0;0;15.81410607;50.23510115;93.56354497;533883.3333;90.70953548;54423.0;41.29006623;42.68609272;205.192053;299.0703487;43.38134931;68.98624601;186.7027534;0.498475505;14.50539965;23.0668959;62.42770445;49.55522156;672.0452271;117.7766495;18.38793516;34.93947062;11.65788934;18.09461876;37.7889774;11.85498293;584.0;57839.0;184.0;20259.0;217.0;23230.0;84.79262673;87.21050366;0.087417063;87.07242395;84.16260564;89.3692253;66.1701037;83.42332856;0.0;
47;4758;Magdalena;Fundación;47288;2016;63819;7.337026069;0.288315392;14.31705292;71;45.0;922;0;1;0;0;0;16.0017624;49.90186654;88.63601996;685696.25;88.47991977;56467.0;48.5872156;45.70422535;232.6078007;402.1625034;55.20998162;68.72340653;278.2291152;0.630161086;13.72827679;17.08846696;69.18325624;49.55522156;672.0452271;117.7766495;19.20875044;35.13608597;12.49560239;18.09719833;37.58601622;13.9438437;625.0;830230.0;187.0;19348.0;256.0;26231.0;73.04688;73.76006;0.104734022;74.18858041;70.81686053;77.3961859;57.3993943;74.6825222;0.0;
47;4758;Magdalena;Fundación;47288;2021;72056;7.12975556;0.452425891;15.29921172;76;45.0;922;0;1;0;0;0;17.52582662;49.15869122;84.45183017;905965.75;88.91695348;64070.0;47.93963623;45.00804901;223.7253571;597.356078;104.3429731;76.74792273;416.2651822;0.829016429;17.46746655;12.84793535;69.68459809;49.55522156;672.0452271;117.7766495;19.45101351;35.59966216;13.91891892;18.22038537;37.4589446;15.4231443;609.0;880425.0;182.0;369539.0;236.0;474932.0;77.11864;77.80882;0.157027459;78.15657614;74.88525221;81.086436;78.0372911;78.30796694;1.0;HH
47;4782;Magdalena;Guamal;47318;2011;24401;2.23180744;;67.60788492;107;24.0;565;0;1;0;0;0;73.49333095;40.07672748;111.7038333;1230252.792;97.89352895;23887.0;39.22836538;40.47596154;198.3149038;109.2697605;37.46991559;12.17977862;59.62006631;0.447808535;34.29120318;11.14652267;54.56227416;135.4120026;536.9985962;210.6342316;16.63226421;31.51000318;16.81486186;15.55273189;33.34180432;17.45023295;;;;;;;;;;93.70056286;92.47799507;94.798059;71.2071134;84.8850006;1.0;HH
47;4782;Magdalena;Guamal;47318;2016;25689;2.422891769;0.031141734;68.10697186;112;24.0;565;0;1;0;0;0;74.48775918;39.47207626;102.7320937;1169333.208;92.25349371;23699.0;47.67904509;44.77188329;230.8594164;152.7275778;45.86161918;15.90820307;90.95775551;0.594525197;30.02838115;10.41606454;59.5555543;135.4120026;536.9985962;210.6342316;15.97472924;32.43832732;19.37424789;15.41192609;34.3258291;19.77729363;;;;;;;;;;88.75166135;87.38117804;90.01745;68.6667891;77.69089184;0.0;
47;4782;Magdalena;Guamal;47318;2021;29069;2.297693992;0.405930717;69.51391517;117;24.0;565;0;1;0;0;0;76.09897705;39.0517003;95.99116895;2039696.375;82.11152774;23869.0;47.49852371;44.63716888;222.8672638;198.0197197;64.36663243;11.87221252;121.7808747;0.681205819;32.50516289;5.995469813;61.4993673;135.4120026;536.9985962;210.6342316;16.11266854;32.97290081;21.45240956;15.37587847;34.53538724;22.07709235;;;;;;;;;;90.06363944;88.43635244;91.4170555;89.9261815;79.675556;1.0;HH
47;4721;Magdalena;Nueva Granada;47460;2011;16118;2.013794102;;56.81846383;11;112.0;843;0;1;0;0;0;65.12534;39.99852974;109.8401383;803089.9167;110.590644;17825.0;37.12371134;37.96907216;193.4948454;115.1238944;30.35167933;35.30100719;49.47120788;0.714256697;26.36436119;30.6634929;42.97214591;107.0998154;591.5912476;153.0601196;17.06424185;34.23476618;11.52574398;18.22222222;34.44444444;9.176470588;;;;;;;;;;93.14208658;91.95220741;94.1481408;70.7827031;91.53449235;1.0;HH
47;4721;Magdalena;Nueva Granada;47460;2016;18414;1.640961587;0.005430651;58.02107092;16;112.0;843;0;1;0;0;0;66.01084242;40.23268563;98.92707765;1122944.833;94.45530575;17393.0;47.14375;43.65;226.30625;123.8583028;33.06449858;16.20101315;74.59279104;0.672631165;26.69542359;13.08028028;60.22429613;107.0998154;591.5912476;153.0601196;17.50729471;34.66027511;13.68278449;18.03129961;36.73168519;10.87548197;;;;;;;;;;88.84335387;87.30572394;90.2124993;68.7377312;87.34907418;0.0;
47;4721;Magdalena;Nueva Granada;47460;2021;21544;2.645361431;0.078908281;59.66394356;21;112.0;843;0;1;0;0;0;67.9323628;39.55175346;91.172247;1467445.625;90.64240624;19528.0;45.81621552;42.45405579;211.8864899;241.0490055;98.4573947;17.63227528;124.9593356;1.118868388;40.84538514;7.314809385;51.83980547;107.0998154;591.5912476;153.0601196;17.59950249;35.85643213;15.10305615;18.14735614;37.58748056;12.18895801;;;;;;;;;;91.93253459;90.60415119;93.2021466;91.7922243;87.02075576;1.0;HH
47;4768;Magdalena;Pedraza;47541;2011;8122;1.673438398;;65.88278749;103;10.0;312;0;1;0;0;0;72.28246837;39.28479215;92.84552846;1839145.5;103.201182;8382.0;36.76119403;38.31343284;191.3432836;200.2114325;6.662025345;19.11994409;174.429463;2.46505088;3.32749497;9.549876278;87.12262875;84.58966827;637.534668;98.18229675;17.48035246;36.41343177;15.38461538;16.21208259;36.93601835;15.19245475;;;;;;;;;;93.9243268;92.85712256;94.9875125;71.3771613;90.90119736;1.0;HH
47;4768;Magdalena;Pedraza;47541;2016;8817;1.873275112;0.09073381;66.85947601;108;10.0;312;0;1;0;0;0;72.55719733;39.21591992;96.93333333;1728957.667;94.04559374;8292.0;44.54545455;38.34343434;207.4646465;309.5253222;13.45150101;31.78241117;264.29141;3.51055146;4.345848317;10.26811343;85.38603826;84.58966827;637.534668;98.18229675;15.94518164;34.9140744;17.75070698;15.82938389;36.3507109;17.20379147;;;;;;;;;;88.15495354;86.55771697;89.4705399;68.2051188;86.26500028;1.0;HH
47;4768;Magdalena;Pedraza;47541;2021;10062;2.016663354;;67.87914927;113;10.0;312;0;1;0;0;0;73.8267148;38.82872042;89.90541422;2237436.417;82.77678394;8329.0;44.38393021;38.7053566;206.4464264;383.2334865;15.59814275;22.46523736;345.1701064;3.808720796;4.070140867;5.862023585;90.06783555;84.58966827;637.534668;98.18229675;15.98470363;35.73613767;19.69407266;15.9147351;36.69288079;19.45364238;;;;;;;;;;90.5838455;89.19517543;91.9148463;90.4455936;;1.0;HH
47;4782;Magdalena;Pijiño del Carmen;47545;2011;11723;3.715630243;;52.72541158;15;25.0;739;0;1;0;0;0;60.29130342;40.73995322;122.2655033;980936.25;79.40800136;9309.0;39.0990099;41.2970297;199.1089109;72.7787292;38.14405539;5.486472074;29.14820173;0.620820005;52.410994;7.538565367;40.05044064;115.2936783;564.5627441;183.4062042;17.0178282;31.71799028;11.89627229;16.98181163;32.68503512;10.13866379;;;;;;;;;;90.00347657;88.52318164;91.23626;68.3975375;88.90258202;0.0;
47;4782;Magdalena;Pijiño del Carmen;47545;2016;11862;2.160962176;0.008430282;52.84943517;20;25.0;739;0;1;0;0;0;60.61052218;41.15626227;107.2963884;1340937.25;77.83678975;9233.0;49.64423077;47.22115385;242.1153846;77.70040328;30.42507111;7.989835056;39.28549712;0.655036278;39.15690244;10.28287463;50.56022293;115.2936783;564.5627441;183.4062042;17.15215622;33.29536208;13.78356387;17.31677453;35.01836628;12.15672556;;;;;;;;;;83.25048826;81.3859259;84.9665956;64.4105545;86.56068131;0.0;
47;4782;Magdalena;Pijiño del Carmen;47545;2021;13094;4.022198462;0.084007943;53.78035742;25;25.0;739;0;1;0;0;0;62.09195009;40.79644505;100.2201787;927032.4167;77.73025813;10178.0;45.4736824;43.20394897;213.5394745;115.2835019;48.88511917;6.769715907;59.62866681;0.880429982;42.40426285;5.872233057;51.72350409;115.2936783;564.5627441;183.4062042;17.18773152;34.06430582;15.55786042;17.25768322;35.55555556;13.86918834;;;;;;;;;;87.96166425;86.41920976;89.5600641;87.8274144;85.22800131;1.0;HH
47;4768;Magdalena;Pivijay;47551;2011;33777;2.67292339;;40.48020843;99;4.0;1636;0;1;0;0;0;47.35019521;43.40858937;88.40926493;971951.125;104.0352903;35140.0;42.38075314;41.92259414;205.2782427;195.0564348;61.38036259;24.84854574;108.8275265;0.577483006;31.46800189;12.73915714;55.79284097;77.15207672;673.652771;77.15207672;16.98397957;36.77733922;15.57928953;16.30309989;38.28630129;15.10061031;;;;;;;;;;92.31220835;91.09473857;93.5586801;70.1520427;89.32809123;0.0;
47;4768;Magdalena;Pivijay;47551;2016;35881;3.045948181;0.362308743;41.33385357;104;4.0;1636;0;1;0;0;0;48.45183307;43.36432798;87.26355612;917225.25;91.19032357;32720.0;49.11140584;46.32360743;237.6259947;266.2359603;77.46547571;28.09739956;160.6730851;0.741997047;29.09654864;10.55357042;60.34988093;77.15207672;673.652771;77.15207672;16.61734079;36.02981475;17.86144908;15.95123334;37.52764389;17.82818259;;;;;;;;;;87.25316185;85.69180479;88.564317;67.5074063;83.26190932;0.0;
47;4768;Magdalena;Pivijay;47551;2021;40364;3.331764278;0.314636805;42.18610643;109;4.0;1636;0;1;0;0;0;49.88016696;42.84098559;82.36546422;1071115.0;82.80150629;33422.0;47.39130402;45.01023102;219.9744263;367.3274896;109.0514526;22.54132116;235.7347158;0.910037384;29.68780057;6.13657344;64.17562599;77.15207672;673.652771;77.15207672;16.62932294;36.55138821;19.79542133;15.92719572;37.50630231;19.8447111;;;;;;;;;;88.70255034;87.19890031;90.3284079;88.5671697;86.33325147;1.0;HH
47;4721;Magdalena;Plato;47555;2011;54860;3.753645643;;21.56580386;158;14.0;1501;0;1;0;0;0;26.25491451;46.51184054;92.08738153;636000.25;113.4068538;62215.0;40.43407708;40.15415822;200.5436105;242.6176732;20.0209184;35.04675068;187.5500041;0.442248766;8.252044516;14.44525876;77.30269673;106.4389877;599.0256348;137.6428223;17.97082705;35.6506431;13.86433858;18.08628728;36.77939762;13.29830534;;;;;;;;;;93.27213428;92.14695547;94.3773728;70.8815319;86.85507769;1.0;HH
47;4721;Magdalena;Plato;47555;2016;59051;3.711198794;0.318368868;23.09359706;163;14.0;1501;0;1;0;0;0;28.12278433;45.87729908;90.17889137;734735.0;90.71311239;53567.0;48.91446029;46.34623218;238.1690428;360.0281962;34.63848634;38.61270977;286.7770001;0.609690261;9.621048212;10.72491271;79.65403908;106.4389877;599.0256348;137.6428223;18.17273756;35.79942732;14.83651861;17.75166282;36.52686356;14.40190233;;;;;;;;;;86.58228995;84.89710627;88.1607189;66.9883555;80.78413192;1.0;HH
47;4721;Magdalena;Plato;47555;2021;67418;3.834411186;0.71197603;23.6821027;168;14.0;1501;0;1;0;0;0;29.2060223;45.401605;85.44896794;924031.9167;77.86496188;52495.0;47.81896591;44.30862045;222.7655182;539.3409611;89.19326057;59.34575925;390.8019412;0.799995492;16.53745349;11.00338441;72.4591621;106.4389877;599.0256348;137.6428223;18.32280967;36.2207932;16.56239998;17.84212278;36.57075429;16.03884905;;;;;;;;;;86.00541189;84.36158333;87.6319691;85.8741477;83.42554495;1.0;HH
47;4758;Magdalena;Puebloviejo;47570;2011;25054;2.094808547;;64.54059232;82;1.0;691;0;1;0;0;0;72.02061129;39.97621774;98.2802293;1181359.5;83.51560629;20924.0;35.78846154;36.60096154;186.6394231;96.0151687;22.62784076;10.61421401;62.77311393;0.383232892;23.56694371;11.0547262;65.37833009;62.38513184;705.6533813;62.38513184;18.23317119;35.73670171;11.10936764;18.32954176;35.9278518;10.59473513;986.0;71245.0;309.0;21998.0;332.0;23659.0;93.07228916;92.97941587;0.022805436;92.87903081;91.24454116;94.4115323;70.5827956;92.25497079;0.0;
47;4758;Magdalena;Puebloviejo;47570;2016;28064;1.809554352;0.014253136;66.26639111;87;1.0;691;0;1;0;0;0;73.0025455;39.69074123;90.94912504;1296333.25;78.9231756;22149.0;43.80349345;38.88209607;208.8296943;135.7038495;23.65577574;14.14136237;97.90671142;0.483551345;17.43191208;10.42075256;72.14733536;62.38513184;705.6533813;62.38513184;18.91702812;36.65174199;12.19392752;18.35148874;36.32534495;11.97530864;987.0;888281.0;338.0;31086.0;390.0;35957.0;86.66666;86.45326;0.033075819;86.4138512;84.1091563;88.3956474;66.8580352;86.28963506;0.0;
47;4758;Magdalena;Puebloviejo;47570;2021;32819;1.757112242;0.039611201;68.23486395;92;1.0;691;0;1;0;0;0;75.0677338;39.18906294;83.24423253;1939740.583;72.25692434;23714.0;42.40171051;38.71794891;196.1410217;187.0100501;34.94030096;11.1728312;140.896918;0.569822512;18.68364878;5.974454953;75.34189626;62.38513184;705.6533813;62.38513184;19.13706193;37.86605857;13.52016323;18.61962241;37.05354379;13.41380378;920.0;977403.0;296.0;279892.0;323.0;305526.0;91.64087;91.60988;0.025037621;91.50924597;89.72057783;93.2536091;91.3695817;90.07825803;0.0;
47;4768;Magdalena;Remolino;47605;2011;10925;0.908466819;;38.81006865;197;5.0;611;0;1;0;0;0;46.6841553;41.93074502;87.1399177;1332708.583;70.56292906;7709.0;34.93243243;37.41891892;186.0405405;33.72485667;6.780665938;3.368773269;23.57541747;0.30869434;20.10584064;9.988992101;69.90516726;49.63025665;693.612854;49.63025665;18.21058182;37.56371946;14.22042538;17.74255157;36.74560733;14.19022154;;;;;;;;;;87.17701623;85.54855527;88.577925;66.2495879;89.1136568;0.0;
47;4768;Magdalena;Remolino;47605;2016;11185;0.9819699;0.080464908;36.62941439;202;5.0;611;0;1;0;0;0;44.17549168;42.42057489;81.24912281;1399011.5;62.06526598;6942.0;45.2;39.92307692;215.8461538;49.91739874;12.54741504;5.143256494;32.2267272;0.446288768;25.13635598;10.30353469;64.56010933;49.63025665;693.612854;49.63025665;16.9103733;39.61809737;15.31051092;16.90245719;39.29635145;15.58078928;;;;;;;;;;79.92176959;78.07078118;81.8127607;61.8351388;81.98504056;0.0;
47;4768;Magdalena;Remolino;47605;2021;12399;1.218512246;0.072586499;35.51899347;207;5.0;611;0;1;0;0;0;43.40311804;42.79732739;76.56444777;1900912.542;56.02871199;6947.0;42.29670334;40.93406677;201.2637329;75.13671875;22.0750183;4.428540584;48.63315987;0.60599015;29.3798008;5.893976551;64.72622265;49.63025665;693.612854;49.63025665;16.97492163;40.03134796;16.88087774;16.99617877;39.44176774;17.27861771;;;;;;;;;;82.22452699;80.3339984;84.1070621;82.0990333;84.58043902;1.0;HH
47;4721;Magdalena;Sabanas de San Ángel;47660;2011;13674;1.055531178;;70.68889864;12;140.0;1196;0;1;0;0;0;76.44005358;37.23208305;107.1185157;1140635.75;76.12988153;10410.0;39.56179775;38.42696629;194.9325843;67.11055076;23.54430973;8.205768536;35.36047249;0.49078946;35.08287365;12.22724064;52.68988571;85.42454529;631.1085815;120.1732635;16.58967391;35.24456522;12.60869565;16.93063035;34.92239468;9.423503326;525.0;73622.0;179.0;27012.0;190.0;28155.0;94.21052632;95.94033031;0.018078601;95.70755559;93.95006929;97.1558956;72.732314;93.44963486;1.0;HH
47;4721;Magdalena;Sabanas de San Ángel;47660;2016;14908;1.893278776;0.033539039;70.76066541;17;140.0;1196;0;1;0;0;0;75.8517633;37.73909145;105.196905;1129965.917;78.68929434;11731.0;44.25;40.86458333;215.09375;89.42564617;27.77123683;9.426909476;52.22749987;0.599850055;31.05511452;10.5416174;58.40326808;85.42454529;631.1085815;120.1732635;16.78777249;34.5276873;14.59533951;16.44527866;35.17181634;11.44961016;580.0;995210.0;200.0;25390.0;234.0;29588.0;85.47009;85.81181;0.060814089;85.81413971;83.06798718;88.4588122;66.3940409;86.26935231;0.0;
47;4721;Magdalena;Sabanas de San Ángel;47660;2021;17000;4.215196078;0.058823529;71.62941176;22;140.0;1196;0;1;0;0;0;77.01315872;37.18441101;96.64897799;1019410.5;75.32941176;12806.0;45.11515045;41.43636322;209.345459;139.5525318;46.53976578;8.454120334;84.55864574;0.820897246;33.34928085;6.058020032;60.59269912;85.42454529;631.1085815;120.1732635;16.91498685;35.6485539;16.14811569;16.5777439;36.20426829;12.80487805;507.0;1046898.0;150.0;327265.0;176.0;378004.0;85.22727;86.57713;0.052407966;86.70196494;83.87193098;89.1601479;86.5696377;86.43407112;1.0;HH
47;4768;Magdalena;Salamina;47675;2011;9807;2.552598484;;32.07912715;146;5.0;175;0;1;0;0;0;39.14519906;44.59016393;83.44124312;841488.6667;81.16651371;7960.0;39.12598425;38.62992126;196.7007874;35.17228268;8.528047292;4.057707608;22.58652778;0.358644669;24.24649935;11.53666267;64.21683797;55.68707275;680.5878296;55.68707275;16.58271207;38.3437437;16.1394318;16.45334434;39.01734104;16.10239472;;;;;;;;;;87.48267895;85.90037416;89.0298415;66.4818742;85.02021145;0.0;
47;4768;Magdalena;Salamina;47675;2016;10377;2.143361922;;33.22732967;151;5.0;175;0;1;0;0;0;41.50498446;44.28127345;78.58646617;1164660.333;77.92232823;8086.0;48.99212598;45.35433071;234.2992126;60.85923596;21.83854739;6.328249505;32.69243906;0.586481989;35.88370285;10.39817442;53.71812273;55.68707275;680.5878296;55.68707275;16.66348904;38.49380362;17.95996187;16.21200312;40.17926734;17.65393609;;;;;;;;;;83.01887559;81.07071557;84.8185545;64.2313567;74.16633886;0.0;
47;4768;Magdalena;Salamina;47675;2021;11657;2.125332418;0.068628292;33.85090504;156;5.0;175;0;1;0;0;0;42.53044529;44.0643302;75.1790926;1633674.125;72.737411;8479.0;46.95121765;41.47154617;213.9187012;98.95514652;31.095783;5.919078284;61.94028523;0.848890336;31.42411901;5.981576999;62.59430399;55.68707275;680.5878296;55.68707275;16.80286006;38.76404494;19.73101805;16.06432647;40.18675428;19.59190731;;;;;;;;;;85.8970094;84.16922617;87.5398368;85.7659107;78.31590264;1.0;HH
47;4782;Magdalena;San Sebastián de Buenavista;47692;2011;17259;2.392471561;;68.14995075;54;22.0;421;0;1;0;0;0;74.16294993;39.87687669;106.111167;1189276.083;98.48195145;16997.0;39.07964602;39.98672566;197.1371681;72.48548373;14.58899267;11.12357118;46.77291989;0.419986579;20.12677838;15.34592943;64.52729219;128.1390991;550.4608765;195.3450317;17.81285231;32.4464487;15.00563698;16.60507808;34.46179521;15.00774824;531.0;73252.0;164.0;22340.0;182.0;24700.0;90.10989011;90.44534413;0.048561752;90.57524697;88.12119392;92.682088;68.8320505;91.06414995;1.0;HH
47;4782;Magdalena;San Sebastián de Buenavista;47692;2016;18651;2.248762354;0.032169857;68.67728272;59;22.0;421;0;1;0;0;0;75.1471254;39.66161159;103.0739407;1409183.667;97.95185245;18269.0;47.67676768;45.53030303;232.7424242;111.4504262;31.63264252;11.96992137;67.84786228;0.597557376;28.38270217;10.74013064;60.87716719;128.1390991;550.4608765;195.3450317;16.51299246;32.93168483;17.27787091;15.99868233;35.12682552;16.99791369;593.0;947055.0;203.0;23465.0;237.0;27602.0;85.65401;85.01196;0.057659356;85.31580822;82.51925701;88.0999176;66.0084839;86.64121413;1.0;HH
47;4782;Magdalena;San Sebastián de Buenavista;47692;2021;21430;2.691320579;0.046663556;69.93467102;64;22.0;421;0;1;0;0;0;76.59061924;39.2281895;95.60887634;1965382.75;89.13672422;19102.0;48.67987823;46.57926941;229.4359741;159.220974;43.80634762;9.990694761;105.4239316;0.74298168;27.51292529;6.274735363;66.21233935;128.1390991;550.4608765;195.3450317;16.58125915;33.78477306;19.18923865;15.98743097;35.51704437;19.15825557;581.0;959863.0;172.0;260147.0;198.0;305762.0;86.86869;85.08154;0.067487714;85.38867389;82.72445952;88.1873227;85.258351;86.4560671;1.0;HH
47;4782;Magdalena;San Zenón;47703;2011;9934;1.611469029;;86.02778337;102;25.0;238;0;1;0;0;0;88.20574424;37.93818936;121.006848;1510723.417;74.81377089;7432.0;38.02941176;40.18627451;200.4313725;34.3793899;10.26523582;3.409739913;20.70441417;0.346078014;29.85869106;9.917976794;60.22333214;120.4697876;549.5230103;191.1707153;16.912198;31.6833628;13.88725201;16.55998348;31.6126368;12.86392732;;;;;;;;;;89.46904829;87.91930813;90.8511016;67.9914023;92.10182219;0.0;
47;4782;Magdalena;San Zenón;47703;2016;11031;2.152267851;0.027196084;87.07279485;107;25.0;238;0;1;0;0;0;89.32631777;37.72432585;107.9485959;1372279.0;73.41129544;8098.0;47.18120805;42.61073826;225.1342282;68.53122925;25.3196061;7.051838121;36.15978503;0.62126035;36.94608484;10.28996298;52.76395218;120.4697876;549.5230103;191.1707153;17.2126793;33.55764123;14.45015052;17.58915305;33.02377415;13.16864785;;;;;;;;;;83.32047101;81.21439907;85.0289222;64.4646999;86.20947911;1.0;HH
47;4782;Magdalena;San Zenón;47703;2021;12886;2.277665684;0.01552072;88.70091572;112;25.0;238;0;1;0;0;0;90.89300823;37.33558957;99.10408432;2080138.333;69.35433804;8937.0;47.20930099;44.85271454;222.1395416;96.21537858;37.50626217;5.658317256;53.05079916;0.746665983;38.9815669;5.880886548;55.13754656;120.4697876;549.5230103;191.1707153;17.42909424;34.76669716;15.79749924;17.82553729;33.91276865;14.6965866;;;;;;;;;;87.17421209;85.5926378;88.7882251;87.0411641;87.90231206;1.0;HH
47;4782;Magdalena;Santa Ana;47707;2011;29657;1.483629497;;58.44151465;93;25.0;1120;0;1;0;0;0;64.99594234;40.06646829;101.2147134;1186658.958;60.90299086;18062.0;39.17307692;39.55769231;196.9923077;106.1918145;35.67719639;12.02552008;58.48909801;0.35806661;33.59693641;11.32433807;55.07872551;109.1213608;574.1600342;173.9874573;17.73149632;35.08490868;12.98301826;17.88357529;35.15513806;11.71363507;;;;;;;;;;86.28089648;84.67218872;87.9049573;65.5685877;90.71889717;1.0;HH
47;4782;Magdalena;Santa Ana;47707;2016;26441;2.167719325;;49.98676298;98;25.0;1120;0;1;0;0;0;57.19096757;41.53102198;96.45193759;1055601.417;73.66967966;19479.0;47.79084967;42.35620915;227.2875817;153.6781235;49.07568214;15.24589103;89.35655032;0.581211465;31.9340717;9.920664494;58.14526381;109.1213608;574.1600342;173.9874573;17.30950824;34.98946757;14.76719692;17.54773552;36.30266688;13.73678397;;;;;;;;;;82.62438468;80.66002649;84.4959411;63.9261408;;1.0;HH
47;4782;Magdalena;Santa Ana;47707;2021;26905;2.839001425;0.178405501;44.24084743;103;25.0;1120;0;1;0;0;0;51.96127525;42.07561342;89.07775769;1258764.917;74.94517748;20164.0;45.43209839;42.32715988;212.3734589;186.3844516;50.45441387;11.28387816;124.6461596;0.692750238;27.07007663;6.054087701;66.87583567;109.1213608;574.1600342;173.9874573;17.48994831;35.91326824;16.32682366;17.63889959;36.91145873;15.48123603;;;;;;;;;;87.22009475;85.56983422;88.9042163;87.0869767;87.40843225;1.0;HH
47;4782;Magdalena;Santa Bárbara de Pinto;47720;2011;10753;1.518180973;;38.50088347;11;25.0;502;0;1;0;0;0;46.74676944;42.49603265;103.9796243;1108825.417;92.9415047;9994.0;37.82022472;38.57303371;189.8202247;43.62237787;15.09164091;5.009285115;23.52145184;0.40567635;34.59609872;11.4832922;53.92060908;93.17447662;572.861084;163.1439667;18.01108925;34.25147559;12.80629583;17.90003874;34.42464161;11.77838047;;;;;;;;;;92.33285919;91.0515909;93.4424398;70.1677361;92.09504889;1.0;HH
47;4782;Magdalena;Santa Bárbara de Pinto;47720;2016;10521;2.483921047;1.28314799;37.8481133;16;25.0;502;0;1;0;0;0;45.52818829;43.30596606;89.55798552;950927.625;89.07898489;9372.0;49.68571429;45.47142857;234.7571429;106.9274934;45.80997878;11.09241579;50.02509886;1.016324431;42.84209543;10.37377332;46.78413124;93.17447662;572.861084;163.1439667;16.90454124;36.42261353;15.42168675;17.40148264;37.76824034;14.31915724;;;;;;;;;;86.63824829;84.95375759;88.2823027;67.0316503;81.00686658;1.0;HH
47;4782;Magdalena;Santa Bárbara de Pinto;47720;2021;11278;2.705119111;0.026600461;38.41993261;21;25.0;502;0;1;0;0;0;46.61706349;42.86706349;84.86348847;1288994.208;84.5362653;9534.0;44.20149231;42.35074615;206.2089539;91.98535123;24.98830604;5.522247647;61.47479753;0.815617585;27.16552768;6.003398991;66.83107333;93.17447662;572.861084;163.1439667;17.01538994;36.95313851;16.91163756;17.34303913;38.07097361;15.83257507;;;;;;;;;;89.51059874;87.91944627;90.8703975;89.3739848;88.59213425;1.0;HH
47;4768;Magdalena;Sitionuevo;47745;2011;24067;1.665489398;;45.66003241;163;5.0;967;0;1;0;0;0;52.03945487;41.38473268;89.03723583;1320048.917;71.19291977;17134.0;39.32515337;39.21472393;197.4785276;89.15675948;15.2020309;9.57461335;64.38011523;0.370452318;17.05090112;10.73907733;72.21002155;27.30173874;719.1918335;27.30173874;16.64683956;38.06804663;14.40241098;17.51614592;37.54581951;12.86437424;;;;;;;;;;86.31149234;84.73876623;87.6803798;65.5918388;87.3983163;0.0;
47;4768;Magdalena;Sitionuevo;47745;2016;25891;1.822383582;0.034761114;47.08199761;168;5.0;967;0;1;0;0;0;53.31791807;42.00078531;87.84930913;1122279.042;62.90602912;16287.0;48.81280788;44.24137931;231.9310345;120.1253828;21.08989588;12.48131972;86.55416725;0.463965791;17.55656913;10.39024345;72.05318743;27.30173874;719.1918335;27.30173874;18.14380647;37.09400433;13.61905473;18.56297008;37.18995039;12.86605857;;;;;;;;;;79.53143604;77.56145313;81.4036882;61.5331393;80.73464619;0.0;
47;4768;Magdalena;Sitionuevo;47745;2021;29607;1.981513381;0.206032357;48.96139426;173;5.0;967;0;1;0;0;0;55.75933549;41.59070862;81.9538094;1784905.0;59.79666971;17704.0;45.07619095;41.25238037;207.0476227;258.2962871;110.6025306;15.29246337;132.4012931;0.872416277;42.8200234;5.920512271;51.25946433;27.30173874;719.1918335;27.30173874;18.26298168;37.82577299;15.15131622;18.74217337;37.51217476;14.31751774;;;;;;;;;;83.30425457;81.47009886;85.033721;83.177113;82.63493859;0.0;
47;4721;Magdalena;Tenerife;47798;2011;12531;2.701965792;;49.26183066;88;20.0;491;0;1;0;0;0;56.16388021;40.3821422;95.42811839;1071094.5;103.3756284;12954.0;39.42948718;40.30769231;200.7628205;50.5381754;11.73269238;7.613181813;31.19230121;0.403305206;23.21550449;15.06421977;61.72027574;104.3849945;612.736145;123.1111908;17.96839729;36.02708804;13.75470278;17.44818213;35.84777438;13.03092083;;;;;;;;;;93.58403542;92.38311621;94.7057182;71.1185591;91.88561287;0.0;
47;4721;Magdalena;Tenerife;47798;2016;12892;2.27919123;0.116351226;50.33354018;93;20.0;491;0;1;0;0;0;58.04244262;40.73624946;93.53271984;1379043.167;80.03412969;10318.0;46.01886792;42.75471698;220.8805031;68.64617503;15.67894838;7.393575083;45.57365156;0.532471106;22.84023601;10.77055652;66.38920747;104.3849945;612.736145;123.1111908;17.06029045;35.51415579;16.25348394;17.13580247;36.87242798;14.73251029;;;;;;;;;;85.48604393;83.72776507;87.1696932;66.1401946;88.50888056;1.0;HH
47;4721;Magdalena;Tenerife;47798;2021;14271;3.746525588;0.224230958;51.68523579;98;20.0;491;0;1;0;0;0;59.84477432;40.32853591;87.78193358;1063337.083;73.44264593;10481.0;44.60555649;41.82777786;208.7055511;107.7813532;22.89340282;6.768728942;78.11922143;0.755247377;21.24059695;6.280055632;72.47934742;104.3849945;612.736145;123.1111908;17.14095745;36.11702128;18.01861702;17.13820175;37.25374019;16.50125907;;;;;;;;;;87.3318977;85.7473566;88.8977406;87.198609;87.23809535;1.0;HH
47;4768;Magdalena;Zapayán;47960;2011;8975;1.299907149;;61.35933148;11;24.0;353;0;1;0;0;0;68.12151271;38.58648481;96.10365742;1142372.5;81.1810585;7286.0;37.0;39.16091954;192.9310345;38.27404134;8.034224427;7.475263222;22.76455369;0.426451714;20.9913146;19.53089604;59.47778936;91.53335571;635.1818848;100.6085663;18.25363825;36.1954262;12.12058212;18.51140456;36.20648259;10.80432173;;;;;;;;;;89.11097507;87.71618732;90.491979;67.7192869;93.40014224;1.0;HH
47;4768;Magdalena;Zapayán;47960;2016;9514;1.382173639;0.010510826;61.16249737;16;24.0;353;0;1;0;0;0;68.86824135;39.47162208;90.57244777;1301839.417;81.98444398;7800.0;45.93103448;40.25287356;215.6206897;58.16691165;15.71984036;6.45581955;35.99125175;0.611382296;27.02539968;11.09878343;61.87581689;91.53335571;635.1818848;100.6085663;17.21458458;36.85993226;13.78760709;17.95328142;37.3971079;14.23804227;;;;;;;;;;86.55074487;85.08348528;87.9961471;66.9639492;87.87359358;1.0;HH
47;4768;Magdalena;Zapayán;47960;2021;10631;2.531903553;;62.2330919;21;24.0;353;0;1;0;0;0;70.21173741;38.86686648;83.99406088;907662.5417;79.48452639;8450.0;45.17647171;42.00980377;211.7451019;81.42907374;21.53557345;5.385401028;54.50809926;0.765958741;26.44703232;6.613609588;66.93935809;91.53335571;635.1818848;100.6085663;17.41992883;37.8113879;15.23131673;18.04031132;37.73697865;16.00478946;;;;;;;;;;89.72410676;88.13584957;91.1074983;89.587167;;1.0;HH
47;4758;Magdalena;Zona Bananera;47980;2011;54966;3.271113052;;92.78826911;12;20.0;446;0;1;0;0;0;94.48434571;37.41068612;105.3699433;642008.25;78.56856966;43186.0;37.63920923;37.50082372;191.8945634;522.5259503;304.7861095;55.15963401;162.5802068;0.950634848;58.3293728;10.55634347;31.11428374;50.48355865;708.5599976;76.62268066;18.37936202;33.9077999;10.7114822;18.63028953;35.50853749;9.86636971;674.0;61042.0;168.0;14006.0;216.0;17898.0;77.77777778;78.25455358;0.203676033;78.61934093;75.41023244;81.7064418;59.74624;82.32068421;0.0;
47;4758;Magdalena;Zona Bananera;47980;2016;63906;3.553526534;0.034425563;93.32770006;17;20.0;446;0;1;0;0;0;94.90264342;37.12952123;94.96805112;696924.9167;62.49491441;39938.0;44.8797954;40.13938619;212.7915601;919.2700707;554.2539078;95.07552721;269.9406357;1.438472242;60.29282639;10.34250219;29.36467142;50.48355865;708.5599976;76.62268066;19.25538462;34.94769231;11.61538462;19.06005222;36.07909317;11.11889448;642.0;820654.0;164.0;12289.0;246.0;19028.0;66.66666;64.58377;0.182009942;65.42774474;62.12531622;69.0415128;50.6211724;71.67942929;0.0;
47;4758;Magdalena;Zona Bananera;47980;2021;75123;4.442492091;0.16106918;94.74195652;22;20.0;446;0;1;0;0;0;96.07943931;36.78330972;85.84322034;910037.4167;47.52206382;35700.0;44.02941132;40.0625;203.1470642;1388.361662;933.2000677;82.19351936;372.9680749;1.848117969;67.21592026;5.920180715;26.86389902;50.48355865;708.5599976;76.62268066;19.47709662;36.40029519;12.86173633;19.25445792;37.15607434;12.56555768;582.0;825571.0;158.0;336356.0;230.0;426892.0;68.69566;78.79182;0.125628372;78.84088285;75.69529727;81.9815734;78.7205534;78.75464338;0.0;
50;5017;Meta;Villavicencio;50001;2011;464527;21.77621896;;7.022627318;171;467.0;1328;0;0;0;1;0;9.35163194;49.49413453;72.55731353;534216.6667;30.08156684;139737.0;47.18003762;47.43026828;224.7547849;5941.619361;1366.233844;1212.389692;3362.995826;1.279068679;22.99430106;20.40503806;56.60066088;0.0;83.66358948;0.0;19.45743645;39.82260681;12.39459167;18.72606062;41.894671;12.91719865;27233.0;458924.0;8488.0;142602.0;12222.0;206691.0;69.44853543;68.99284439;0.002678322;68.98835202;68.41318997;69.5435617;52.4272347;66.70509658;0.0;
50;5017;Meta;Villavicencio;50001;2016;512462;27.54514806;3.163161366;7.283076599;176;467.0;1328;0;0;0;1;0;9.76132466;49.55198108;67.46777566;685737.5;38.34898978;196524.0;54.60674866;53.8230842;269.9298329;7052.304211;541.059019;1184.23345;5327.011742;1.376161396;7.672088481;16.79214927;75.53576225;0.0;83.66358948;0.0;18.98609171;40.8608581;14.13097791;17.7609496;42.40622229;15.58941838;24593.0;6119636.0;6640.0;134825.0;11051.0;222742.0;60.08506;60.52967;0.002722418;60.52225278;59.92831572;61.1945041;46.8258138;59.464302;2.0;LL
50;5017;Meta;Villavicencio;50001;2021;561834;26.66704044;4.354845025;7.961426329;181;467.0;1328;0;0;0;1;0;10.74943684;49.5686935;61.40713162;906037.5;39.11867206;219782.0;54.61750793;52.62078476;257.9503784;9180.608065;927.2997043;959.5807976;7293.727563;1.634042807;10.10063492;10.45225753;79.44710755;0.0;83.66358948;0.0;17.9782442;42.44650168;16.32477432;16.46727558;43.29725639;18.99864491;21609.0;6777474.0;5463.0;1640251.0;9193.0;2779909.0;59.42565;59.00377;0.003261596;58.99656512;58.3513825;59.6772686;58.9065227;58.67120949;2.0;LL
50;5065;Meta;Acacías;50006;2011;75305;15.49786424;;22.23889516;91;523.0;1149;0;0;0;1;0;27.82933099;45.15957113;71.59066071;533883.3333;36.35349578;27376.0;45.58274052;46.77590865;220.2293489;5223.163095;4669.571276;138.9136628;414.6781556;6.936011015;89.40121516;2.659569695;7.939215147;25.15954018;67.21338654;25.15954018;17.96528472;42.54800913;12.93490244;18.07613906;41.5046003;13.22516666;844.0;45334.0;297.0;15007.0;401.0;21140.0;74.06483791;70.98864711;0.11047296;71.15120258;67.96434743;74.0812793;54.0708785;71.31514645;2.0;LL
50;5065;Meta;Acacías;50006;2016;84461;18.77819349;2.450835297;22.67437042;96;523.0;1149;0;0;0;1;0;28.38818842;45.00573113;63.88865082;685696.25;37.99386699;32090.0;53.37160386;52.27782647;262.1560035;3405.20291;2568.147734;151.2898638;685.7653122;4.031686707;75.41834663;4.442903044;20.13875033;25.15954018;67.21338654;25.15954018;17.19948122;44.94982821;14.07085485;17.55035545;42.58244471;15.5682267;737.0;756789.0;207.0;18925.0;314.0;28359.0;65.92357;66.73367;0.135861069;66.52017263;63.18671123;69.9320157;51.4663793;63.06936002;2.0;LL
50;5065;Meta;Acacías;50006;2021;92906;15.64421745;5.825242718;24.17281984;101;523.0;1149;0;0;0;1;0;30.49922473;44.69581354;63.11538042;910892.4167;40.13734312;37290.0;53.51102448;51.11026001;251.256958;6678.932883;5627.334999;122.2877624;929.3101216;7.188914476;84.25500147;1.830947616;13.91405091;25.15954018;67.21338654;25.15954018;16.07383315;45.43100412;15.77137412;16.80519771;42.34121205;17.37649826;626.0;744813.0;188.0;163239.0;259.0;238386.0;72.58688;68.47675;0.146772282;68.29085007;64.66650844;72.018531;68.1866224;65.02444608;2.0;LL
50;5065;Meta;Barranca de Upía;50110;2011;5284;12.62458996;;32.91067373;21;225.0;668;0;0;0;1;0;40.46403712;43.08584687;93.08641975;608035.0833;40.95382286;2164.0;41.85483871;40.66129032;202.8870968;201.6669078;160.7597213;16.01269367;24.89449278;3.816557679;79.71546899;7.940169185;12.34436183;73.48959351;134.7661285;73.48959351;17.57840992;37.56382203;11.41502553;19.2368214;37.05743509;8.811959087;;;;;;;;;;79.25165197;77.34520463;81.1323548;60.2267606;74.07906238;0.0;
50;5065;Meta;Barranca de Upía;50110;2016;6071;11.4684566;2.223686378;31.69164882;26;225.0;668;0;0;0;1;0;38.73856336;44.20868211;83.18675634;685696.6667;44.3584253;2693.0;49.75531915;46.71276596;242.6170213;139.6318872;89.84677464;14.6950222;35.09009036;2.29998167;64.34545607;10.5241163;25.13042763;73.48959351;134.7661285;73.48959351;19.67532468;38.27922078;11.33116883;20.19391508;37.91374122;10.06352391;;;;;;;;;;67.4235987;65.26917848;69.6390066;52.1653563;64.58460067;0.0;
50;5065;Meta;Barranca de Upía;50110;2021;6869;20.36443927;4.454796914;28.54855146;31;225.0;668;0;0;0;1;0;35.95197256;45.23156089;81.40806562;905965.75;46.44052992;3190.0;47.21519089;45.55696106;217.8734131;262.2237377;151.3595822;54.27888548;56.58526996;3.817495089;57.72154099;20.69945534;21.57900366;73.48959351;134.7661285;73.48959351;18.83591693;38.90026323;12.40128693;19.53623188;38.31884058;11.2173913;;;;;;;;;;60.22061482;58.08538145;62.5338533;60.1287042;67.07848829;0.0;
50;5069;Meta;Cabuyaro;50124;2011;5137;4.843942638;;50.71053144;49;175.0;832;0;0;0;1;0;57.43006993;37.45629371;79.53181273;616623.25;52.40412692;2692.0;40.5;38.04166667;195.5277778;1007.023871;953.9689003;25.90851341;27.14645764;19.60334575;94.7315081;2.572780462;2.695711434;66.30050659;137.5930176;66.30050659;18.9667129;39.28571429;14.11234397;19.21881935;37.81624501;10.91877497;;;;;;;;;;88.93130599;87.50291454;90.2848348;67.5827486;82.15444149;0.0;
50;5069;Meta;Cabuyaro;50124;2016;5830;11.20926244;5.38593482;51.13207547;54;175.0;832;0;0;0;1;0;58.23293173;38.36297571;78.88624967;685737.5;53.53344768;3121.0;48.34285714;46.54285714;236.5714286;646.5081668;581.5704569;24.32793884;40.60977102;11.08933391;89.9556242;3.762974713;6.281401088;66.30050659;137.5930176;66.30050659;17.00279243;40.42817251;14.61371393;17.68316072;40.35289605;11.66091293;;;;;;;;;;70.35780075;68.05129827;72.6712639;54.4355361;66.36776021;2.0;LL
50;5069;Meta;Cabuyaro;50124;2021;6389;15.71320499;10.56503365;50.14869307;59;175.0;832;0;0;0;1;0;57.92359089;38.35874593;76.26794258;906183.75;54.39035843;3475.0;50.25;45.10416794;230.25;1432.182819;1354.355157;19.2887143;58.53894689;22.4163847;94.56580122;1.346805313;4.087393462;66.30050659;137.5930176;66.30050659;15.97835375;40.87154657;16.66191968;16.85198054;40.68797776;13.44683808;;;;;;;;;;73.5698146;71.58457361;75.5526243;73.45753;71.50104277;2.0;LL
50;5065;Meta;Castilla la Nueva;50150;2011;11746;12.80152109;;56.58947727;40;400.0;503;0;0;0;1;0;63.84756657;39.81634527;79.83722762;1246505.167;38.02996765;4467.0;44.24390244;45.08536585;215.3536585;3609.68334;3519.548088;26.92027175;63.21498021;30.73117095;97.50295958;0.745779317;1.751261101;31.18689537;96.31220245;31.18689537;18.40901666;41.60405096;9.931394969;18.90113798;40.94950213;8.499288762;307.0;18592.0;84.0;5276.0;137.0;8011.0;61.31386861;65.85944327;0.186854054;67.00389778;62.31147851;71.9169358;50.919162;66.50671902;2.0;LL
50;5065;Meta;Castilla la Nueva;50150;2016;13548;21.34570908;8.045467966;56.74638323;45;400.0;503;0;0;0;1;0;64.32411674;39.83102919;70.48983162;2004997.417;45.17271922;6120.0;49.8097561;50.23414634;246.6682927;2227.361955;2114.367634;24.57308377;88.42123781;16.44052226;94.9269888;1.103237114;3.96977409;31.18689537;96.31220245;31.18689537;18.61656704;43.08283518;11.0019926;19.48788715;41.81232751;10.2575897;251.0;213886.0;51.0;3806.0;103.0;7338.0;49.51456;51.86699;0.268748659;52.56404017;46.61077669;58.4556862;40.668578;56.6746152;2.0;LL
50;5065;Meta;Castilla la Nueva;50150;2021;15232;18.56179972;10.97689076;59.36186975;50;400.0;503;0;0;0;1;0;67.39953504;39.56160744;68.24552924;2144997.167;50.86659664;7748.0;50.94409943;48.75155258;238.8695679;3559.27151;3405.814795;16.90756305;136.5491516;23.36706611;95.68853586;0.475028752;3.836435384;31.18689537;96.31220245;31.18689537;17.4168798;43.93861893;12.57033248;18.64543983;42.24230977;11.76470588;247.0;195364.0;36.0;13989.0;86.0;43508.0;41.86047;32.15271;0.322189927;35.60828609;30.83594758;42.3285113;35.5539396;42.59918681;2.0;LL
50;5065;Meta;Cubarral;50223;2011;6255;3.086863842;;35.05995204;51;565.0;1159;0;0;0;1;0;42.20936742;44.41127076;88.88600364;729654.2083;59.36051159;3713.0;45.4;43.04705882;215.2705882;50.43382344;11.27897364;8.996833956;30.15801584;0.806296138;22.36390754;17.83888935;59.79720311;66.9467392;66.9467392;66.9467392;17.38993711;35.97484277;16.63522013;17.72357724;37.26829268;14.40650407;;;;;;;;;;85.32886845;83.46042829;87.1667009;64.8451004;86.18121645;0.0;
50;5065;Meta;Cubarral;50223;2016;6751;3.946328939;0.103688342;34.70596949;56;565.0;1159;0;0;0;1;0;43.14892248;44.06561595;73.42831298;689079.7917;52.34780033;3534.0;48.91463415;47.19512195;241.9512195;60.82916097;9.146173981;7.367952087;44.3150349;0.901039268;15.0358378;12.11253282;72.85162937;66.9467392;66.9467392;66.9467392;17.8030303;37.64568765;19.58041958;17.14371799;40.16269961;18.8912323;;;;;;;;;;73.65173876;71.62244168;75.9657524;56.9840422;76.08487427;0.0;
50;5065;Meta;Cubarral;50223;2021;7461;4.803869008;0.214448465;34.15091811;61;565.0;1159;0;0;0;1;0;43.07869041;43.99770247;73.00739523;908526.0833;55.98445249;4177.0;50.29885101;49.33333206;239.9425354;84.03737191;13.64117201;4.846206746;65.54999316;1.12635534;16.23226869;5.766728107;78.0010032;66.9467392;66.9467392;66.9467392;16.75489677;37.63896241;21.83695077;16.26391529;39.83165897;21.23269074;;;;;;;;;;73.92936249;71.70748312;75.8286626;73.8165292;80.90836516;0.0;
50;5065;Meta;Cumaral;50226;2011;20141;14.18375453;;33.92582295;56;412.0;580;0;0;0;1;0;41.19511091;45.17881394;79.90737167;533883.3333;38.97025967;7849.0;44.60117302;45.74193548;216.2580645;266.5857467;79.93607054;69.35807857;117.2915976;1.323597372;29.98512544;26.01717437;43.99770019;33.43449783;104.563652;33.43449783;19.23000595;37.95395912;13.46497321;18.81148763;39.54089238;13.19685978;;;;;;;;;;72.12740263;70.09081973;74.0883435;54.8127351;73.04509178;0.0;
50;5065;Meta;Cumaral;50226;2016;22111;14.71627998;1.175885306;34.01926643;61;412.0;580;0;0;0;1;0;41.03695532;45.23391666;72.77264957;685980.0;42.78865723;9461.0;51.90429043;51.18151815;257.0825083;348.2495835;100.4766158;96.42629382;151.3466739;1.575006031;28.85189834;27.68884684;43.45925481;33.43449783;104.563652;33.43449783;18.1785163;39.56233542;15.44538273;18.08433952;40.80014417;15.59740494;;;;;;;;;;62.53735375;60.12685138;64.7318706;48.384889;64.35929281;2.0;LL
50;5065;Meta;Cumaral;50226;2021;24114;15.35587902;1.260678444;34.44886788;66;412.0;580;0;0;0;1;0;42.03717943;45.12189606;71.59240459;905965.75;45.24757402;10911.0;51.52398682;48.08118057;240.228775;458.8570836;166.429949;80.07737839;212.3497562;1.902865902;36.27054152;17.45148571;46.27797277;33.43449783;104.563652;33.43449783;17.1603079;39.90127175;17.38621151;17.34912021;40.72520967;17.47245519;;;;;;;;;;62.25536476;59.86756333;64.7017919;62.1603487;66.1823252;0.0;
50;5065;Meta;El Calvario;50245;2011;1937;3.269660988;;72.07021167;56;1900.0;286;0;0;0;1;0;78.6631016;37.05882353;91.43576826;1206467.875;80.38203407;1557.0;45.82352941;47.58823529;222.8235294;13.26684625;1.34754775;2.169435834;9.749862668;0.684917205;10.15725761;16.35231005;73.49043234;41.8417244;51.15943527;41.8417244;18.99335233;35.04273504;15.47958215;19.90950226;34.38914027;13.91402715;;;;;;;;;;91.68436986;90.34404759;92.9702726;69.674921;90.01402525;0.0;
50;5065;Meta;El Calvario;50245;2016;1801;2.891911901;0.055524708;67.74014436;61;1900.0;286;0;0;0;1;0;75.45504688;36.95532267;87.39946381;1499776.125;70.18323154;1264.0;53.13043478;49.69565217;256.173913;17.47359773;3.350025756;2.090536215;12.03303576;0.97021642;19.17192903;11.96397129;68.86409968;41.8417244;51.15943527;41.8417244;20.88353414;31.62650602;19.97991968;18.38509317;35.77639752;17.39130435;;;;;;;;;;85.24684031;83.49674085;86.8879063;65.9551237;82.68205398;0.0;
50;5065;Meta;El Calvario;50245;2021;1817;5.943863511;0.220143093;63.40121079;66;1900.0;286;0;0;0;1;0;72.09677419;37.58064516;85.51236749;2051754.667;62.63070996;1138.0;48.42856979;48.57143021;235.5;18.83667735;4.003363415;1.052886911;13.78042702;1.036691103;21.25302324;5.589557498;73.15741926;41.8417244;51.15943527;41.8417244;19.05241935;32.15725806;22.58064516;16.84848485;36.72727273;20.36363636;;;;;;;;;;79.68411193;77.75492726;81.4837207;79.5624955;77.74222026;0.0;
50;5009;Meta;El Castillo;50251;2011;8058;1.920451725;;65.45048399;35;350.0;573;0;0;0;1;0;72.30177672;37.72208963;92.01381833;926377.7083;80.1811864;6461.0;43.08823529;42.25;205.2794118;74.13906083;25.06635149;13.26351471;35.80919463;0.920067769;33.80991235;17.89004954;48.30003811;73.49713898;95.63770294;73.49713898;18.0917262;34.98501959;16.5706384;17.45092767;37.24119387;12.71847271;;;;;;;;;;92.40590921;91.21485599;93.60957;70.22325;91.19159088;0.0;
50;5009;Meta;El Castillo;50251;2016;7994;2.361145859;0.050037528;63.72279209;40;350.0;573;0;0;0;1;0;71.55845819;38.45562812;85.2074564;1027694.75;80.54791093;6439.0;46.67088608;45.78481013;231.9367089;113.6438729;44.34747618;13.71694061;55.5794561;1.421614622;39.02320033;12.07011012;48.90668954;73.49713898;95.63770294;73.49713898;17.12523719;36.21916509;18.83301708;17.04605611;38.35362626;15.72260455;;;;;;;;;;86.34057898;84.62148867;87.9513846;66.8013448;86.99844659;0.0;
50;5009;Meta;El Castillo;50251;2021;8283;3.29892551;0.072437523;61.9582277;45;350.0;573;0;0;0;1;0;70.5568361;39.01492175;83.48162476;1262891.167;80.06760835;6632.0;46.25423813;44.02542496;215.7372894;99.9568596;30.8921692;5.83566962;63.22902078;1.206771213;30.90550196;5.838188237;63.2563098;73.49713898;95.63770294;73.49713898;15.99067599;36.43356643;21.21212121;16.00300526;38.34209867;18.33208114;;;;;;;;;;84.96469809;83.29120544;86.8296912;84.8350223;87.0943364;0.0;
50;5009;Meta;El Dorado;50270;2011;3460;3.073217726;;64.36416185;19;550.0;117;0;0;0;1;0;71.41969556;39.4221808;95.27446301;918022.0833;92.48554913;3200.0;44.74418605;43.60465116;218.4186047;31.76688501;8.487434235;5.413595468;17.8658553;0.918118064;26.71786747;17.04163146;56.24050107;57.35622787;85.29799652;57.35622787;17.34135667;34.24507659;15.70021882;17.76960784;38.1127451;12.37745098;;;;;;;;;;92.91932255;91.62310314;94.1317578;70.613415;90.2143201;0.0;
50;5009;Meta;El Dorado;50270;2016;3803;4.261986151;;63.68656324;24;550.0;117;0;0;0;1;0;70.90432503;40.1310616;79.62202136;887697.7917;80.09466211;3046.0;51.44444444;49.57142857;252.2222222;44.33728472;14.56075379;5.329650906;24.44688002;1.165850242;32.84087847;12.02069757;55.13842396;57.35622787;85.29799652;57.35622787;17.64403292;35.64814815;19.44444444;17.48251748;39.48359333;16.19150081;;;;;;;;;;84.31776276;82.63188078;85.9830691;65.2363003;;0.0;
50;5009;Meta;El Dorado;50270;2021;4128;5.056928295;0.266472868;64.0503876;29;550.0;117;0;0;0;1;0;71.61396885;40.0660689;77.12886209;1038181.583;82.58236434;3409.0;46.09230804;44.0;215.2153778;52.47353541;17.27506911;2.978880762;32.21958553;1.271161226;32.92148885;5.676920258;61.40159089;57.35622787;85.29799652;57.35622787;16.53090561;36.03258265;21.94537614;16.46251837;39.53944145;18.52033317;;;;;;;;;;84.17516314;82.40922939;85.8413293;84.0466924;83.94766739;0.0;
50;5009;Meta;Fuente de Oro;50287;2011;10333;4.721120036;;41.44972418;51;295.0;576;0;0;0;1;0;48.73940328;42.30980953;82.793093;623752.25;82.81234879;8557.0;41.11309524;40.72619048;198.6130952;246.152508;136.6527474;42.49623636;67.00352429;2.38219789;55.51548041;17.26418987;27.22032972;79.68042755;132.0792236;79.68042755;17.62850251;38.65281128;13.36054927;18.14320388;40.21035599;11.6302589;716.0;42717.0;299.0;17143.0;330.0;18828.0;90.60606061;91.05056299;0.025470759;91.03560918;88.86623978;93.0205067;69.1818997;88.42412642;0.0;
50;5009;Meta;Fuente de Oro;50287;2016;11677;4.461048785;0.094202278;42.77639805;56;295.0;576;0;0;0;1;0;50.05111049;42.62614999;76.53101541;711810.8333;81.8874711;9562.0;48.66883117;45.93506494;236.9480519;310.2210774;189.3884898;37.39307763;83.43950997;2.656684742;61.04952358;12.05368698;26.89678944;79.68042755;132.0792236;79.68042755;17.73654296;38.49882982;16.71681712;17.48902546;40.49165935;15.11852502;623.0;523276.0;208.0;13809.0;256.0;17064.0;81.25;80.92475;0.06171288;81.07047202;78.01736339;83.949032;62.723885;80.93383373;0.0;
50;5009;Meta;Fuente de Oro;50287;2021;12823;4.929293717;0.18716369;42.84488809;61;295.0;576;0;0;0;1;0;50.79312349;42.72070426;74.82341674;938958.6667;74.95125946;9611.0;48.53043365;47.57391357;229.6173859;542.7501834;399.3781992;30.77307323;112.598911;4.232630301;73.58416661;5.669841147;20.74599225;79.68042755;132.0792236;79.68042755;16.64100985;38.96243842;18.76539409;16.54812707;40.46151415;17.14872768;529.0;519561.0;168.0;190496.0;201.0;237606.0;83.58209;80.17306;0.088810822;80.21178672;76.34446578;83.15321;80.089365;80.14985694;0.0;
50;5009;Meta;Granada;50313;2011;61327;7.484468505;;15.98806398;55;333.0;381;0;0;0;1;0;20.49529645;46.34812153;73.6449149;533950.0;45.8737587;28133.0;44.16772512;44.19261848;213.514218;499.2569236;88.03389799;110.952768;300.2702577;0.814089917;17.63298491;22.22358123;60.14343386;68.65431213;111.942627;68.65431213;21.33117193;38.89895426;11.86230571;18.96805732;40.88930556;12.48242148;962.0;58697.0;335.0;19713.0;383.0;22184.0;87.46736292;88.86134151;0.026165467;88.63100855;86.65731361;90.6817217;67.3545396;83.99773108;0.0;
50;5009;Meta;Granada;50313;2016;66715;10.0700742;0.729970771;15.45229708;60;333.0;381;0;0;0;1;0;20.43035714;48.49464286;73.32125467;685696.25;70.37997452;46954.0;51.68204614;50.39217653;254.5325978;712.5006096;131.2943548;118.2412656;462.9649893;1.067976631;18.4272621;16.59525114;64.97748676;68.65431213;111.942627;68.65431213;18.83476251;38.79766466;14.39214255;17.7776464;41.42008336;15.1290313;894.0;811910.0;286.0;19259.0;385.0;26849.0;74.28571;71.73079;0.047239059;71.85164903;69.32055353;74.7344818;55.5913203;75.24181572;0.0;
50;5009;Meta;Granada;50313;2021;72836;9.246000146;0.740018672;16.15135373;65;333.0;381;0;0;0;1;0;21.79757894;49.32381244;72.30222555;905982.1667;75.70844088;55143.0;51.45226288;49.27638245;241.0140686;1114.054669;373.4336883;99.79624364;640.8247367;1.529538509;33.5202301;8.957930562;57.52183934;68.65431213;111.942627;68.65431213;17.8249807;38.93478945;16.28977386;16.98232824;41.21034419;16.93213937;717.0;777361.0;203.0;165328.0;252.0;202879.0;80.55556;81.49094;0.068973383;81.27439591;78.54296155;83.7455481;81.1503524;78.51363015;0.0;
50;5065;Meta;Guamal;50318;2011;12813;4.644371602;;32.25630219;56;521.0;638;0;0;0;1;0;40.29980826;45.04096218;74.84538535;533883.3333;41.37204402;5301.0;43.37640449;44.11797753;212.6460674;533.4448623;445.2854186;24.21818385;63.94125988;4.163309626;83.47356026;4.539960089;11.98647965;50.00332642;56.85536957;50.00332642;17.61942052;39.53014879;15.12920908;17.8282514;41.30367144;14.59240821;334.0;15471.0;139.0;6345.0;172.0;7720.0;80.81395349;82.18911917;0.090090069;82.1381449;77.97790552;85.9769065;62.4203315;84.8850006;2.0;LL
50;5065;Meta;Guamal;50318;2016;13815;7.198093859;1.968874412;32.37061165;61;521.0;638;0;0;0;1;0;40.27489212;44.86974588;70.49517824;685700.0;43.03293522;5945.0;53.73684211;51.96052632;262.7171053;634.0435026;518.4803053;22.57866808;92.9845292;4.589529516;81.77361698;3.561059768;14.66532325;50.00332642;56.85536957;50.00332642;17.05831158;40.78909196;15.98491442;16.81837885;41.75697154;16.52940327;290.0;208700.0;92.0;6051.0;134.0;8632.0;68.65672;70.09963;0.160302408;69.62661458;64.22159349;74.2644624;53.8698204;77.69089184;2.0;LL
50;5065;Meta;Guamal;50318;2021;14897;10.72811081;11.17003424;32.63744378;66;521.0;638;0;0;0;1;0;41.08759124;44.7080292;69.34203918;905965.75;44.88151977;6686.0;51.69755936;48.22439194;240.9561005;1432.589878;1290.375021;13.95600659;128.2588503;9.6166334;90.07288414;0.974180176;8.95293568;50.00332642;56.85536957;50.00332642;16.06420286;40.77421095;18.28972215;15.99625819;41.41387144;18.73580115;283.0;201795.0;71.0;27797.0;97.0;38671.0;73.19588;71.88074;0.216332427;71.49016207;66.62116395;76.5305157;71.3810515;79.675556;2.0;LL
50;5009;Meta;Mapiripán;50325;2011;6879;2.906187915;;68.96351214;22;200.0;11938;0;0;0;1;0;74.54601416;38.96583564;88.38077462;682633.3333;63.97732229;4401.0;40.125;37.96875;193.71875;65.66563868;17.94321739;10.73784884;36.98457245;0.95458117;27.32512429;16.35231005;56.32256565;182.9853973;266.032959;182.9853973;17.02307259;38.63252673;12.63365222;18.19548872;38.37593985;10.2556391;159.0;13509.0;64.0;5029.0;72.0;5658.0;88.88888889;88.88299753;0.144468143;88.97416339;83.52586187;93.039128;67.6153178;89.41352009;1.0;HH
50;5009;Meta;Mapiripán;50325;2016;6990;6.9182165;0.08583691;66.22317597;27;200.0;11938;0;0;0;1;0;69.17626218;37.57307352;117.8727788;730270.4167;76.89556509;5375.0;47.26190476;42.30952381;225.0952381;109.3505595;55.06997821;13.08266954;41.19791175;1.564385687;50.36094782;11.96397129;37.67508089;182.9853973;266.032959;182.9853973;15.6810982;34.42449842;12.80359029;17.11430356;31.54278576;7.55777639;167.0;219983.0;46.0;3605.0;57.0;4545.0;80.70175;79.31793;0.400232337;80.2964919;74.52891814;85.4942949;62.1250599;79.3434191;0.0;
50;5009;Meta;Mapiripán;50325;2021;7273;13.11929969;1.003712361;65.35129933;32;200.0;11938;0;0;0;1;0;68.9637994;37.54566589;112.0563928;905965.75;75.30592603;5477.0;45.38775635;41.46938705;206.8571472;152.0495994;93.81468455;8.498899786;49.73601509;2.090603595;61.70005373;5.589557498;32.71038877;182.9853973;266.032959;182.9853973;14.70438328;35.24464832;14.67889908;16.60197074;32.39773067;8.95789788;141.0;200919.0;42.0;48116.0;48.0;60469.0;87.5;79.57135;0.302652619;79.83194734;72.79110879;85.5526621;79.7101053;78.52160307;0.0;
50;5009;Meta;Mesetas;50330;2011;10853;1.579440401;;60.41647471;30;827.0;1980;0;0;0;1;0;67.18190193;39.41037977;95.01533742;873865.6667;61.66958445;6693.0;42.69014085;39.85915493;198.7605634;90.36173245;23.57935565;20.47548398;46.30689281;0.832596816;26.09440414;22.65946373;51.24613213;127.6097794;151.6693268;127.6097794;17.46902655;35.16814159;16.19469027;17.20161445;36.76724966;11.35883144;645.0;43128.0;268.0;17081.0;294.0;19216.0;91.15646259;88.88946711;0.04794868;88.87155355;86.31917462;91.0408014;67.5373402;90.49787458;0.0;
50;5009;Meta;Mesetas;50330;2016;11021;2.326618879;0.063515108;59.84937846;35;827.0;1980;0;0;0;1;0;66.9201155;38.90279115;82.17906611;891367.0;75.46502132;8317.0;50.91566265;46.93975904;243.3253012;134.4090409;53.36037603;16.73569171;64.3129732;1.219572098;39.69999016;12.45131398;47.84869586;127.6097794;151.6693268;127.6097794;17.00564006;37.9422321;17.03982225;17.31141199;39.01353965;13.81044487;495.0;548477.0;207.0;17081.0;231.0;19105.0;89.61039;89.40591;0.053718104;89.11453761;86.53492058;91.6901939;68.9475449;88.04612129;0.0;
50;5009;Meta;Mesetas;50330;2021;11747;4.806901053;0.38307653;57.96373542;40;827.0;1980;0;0;0;1;0;65.64831261;39.37833037;78.74684721;1174302.0;79.80761045;9375.0;51.20481873;47.53012085;235.9397583;146.6538601;57.73587815;9.359941219;79.55804078;1.248436709;39.36880904;6.382335391;54.24885557;127.6097794;151.6693268;127.6097794;15.91869919;38.61788618;19.17073171;16.58031088;39.34250491;15.81204217;536.0;607633.0;191.0;192728.0;217.0;232143.0;88.01843;83.02124;0.093806221;83.08214789;79.83176397;86.2431258;82.9553453;83.46337746;1.0;HH
50;5009;Meta;La Macarena;50350;2011;21610;0.935138053;;81.05969459;31;233.0;11231;0;0;0;1;0;84.66409971;36.03708582;101.1712128;917699.1667;33.26237853;7188.0;45.71153846;46.86538462;221.0384615;73.20614293;12.35844521;15.6060915;45.24160622;0.338760495;16.88170516;21.31800813;61.80028671;162.3111877;221.2382813;162.3111877;18.33456882;36.45498723;10.03212256;18.586968;36.2445876;7.857218291;;;;;;;;;;83.34958138;81.92515462;85.0637049;63.3409545;84.90545382;0.0;
50;5009;Meta;La Macarena;50350;2016;25335;1.067035063;0.03157687;82.19459246;36;233.0;11231;0;0;0;1;0;85.30552044;36.41803624;92.12829851;1078370.083;31.04795737;7866.0;49.0;47.6;242.96;182.6799084;32.57160601;22.34387027;127.7644321;0.721057463;17.82987867;12.23115912;69.93896221;162.3111877;221.2382813;162.3111877;18.30406349;38.66558895;10.09625983;18.93228722;37.35289101;6.68599693;;;;;;;;;;69.83677732;67.69575319;71.9717049;54.0324225;79.05286958;0.0;
50;5009;Meta;La Macarena;50350;2021;28177;1.915569436;0.039038932;83.13518118;41;233.0;11231;0;0;0;1;0;86.43830571;36.13627993;86.82756287;1353250.583;35.6673883;10050.0;45.82715988;43.56790161;213.6049347;331.7506068;155.1489802;15.27383784;161.3277888;1.177380867;46.76675098;4.604012028;48.62923699;162.3111877;221.2382813;162.3111877;17.2560207;39.94559809;11.6964108;18.246337;38.59126984;7.760989011;;;;;;;;;;72.44728816;70.11714816;74.4893153;72.3367168;80.28122622;0.0;
50;5009;Meta;Uribe;50370;2011;8530;1.249511528;;77.4091442;21;1000.0;6307;0;0;0;1;0;81.26672614;36.68918058;98.75292284;878718.5;82.20398593;7012.0;41.70588235;42.58823529;205.7058824;72.03120119;24.20765066;12.14959729;35.67395324;0.8444455;33.60717336;16.86713131;49.52569533;111.9239883;161.8532104;111.9239883;20.5629566;34.46497636;11.13021057;20.48503612;34.13312693;8.178534572;270.0;24005.0;96.0;8624.0;113.0;10201.0;84.95575221;84.5407313;0.124606071;85.41531735;81.24286838;88.8207506;64.9107967;88.69472967;0.0;
50;5009;Meta;Uribe;50370;2016;9050;2.466850829;0.044198895;77.03867403;26;1000.0;6307;0;0;0;1;0;81.41322781;34.91237988;81.25428376;695142.9167;74.38674033;6732.0;48.25806452;46.38709677;236.8870968;89.82748812;29.99424082;10.79534067;49.03790663;0.99256893;33.39093795;12.01785879;54.59120326;111.9239883;161.8532104;111.9239883;22.49853143;36.94928529;12.53181907;20.18767436;37.38270353;9.561247781;196.0;344979.0;69.0;10265.0;80.0;11700.0;86.25;87.73505;0.147641369;87.80124685;83.3662088;91.8698784;67.9314574;86.46434334;0.0;
50;5009;Meta;Uribe;50370;2021;9691;3.451656176;0.257971314;77.40171293;31;1000.0;6307;0;0;0;1;0;82.04102564;34.82051282;77.04814522;923820.3333;88.66989991;8593.0;49.43877411;46.60203934;228.163269;150.4539523;79.51094375;8.478551664;62.46445693;1.552512149;52.84736128;5.635313351;41.51732537;111.9239883;161.8532104;111.9239883;21.71670658;37.79701603;14.36728679;19.16940404;38.36227123;11.30924449;219.0;353404.0;69.0;46362.0;76.0;51597.0;90.78947;89.85406;0.113130396;89.83873955;85.90335568;93.4037937;89.7016248;88.48920427;0.0;
50;5009;Meta;Lejanías;50400;2011;10878;1.639394497;;58.2460011;30;700.0;852;0;0;0;1;0;65.73208723;39.95578334;93.73206464;917732.5;78.25887112;8513.0;44.14018692;45.10280374;214.9345794;270.1258977;165.3945351;46.32906851;58.40229407;2.483231271;61.22868504;17.150917;21.62039796;81.01154327;96.88008881;81.01154327;17.26907631;35.04452593;15.50550026;17.68588624;38.45855174;12.21122112;;;;;;;;;;91.15917204;89.77946908;92.4746937;69.2758005;88.71989371;0.0;
50;5009;Meta;Lejanías;50400;2016;11235;2.692478861;0.089007566;58.20204717;35;700.0;852;0;0;0;1;0;66.10654603;39.77472071;82.49366732;842628.5;78.11303961;8776.0;51.71544715;51.20325203;253.4308943;232.9626096;128.8800554;28.10977569;75.97277847;2.073543476;55.32220628;12.06621773;32.611576;81.01154327;96.88008881;81.01154327;17.27802537;36.99005828;17.70654782;16.64506573;39.71486762;15.88594705;;;;;;;;;;84.03569312;82.28545356;85.7379667;65.0180642;85.15203576;0.0;
50;5009;Meta;Lejanías;50400;2021;12007;2.919130507;0.141584076;57.99950029;40;700.0;852;0;0;0;1;0;66.51178508;39.96789727;80.72320842;1099222.917;80.66128092;9685.0;49.24603271;47.77777863;231.0317535;368.3168623;251.3287499;21.04264235;95.94547003;3.0675178;68.23710116;5.713190055;26.04970879;81.01154327;96.88008881;81.01154327;16.14947197;37.30300569;19.96750609;15.89200273;39.62747779;18.25017088;;;;;;;;;;84.77599826;83.13224739;86.4440385;84.6466105;84.85375147;0.0;
50;5009;Meta;Puerto Concordia;50450;2011;8054;2.283544409;;59.85845543;22;200.0;1298;0;0;0;1;0;63.87905203;39.44429311;80.11538462;850334.0833;87.00024832;7007.0;40.86842105;40.69736842;198.7105263;69.7228868;16.62828376;11.40130263;41.69330041;0.86569266;23.84910397;16.35231005;59.79858598;170.9294434;245.4401703;170.9294434;18.86660448;39.43563433;12.91977612;20.26022305;37.75889538;10.22304833;264.0;21624.0;109.0;8667.0;116.0;9232.0;93.96551724;93.87998267;0.051439315;93.87455995;90.74409494;96.3434627;71.3393413;93.17099006;0.0;
50;5009;Meta;Puerto Concordia;50450;2016;8289;2.774761732;0.012064181;59.59705634;27;200.0;1298;0;0;0;1;0;65.69579288;39.59007551;94.72012703;857180.1667;78.8032332;6532.0;48.80357143;48.94642857;244.8035714;157.7966317;86.12503032;18.8787437;52.79285763;1.903687196;54.57976474;11.96397129;33.45626398;170.9294434;245.4401703;170.9294434;16.59919028;35.0877193;15.96941071;18.3190216;37.2625553;11.13713245;264.0;285678.0;89.0;6863.0;105.0;8084.0;84.7619;84.89609;0.160621083;84.819453;80.52730041;88.493974;65.624456;85.33158295;0.0;
50;5009;Meta;Puerto Concordia;50450;2021;8760;5.090372907;0.319634703;59.57762557;32;200.0;1298;0;0;0;1;0;66.27965044;39.40074906;91.26069171;908526.0;86.16438356;7548.0;46.30769348;44.97802353;213.9340668;221.6582172;150.7590871;12.3897135;58.50941665;2.530344945;68.01421078;5.589557498;26.39623172;170.9294434;245.4401703;170.9294434;15.54559043;35.72496263;17.9799274;17.46382144;37.92003924;12.65636497;260.0;345381.0;70.0;97516.0;82.0;124157.0;85.36585;78.54249;0.245417375;79.28710669;74.36461428;83.9318089;79.1660962;79.43732267;0.0;
50;5069;Meta;Puerto Gaitán;50568;2011;33643;17.15537655;;49.0295158;42;149.0;17536;0;0;0;1;0;52.57256431;41.3560339;105.7497467;1032986.75;61.0765984;20548.0;40.37113402;41.51030928;199.8608247;14526.51341;14360.69287;52.13105113;113.6894883;43.17841276;98.85849732;0.358868296;0.782634381;176.539093;258.9419556;176.539093;19.03988349;36.0239749;7.808648891;19.66309923;34.08903806;6.782344373;;;;;;;;;;85.55567815;83.91915313;86.9995625;65.0174629;76.83013451;0.0;
50;5069;Meta;Puerto Gaitán;50568;2016;39240;12.14470778;7.135575943;49.96432212;47;149.0;17536;0;0;0;1;0;53.33875967;40.45017688;94.54212911;1097856.208;70.04587156;27486.0;50.95780591;47.4978903;243.628692;6101.624115;5759.527428;77.85718172;264.2395046;15.5495008;94.39335036;1.276007506;4.330642132;176.539093;258.9419556;176.539093;19.6441315;38.60792616;7.593130025;19.58180122;35.54140827;6.723011909;;;;;;;;;;71.96280215;69.67390402;74.6934692;55.677319;68.32319808;0.0;
50;5069;Meta;Puerto Gaitán;50568;2021;44239;18.69617306;27.15025204;50.33793711;52;149.0;17536;0;0;0;1;0;54.42521228;40.28140649;90.59987631;1383343.417;72.59205678;32114.0;47.01117325;44.39664841;219.276535;9810.726026;9346.166583;63.96038597;400.5990573;22.1766451;95.26478018;0.651943452;4.083276367;176.539093;258.9419556;176.539093;18.94696713;39.53744493;8.696204676;19.14109835;36.20280161;7.697154767;;;;;;;;;;77.19645205;74.99549237;79.0420439;77.0786324;72.24771086;2.0;LL
50;5069;Meta;Puerto López;50573;2011;27614;10.01726178;;37.62946332;56;184.0;6239;0;0;0;1;0;44.31417045;43.68381241;84.29190916;757120.4167;61.21170421;16903.0;44.1993199;44.54329975;213.2896725;524.899847;223.0091253;84.30370702;217.5870147;1.900846842;42.48603358;16.06091286;41.45305356;96.27563477;177.0883331;96.27563477;18.43996618;37.41544532;13.02846674;18.17910893;39.934436;11.60780808;524.0;39811.0;171.0;13597.0;212.0;16321.0;80.66037736;83.30984621;0.114716042;83.33357502;80.27775684;86.2434623;63.3287906;79.93647739;2.0;LL
50;5069;Meta;Puerto López;50573;2016;29617;12.73761691;2.559340919;38.45764257;61;184.0;6239;0;0;0;1;0;44.92909161;43.78689153;80.11417199;895896.5833;63.05500219;18675.0;51.6980057;51.92877493;257.1424501;980.7293855;495.6829165;107.9828458;377.0636233;3.311373149;50.54227229;11.01046296;38.44726474;96.27563477;177.0883331;96.27563477;17.64589123;38.36840016;14.15244145;17.42398125;40.1158381;14.07984555;442.0;422588.0;115.0;8700.0;199.0;15461.0;57.78894;56.27061;0.23255609;57.62186026;53.46468821;62.1395109;44.5817922;62.2879292;2.0;LL
50;5069;Meta;Puerto López;50573;2021;32091;13.32175169;2.645601571;39.17297685;66;184.0;6239;0;0;0;1;0;46.41224546;43.59329547;77.85896265;1025688.083;61.93636845;19876.0;51.10177994;49.89313126;241.4936371;1226.022539;675.7095145;115.2737255;435.0392994;3.820456014;55.11395531;9.402251738;35.48379295;96.27563477;177.0883331;96.27563477;16.60831644;38.93495486;16.00024569;16.57179001;40.34155598;15.84440228;375.0;404181.0;85.0;139147.0;140.0;222528.0;60.71429;62.53011;0.281977537;63.17020125;58.31761521;67.7363123;63.0737889;66.07055965;2.0;LL
50;5009;Meta;Puerto Lleras;50577;2011;9624;2.266036298;;60.33873649;46;240.0;2061;0;0;0;1;0;66.94780032;38.15819467;82.94108099;809636.6667;76.00789692;7315.0;43.58426966;42.38202247;210.8539326;132.8243107;49.06766118;24.54494163;59.21170787;1.380136229;36.9417774;18.47925392;44.57896868;101.6732483;170.6681061;101.6732483;18.41701801;39.84285167;11.92027597;19.65501589;38.87880163;8.919655016;;;;;;;;;;91.43691369;90.06548462;92.6799095;69.4868684;90.68464153;0.0;
50;5009;Meta;Puerto Lleras;50577;2016;10161;3.515073976;0.09841551;60.97825017;51;240.0;2061;0;0;0;1;0;67.93045664;38.58399665;83.24558687;914280.9583;70.01279402;7114.0;48.43157895;45.15789474;233.9684211;192.3864656;95.43765241;23.31844938;73.63036381;1.893381218;49.60725907;12.12062881;38.27211211;101.6732483;170.6681061;101.6732483;17.54864521;37.29769049;16.51209311;18.01801802;38.73873874;13.19176319;;;;;;;;;;82.74842561;80.83783971;84.3563887;64.0221107;84.24911344;0.0;
50;5009;Meta;Puerto Lleras;50577;2021;10963;4.573717656;0.638511356;61.43391407;56;240.0;2061;0;0;0;1;0;68.79035321;38.64413217;79.33919455;930884.7917;65.00957767;7127.0;50.01587296;47.01587296;230.3492126;324.891062;207.1060148;18.78814604;98.99690115;2.963523324;63.746295;5.782906407;30.47079859;101.6732483;170.6681061;101.6732483;16.66666667;37.87878788;18.52230167;17.29219886;39.22185105;14.79662016;;;;;;;;;;80.26389378;78.31387394;82.1667389;80.1413925;81.1054136;0.0;
50;5009;Meta;Puerto Rico;50590;2011;12854;1.6933769;;54.25548467;27;200.0;3772;0;0;0;1;0;61.86523006;36.62456946;81.15050651;778676.0;62.548623;8040.0;41.8902439;41.6097561;204.2804878;118.0591255;41.48208971;21.35872924;55.21830656;0.918462156;35.13670759;18.09155298;46.77173943;158.1301727;219.8918304;158.1301727;18.4206887;41.26676808;11.93472549;19.2246132;38.20024898;8.056197759;431.0;38443.0;226.0;19424.0;231.0;19855.0;97.83549784;97.82926215;0.009628524;97.57098694;95.92586467;98.7433412;74.1484161;92.0118609;0.0;
50;5009;Meta;Puerto Rico;50590;2016;13020;3.264208909;0.168970814;51.53609831;32;200.0;3772;0;0;0;1;0;59.39532134;37.81775188;78.01535735;716724.5417;65.28417819;8500.0;49.12280702;49.38596491;244.9473684;196.7508932;87.19304772;23.77756493;85.78028055;1.511143573;44.31646856;12.08511156;43.59841989;158.1301727;219.8918304;158.1301727;16.3165948;41.04882459;15.74627904;18.14440062;39.41004973;11.11301664;522.0;446968.0;222.0;16432.0;267.0;19495.0;83.14606;84.28828;0.055129838;84.24537407;81.3617467;87.2824939;65.1802935;84.53171261;0.0;
50;5009;Meta;Puerto Rico;50590;2021;13292;5.661926974;0.09780319;49.19500451;37;200.0;3772;0;0;0;1;0;57.71992819;38.77101355;74.78769796;925186.9167;72.16370749;9592.0;48.06818008;46.01136398;224.1818237;577.0784922;432.967997;32.67807035;111.4324248;4.341547489;75.02757473;5.662673413;19.30975185;158.1301727;219.8918304;158.1301727;15.16376307;41.67247387;17.74216028;17.45953899;39.90518228;12.70230505;496.0;445311.0;138.0;153011.0;182.0;207770.0;75.82417;73.64442;0.135008886;74.13623395;70.42910936;78.2698494;74.0230849;76.56398699;0.0;
50;5065;Meta;Restrepo;50606;2011;16091;6.370538396;;32.98738425;96;488.0;289;0;0;0;1;0;40.80736248;45.1160845;76.09379468;533983.3333;36.74725002;5913.0;44.06914414;44.82536036;216.6216216;203.0795023;77.11226448;36.39589535;89.57134251;1.262068873;37.97146615;17.92199357;44.10654029;20.45256996;94.62230682;20.45256996;17.28564307;39.68095713;15.14207378;17.26788149;41.41564398;14.86302219;;;;;;;;;;76.68708364;74.74563283;78.8210996;58.2778341;78.90504203;0.0;
50;5065;Meta;Restrepo;50606;2016;17648;6.698114989;0.492973708;33.26155938;101;488.0;289;0;0;0;1;0;41.65070736;44.2453821;68.72577111;685703.75;38.63327289;6818.0;52.55319149;50.75744681;257.2978723;212.879284;58.96011763;27.01842023;126.9007461;1.206251609;27.69650317;12.69189736;59.61159947;20.45256996;94.62230682;20.45256996;17.58748734;40.66614156;16.67604366;16.40223719;42.43807784;16.93870563;;;;;;;;;;66.33377127;63.87494062;68.4114745;51.3221613;72.43997493;0.0;
50;5065;Meta;Restrepo;50606;2021;19316;9.458480017;0.983640505;33.49037068;106;488.0;289;0;0;0;1;0;42.5331337;44.08029723;67.69349249;905973.8333;41.2455995;7967.0;53.01204681;50.86746979;248.9357452;255.4479033;67.16920136;15.81913529;172.4595666;1.322467919;26.29467711;6.192705084;67.5126178;20.45256996;94.62230682;20.45256996;16.54980408;40.69911322;18.94204991;15.64774381;42.2125182;19.16198794;;;;;;;;;;66.19930402;64.00738975;68.8450662;66.0982686;71.30517737;0.0;
50;5065;Meta;San Carlos de Guaroa;50680;2011;10289;9.041209058;;48.90659928;50;230.0;814;0;0;0;1;0;56.0488844;39.8811526;87.67779839;533883.3333;44.39692876;4568.0;40.92134831;42.3258427;203.8988764;396.8757287;214.5795105;121.0335421;61.26267613;3.857281842;54.06717897;30.49658452;15.43623651;41.33450699;124.2483673;41.33450699;17.74719305;40.60123144;9.923940601;18.31340466;38.59869939;9.020348227;252.0;15768.0;66.0;3750.0;106.0;6100.0;62.26415094;61.47540984;0.273121474;63.25101602;57.74352878;68.2408899;48.0671848;66.72168764;2.0;LL
50;5065;Meta;San Carlos de Guaroa;50680;2016;11802;10.54905948;0.389764447;48.61040502;55;230.0;814;0;0;0;1;0;56.25891075;40.37639008;80.94488189;702034.3333;46.54295882;5493.0;49.18518519;46.4962963;239.4666667;381.603454;112.4023084;187.3833034;81.81784228;3.233379546;29.45526493;49.10419479;21.44054028;41.33450699;124.2483673;41.33450699;17.74141803;41.25761951;10.89188322;18.51652299;39.67313218;10.11135057;204.0;163409.0;55.0;3609.0;96.0;6429.0;57.29167;56.13626;0.280507747;57.7295551;51.86765908;63.9214512;44.6651153;60.39402188;2.0;LL
50;5065;Meta;San Carlos de Guaroa;50680;2021;13047;8.945862395;1.019391431;48.96911167;60;230.0;814;0;0;0;1;0;57.17409588;40.44575273;77.76732149;905965.75;44.27071357;5776.0;47.03333282;45.14166641;220.8249969;600.0446237;244.1555387;236.7147236;119.1743614;4.599100358;40.68956358;39.44951996;19.86091646;41.33450699;124.2483673;41.33450699;16.8207838;42.1253486;12.4467929;17.88578762;40.16682708;11.46936157;217.0;187324.0;41.0;68412.0;77.0;130777.0;53.24675;52.31195;0.362698338;53.76836792;48.17205225;60.1282681;53.6863049;56.84676416;2.0;LL
50;5009;Meta;San Juan de Arama;50683;2011;8734;3.927181131;;55.41561713;45;648.0;1163;0;0;0;1;0;62.80794369;39.68074409;88.80044428;1043153.917;56.07968857;4898.0;43.30681818;41.57954545;209.8068182;96.84259029;39.12845284;18.9917748;38.72236265;1.10879998;40.40417829;19.61097358;39.98484813;94.25011444;138.849411;94.25011444;18.96737956;36.03370058;15.23007129;18.05115713;37.29598051;12.30207065;246.0;21984.0;84.0;7559.0;93.0;8274.0;90.32258065;91.35847232;0.080948969;90.91392085;87.11362151;94.0386723;69.0894235;89.43504072;0.0;
50;5009;Meta;San Juan de Arama;50683;2016;9049;3.525251409;0.79566803;53.23240137;50;648.0;1163;0;0;0;1;0;60.43517886;39.24584188;70.43377098;869565.3333;62.01790253;5612.0;50.93406593;48.02197802;247.5714286;129.2609994;57.97251261;15.80525291;55.48323384;1.428456176;44.84919109;12.22739495;42.92341396;94.25011444;138.849411;94.25011444;20.5815161;37.79854621;18.27622015;17.78460085;39.65517241;15.89513462;201.0;273437.0;80.0;9162.0;100.0;11245.0;80.0;81.47621;0.183300173;81.48715579;76.06973731;85.9903308;63.0462715;79.8033982;0.0;
50;5009;Meta;San Juan de Arama;50683;2021;9547;4.399287734;0.377081806;50.10998219;55;648.0;1163;0;0;0;1;0;58.00555793;39.74989312;68.46564167;938270.25;62.10327852;5929.0;49.60606003;48.61616135;236.7171783;213.1450639;125.1328748;12.60728034;75.40490869;2.232586822;58.70784552;5.91488262;35.37727186;94.25011444;138.849411;94.25011444;19.88478347;37.78307509;20.3416766;17.12829603;39.84046089;18.03678263;225.0;380419.0;58.0;94097.0;64.0;109035.0;90.625;86.29981;0.222394615;85.60522426;81.02073929;89.8705213;85.4745709;84.81771144;0.0;
50;5065;Meta;San Juanito;50686;2011;1366;3.50170815;;56.14934114;30;1950.0;162;0;0;0;1;0;63.73355263;40.37828947;99.13580247;918219.2917;91.28843338;1247.0;40.88888889;49.55555556;219.1111111;15.0801532;3.486532893;3.280782777;8.312837526;1.103964363;23.12000978;21.75563294;55.12435728;47.20860291;57.93473816;47.20860291;18.14345992;34.45850914;14.48663854;18.01526718;34.35114504;14.50381679;;;;;;;;;;92.26914576;90.91468825;93.48515;70.1193175;88.52213255;0.0;
50;5065;Meta;San Juanito;50686;2016;1324;4.833836858;0.075528701;50.3776435;35;1950.0;162;0;0;0;1;0;58.72622002;39.86765922;85.35414166;996814.2917;96.75226586;1281.0;54.63636364;53.18181818;268.5454545;15.37566407;2.710516758;1.939010909;10.7261364;1.161303933;17.62861588;12.61090838;69.76047573;47.20860291;57.93473816;47.20860291;20.68473609;35.52068474;14.26533524;18.94060995;35.95505618;14.60674157;;;;;;;;;;91.11316917;89.78765582;92.3770934;70.4938778;81.02336402;0.0;
50;5065;Meta;San Juanito;50686;2021;1362;8.015173764;0.367107195;45.15418502;40;1950.0;162;0;0;0;1;0;54.13654618;40.64257028;83.64485981;959143.5;103.3773862;1408.0;54.90909195;51.18181992;257.7727356;15.83120066;2.853672385;1.044360117;11.93316816;1.162349534;18.02562197;6.596847198;75.37753083;47.20860291;57.93473816;47.20860291;19.66292135;35.53370787;16.99438202;18.46153846;35.69230769;16.46153846;;;;;;;;;;89.4112422;87.9242127;90.8106713;89.2747799;76.82371596;0.0;
50;5065;Meta;San Martín;50689;2011;24310;10.73255176;;24.77581242;53;421.0;6454;0;0;0;1;0;30.11504296;46.41522256;76.6196827;533883.3333;37.33854381;9077.0;45.69402985;46.6380597;219.7014925;389.6727912;135.4687249;113.7310081;140.4730582;1.602932091;34.76473799;29.18628416;36.04897786;86.97912598;167.6799164;86.97912598;17.5922901;39.07219863;15.43613198;17.18879496;40.65141721;15.16658379;726.0;42490.0;243.0;14987.0;307.0;18288.0;79.15309446;81.94991251;0.051569525;81.68813792;78.83212661;84.3322802;62.0783517;78.79700216;0.0;
50;5065;Meta;San Martín;50689;2016;26051;10.68161171;0.364669303;26.36750988;58;421.0;6454;0;0;0;1;0;31.82299947;46.74969087;77.63134355;685726.25;47.06921039;12262.0;51.65693431;51.77372263;257.149635;327.5346313;73.9372112;72.61422528;180.9831948;1.257282374;22.57386064;22.16993818;55.25620118;86.97912598;167.6799164;86.97912598;17.74131125;37.54160539;17.66390588;16.97380445;38.48614072;18.3901919;579.0;571119.0;157.0;14313.0;233.0;21669.0;67.38197;66.05289;0.129513978;66.06423086;62.46111781;69.9709022;51.113619;69.83170888;2.0;LL
50;5065;Meta;San Martín;50689;2021;28489;10.38032223;0.72659623;27.66330865;63;421.0;6454;0;0;0;1;0;33.68165925;46.42800381;77.08492731;905965.75;48.74161957;13886.0;51.1860466;49.39069748;240.4697723;712.7575551;375.6736435;85.61995234;251.4639592;2.501869336;52.70707281;12.01249313;35.28043405;86.97912598;167.6799164;86.97912598;16.66666667;37.7196712;19.67828798;16.27599638;38.14425819;20.35890659;623.0;601270.0;135.0;118865.0;213.0;193345.0;63.38028;61.47819;0.138883502;61.66728678;57.86027424;65.4423689;61.5731682;66.87440984;0.0;
50;5009;Meta;Vistahermosa;50711;2011;17625;4.519148936;;61.8212766;43;390.0;4749;0;0;0;1;0;68.33364434;38.79455122;86.73276251;1089392.0;75.35319149;13281.0;40.68748428;42.33654088;205.6666667;147.0073843;46.72016753;25.72540569;74.56181103;0.83408445;31.78083045;17.49939693;50.71977262;154.7511597;204.2619324;154.7511597;18.30761043;38.08408728;12.53858435;19.11300122;38.44471446;8.857837181;;;;;;;;;;91.08187418;89.84408543;92.4306265;69.2170585;90.55796231;0.0;
50;5009;Meta;Vistahermosa;50711;2016;17762;3.036914011;0.112599932;59.75678415;48;390.0;4749;0;0;0;1;0;67.05336427;38.93152478;80.20166594;800317.7083;81.65184101;14503.0;51.51612903;50.67741935;253.483871;247.4689181;105.5866677;29.78375284;112.0984975;1.393249173;42.66663811;12.03535097;45.29801092;154.7511597;204.2619324;154.7511597;16.84587814;38.35125448;17.23592663;18.11261479;39.63267279;12.33687772;;;;;;;;;;86.5760968;85.02153561;88.1926864;66.9835639;86.54380408;0.0;
50;5009;Meta;Vistahermosa;50711;2021;18514;3.816031112;0.248460624;55.79561413;53;390.0;4749;0;0;0;1;0;63.8862184;39.5521122;77.49540211;1249663.417;84.70886896;15683.0;48.47572708;46.26213455;226.7621307;340.0745579;179.3763214;19.35921466;141.3390218;1.836850804;52.74617499;5.692638338;41.56118667;154.7511597;204.2619324;154.7511597;15.79701248;38.63310825;19.58256599;17.36842105;39.93135011;14.37070938;;;;;;;;;;86.11941595;84.40856213;87.7901441;85.9879778;84.98545097;0.0;
52;5221;Nariño;Pasto;52001;2011;380245;15.47793747;;20.6403766;471;2559.0;1131;0;0;1;0;0;27.03901046;48.92309851;63.80629107;534125.0;51.26457942;194931.0;49.17907684;49.2999928;233.7289905;3093.371302;96.89448065;486.4257435;2510.051077;0.813520573;3.132326229;15.72477715;81.14289662;0.0;502.1014709;270.6582336;19.42221387;40.81422855;15.03382486;17.63256787;43.44322749;17.09622553;24108.0;395573.0;7985.0;138578.0;11306.0;187927.0;70.62621617;73.74033534;0.003290029;73.74157591;73.20484007;74.3436859;56.0394153;68.50432955;3.0;LH
52;5221;Nariño;Pasto;52001;2016;389184;23.20564737;1.777565368;21.34594433;476;2559.0;1131;0;0;1;0;0;28.09526332;48.50293725;59.36814247;685696.25;55.01793496;214121.0;56.14978992;56.0947479;280.8844538;4979.784261;126.4363904;887.2113693;3966.136502;1.279544961;2.538993334;17.81626116;79.6447455;0.0;502.1014709;270.6582336;18.53524953;42.55387966;16.67493235;16.58794764;44.22716248;19.64866112;22767.0;5237704.0;7364.0;154384.0;11884.0;231263.0;61.96567;66.7569;0.003420508;66.75697833;66.12536522;67.3128493;51.6495949;64.39229186;3.0;LH
52;5221;Nariño;Pasto;52001;2021;405730;25.68773158;2.05407537;22.2209351;481;2559.0;1131;0;0;1;0;0;29.0940082;48.77782838;54.36353626;907815.5;56.04934316;227409.0;56.37686157;54.46123886;268.1691589;6815.006434;218.5726401;803.0986587;5793.335135;1.679690049;3.207225733;11.78426853;85.00850573;0.0;502.1014709;270.6582336;16.71502341;44.7884698;18.92930838;14.73732238;45.42153193;22.97986852;20695.0;5506335.0;6003.0;1356734.0;10040.0;2169756.0;59.79084;62.52934;0.00614534;62.53424893;61.9269727;63.1935963;62.4388072;62.11333088;3.0;LH
52;5258;Nariño;Albán;52019;2011;10474;4.951148877;;73.71586786;108;1700.0;83;0;0;1;0;0;79.51223807;38.1669308;68.35352815;535475.0;74.74699255;7829.0;44.79591837;46.56122449;219.2755102;76.47903878;39.49402004;6.061498168;30.92352058;0.730179862;51.64031958;7.925698681;40.43398174;51.07386398;454.8368835;219.8649445;16.52661064;42.07282913;18.00186741;16.91736667;43.0748193;17.67923423;271.0;44042.0;123.0;18587.0;134.0;21592.0;91.79104478;86.08280845;0.155754865;86.40133624;82.1974402;89.9621398;65.6601151;87.01759126;1.0;HH
52;5258;Nariño;Albán;52019;2016;9807;12.71795656;;72.60120322;113;1700.0;83;0;0;1;0;0;79.40592272;38.47056699;62.82934132;685696.25;72.94789436;7154.0;53.453125;52.7421875;264.0625;108.4771108;61.43759815;12.67286726;34.36664544;1.106119209;56.63646245;11.68252653;31.68101102;51.07386398;454.8368835;219.8649445;17.41857172;41.49302043;20.99939308;17.00246711;42.578125;21.64884868;248.0;503073.0;112.0;17269.0;131.0;20661.0;85.49619;83.5826;0.203476311;83.64955327;79.26634548;87.6195833;64.7193094;69.82333044;1.0;HH
52;5258;Nariño;Albán;52019;2021;9860;8.328262339;0.162271805;71.2474645;118;1700.0;83;0;0;1;0;0;78.54785479;38.51574347;61.50074294;905965.75;70.59837728;6961.0;51.92436981;52.43697357;248.7815094;162.3280978;105.172263;11.05819455;46.09764023;1.646329592;64.78993129;6.812249205;28.39781951;51.07386398;454.8368835;219.8649445;16.02020202;42.58585859;22.38383838;15.66191446;42.93279022;23.66598778;212.0;603131.0;74.0;250097.0;83.0;281232.0;89.15662;88.92907;0.179987075;88.5487283;84.49488555;92.2886572;88.4135824;78.65170292;1.0;HH
52;5282;Nariño;Aldana;52022;2011;7046;3.388447346;;78.20039739;100;3013.0;65;0;0;1;0;0;85.35104364;39.62049336;72.53763441;673901.0417;105.1092819;7406.0;46.02564103;48.53846154;223.7564103;31.93281037;11.18235424;3.498283856;17.25217228;0.453204802;35.01838425;10.95513929;54.02647646;49.75103378;549.8956299;303.9517212;17.40806643;40.0059312;15.48042705;16.71203048;42.1066957;18.91671203;;;;;;;;;;94.89482902;93.72049408;95.8380618;72.1146879;91.03152893;1.0;HH
52;5282;Nariño;Aldana;52022;2016;7236;2.803114059;;78.67606412;105;3013.0;65;0;0;1;0;0;84.55099845;39.31603492;65.97832754;1015600.792;101.2299613;7325.0;54.10810811;54.63513514;269.9324324;46.92762171;19.08495585;5.515643183;22.32702267;0.648529874;40.6689177;11.75351101;47.57757129;49.75103378;549.8956299;303.9517212;17.25625539;41.41501294;17.54385965;15.16360734;44.55972333;21.46847566;;;;;;;;;;92.11158308;90.84848834;93.3607233;71.2663465;;1.0;HH
52;5282;Nariño;Aldana;52022;2021;7636;3.361271172;0.091671032;78.95495024;110;3013.0;65;0;0;1;0;0;84.92569002;39.11051514;64.42641947;1218393.167;90.36144578;6900.0;51.71717072;52.61616135;249.5656586;48.73759526;11.38392764;3.398301625;33.955366;0.638260807;23.35758992;6.972649362;69.66976071;49.75103378;549.8956299;303.9517212;16.14754098;42.37704918;18.87978142;14.03420523;44.8943662;23.46579477;;;;;;;;;;91.23704938;89.86008457;92.5274268;91.0978005;87.36938464;1.0;HH
52;5222;Nariño;Ancuya;52036;2011;9351;2.384771682;;73.45738424;467;1375.0;73;0;0;1;0;0;80.19727572;38.36542978;66.83295784;856270.2083;82.7825901;7741.0;53.62820513;48.51282051;235.5128205;35.48711101;9.63521515;7.196769909;18.65512595;0.379500706;27.15130895;20.27995434;52.56873671;39.46912384;508.8253174;260.5264893;16.72987779;39.59123472;23.83059418;14.63626493;41.19435396;26.05863192;131.0;20952.0;55.0;8974.0;57.0;9453.0;96.49122807;94.93282556;0.127236499;94.43395739;90.53362723;97.5005427;71.7644516;94.4340657;1.0;HH
52;5222;Nariño;Ancuya;52036;2016;8849;3.062492937;0.022601424;74.78811165;472;1375.0;73;0;0;1;0;0;81.45106753;37.59057096;63.85887914;781943.7917;77.31947113;6842.0;52.2038835;53.55339806;262.3883495;40.0022327;10.74040971;4.81711491;24.44470808;0.452053709;26.84952559;12.04211511;61.10835929;39.46912384;508.8253174;260.5264893;15.12939615;42.22517142;24.92811325;13.67837338;42.28280961;28.58133087;105.0;279030.0;50.0;8204.0;58.0;9390.0;86.20689;87.36954;0.347967027;87.72836493;81.72193534;92.2720091;67.8750689;87.27394291;1.0;HH
52;5222;Nariño;Ancuya;52036;2021;8925;3.056956116;0.011204482;75.74229692;477;1375.0;73;0;0;1;0;0;82.36403054;37.34564992;63.56602187;1203533.042;70.31932773;6276.0;51.5544548;51.41584015;248.4455414;59.86447452;17.29355804;4.444167894;38.12674859;0.670750415;28.88784738;7.423714865;63.68843775;39.46912384;508.8253174;260.5264893;14.02197802;42.52747253;26.98901099;12.45714286;42.19428571;31.10857143;87.0;284402.0;49.0;89957.0;53.0;99338.0;92.45283;90.55648;0.110474287;89.90402941;83.59768657;94.8605806;89.7668151;89.49613649;1.0;HH
52;5258;Nariño;Arboleda;52051;2011;8274;1.652767706;;86.65699782;152;2000.0;63;0;0;1;0;0;90.35349233;36.92504259;72.44879129;1129633.875;80.20304569;6636.0;46.54237288;45.6440678;226.8983051;26.12640913;9.890023096;2.103682166;14.13270386;0.315765157;37.85450595;8.051937622;54.09355643;50.37753296;458.8739319;220.3566742;18.81235154;38.59857482;19.04988124;18.33169291;39.05019685;19.16830709;83.0;10411.0;36.0;4442.0;37.0;4560.0;97.2972973;97.4122807;0.067525567;96.29605382;92.13720813;98.9544058;73.1795393;95.82203315;0.0;
52;5258;Nariño;Arboleda;52051;2016;8398;2.62165595;;86.3062634;157;2000.0;63;0;0;1;0;0;90.18087855;36.67183463;68.96987191;1176332.25;75.07739938;6305.0;52.50617284;49.48148148;257.4938272;53.13813226;26.9799468;6.207386052;19.95079941;0.632747467;50.7732313;11.68160375;37.54516495;50.37753296;458.8739319;220.3566742;18.24196597;39.72117202;20.9120983;17.49879981;39.15026404;20.57129141;97.0;154973.0;39.0;6522.0;43.0;7066.0;90.69768;92.30116;0.233388669;91.39200087;85.68091128;95.5116588;70.7096087;;1.0;HH
52;5258;Nariño;Arboleda;52051;2021;8915;2.82482707;;86.3151991;162;2000.0;63;0;0;1;0;0;90.3417249;36.50808845;66.94886556;1481307.333;66.8536175;5960.0;49.17708206;47.8125;232.0208282;98.53867771;58.99795115;6.710917914;32.82980864;1.105313267;59.872887;6.810440397;33.31667261;50.37753296;458.8739319;220.3566742;16.87527939;40.56772463;22.93249888;15.87480297;39.90092322;23.05786985;74.0;173301.0;25.0;85695.0;25.0;85695.0;100.0;100.0;;86.96974189;85.44347727;88.5814462;86.8370059;;1.0;HH
52;5226;Nariño;Barbacoas;52079;2011;49506;1.249343514;;77.6794732;95;24.0;1877;0;0;1;0;0;82.0059775;39.697609;108.1144334;966392.4167;62.74390983;31062.0;39.07926829;38.49390244;196.2134146;157.8761551;65.45884158;10.57219335;81.84512018;0.318903073;41.46214578;6.696510531;51.84134369;111.6665497;541.6924438;271.1650696;20.58893752;32.96856347;8.643056108;19.81046931;32.92993108;10.22727273;;;;;;;;;;87.43054248;85.60310316;88.8629332;66.4422535;90.07508876;0.0;
52;5226;Nariño;Barbacoas;52079;2016;53984;1.600937315;0.022228809;78.1138856;100;24.0;1877;0;0;1;0;0;82.09912536;39.50135719;105.4366099;1080604.583;64.54319798;34843.0;45.0669145;41.25650558;217.1189591;327.8055352;155.0013329;21.20439604;151.5998063;0.607227207;47.28453801;6.468589992;46.246872;111.6665497;541.6924438;271.1650696;21.17411121;32.43755697;9.261622607;20.08358748;32.65559697;10.61033924;;;;;;;;;;82.79012242;80.99083764;84.5163374;64.0543714;84.21384095;0.0;
52;5226;Nariño;Barbacoas;52079;2021;57633;1.931908224;0.12839866;78.25377822;105;24.0;1877;0;0;1;0;0;82.52353421;39.1779705;101.3279395;1725964.625;60.17732896;34682.0;42.06192017;38.42105103;195.8885498;284.7052023;48.04212853;17.92043208;218.7426417;0.493996846;16.87434165;6.294381674;76.83127668;111.6665497;541.6924438;271.1650696;20.04856527;33.88624782;10.27394918;18.89131507;33.80995985;12.01310136;;;;;;;;;;83.78393141;82.073065;85.560744;83.6560577;83.92547793;1.0;HH
52;5258;Nariño;Belén;52083;2011;5722;2.94186182;;47.72806711;26;2450.0;48;0;0;1;0;0;56.9423044;42.9036124;64.06770967;1008678.542;89.39182104;5115.0;47.2688172;45.82795699;224.0107527;36.70317379;1.00485064;16.95010745;18.7482157;0.641439598;2.737775883;46.18158512;51.08063899;64.07730103;444.2802124;206.6703796;16.96492484;41.73228346;18.8976378;15.6420765;43.54508197;19.74043716;;;;;;;;;;86.95087532;85.28974656;88.5091103;66.0777336;81.36832917;1.0;HH
52;5258;Nariño;Belén;52083;2016;6184;3.058969383;;48.51228978;31;2450.0;48;0;0;1;0;0;58.54108957;42.13604186;59.32163743;1164261.167;82.09896507;5077.0;58.56521739;61.02173913;294.6630435;37.7184473;2.172316278;4.981718729;30.56441229;0.609936082;5.759294014;13.20764529;81.03306069;64.07730103;444.2802124;206.6703796;16.49041639;43.19233311;21.08393919;15.35782141;43.44521849;22.89423686;;;;;;;;;;87.71015839;86.21559568;89.2652718;67.8609826;76.70992848;1.0;HH
52;5258;Nariño;Belén;52083;2021;6533;3.782080718;0.107148324;48.49227001;36;2450.0;48;0;0;1;0;0;58.84388064;42.13637019;57.97613787;1731362.583;71.78937701;4690.0;52.51388931;52.59722137;252.375;45.99436438;2.8186522;4.084568333;39.09114385;0.704031293;6.128255577;8.880584368;84.99116006;64.07730103;444.2802124;206.6703796;15.65053426;43.58893777;22.62727844;14.65234258;43.59892569;24.52999105;;;;;;;;;;85.36583149;83.46265624;87.2182325;85.2355435;74.50782222;1.0;HH
52;5258;Nariño;Buesaco;52110;2011;23566;1.575362811;;74.20436222;112;1960.0;682;0;0;1;0;0;80.43164907;39.16786786;75.64017951;1129805.125;78.89756429;18593.0;44.73099415;44.96491228;219.2046784;97.73352426;30.98919452;9.839979479;56.90435027;0.414722585;31.70784513;10.06817216;58.22398271;38.47694778;466.0657654;232.4979553;16.9546621;37.7245509;21.09495295;16.23442236;39.62613675;20.73088582;;;;;;;;;;91.05778174;89.72133683;92.2218074;69.1987496;93.03722971;0.0;
52;5258;Nariño;Buesaco;52110;2016;23852;2.201073285;0.029347644;72.94566493;117;1960.0;682;0;0;1;0;0;79.67247596;39.02869591;70.54159473;1143623.5;77.53228241;18493.0;53.64159292;52.61504425;267.6415929;145.2112825;51.76298354;17.04812497;76.40017396;0.608801285;35.64666785;11.74022065;52.6131115;38.47694778;466.0657654;232.4979553;16.94329767;38.89122925;22.09116185;16.35650505;40.18192439;23.24125845;;;;;;;;;;87.78900383;86.07479204;89.3990194;67.921985;90.61821543;0.0;
52;5258;Nariño;Buesaco;52110;2021;24583;2.852242064;0.061017777;72.46064353;122;1960.0;682;0;0;1;0;0;79.54111587;38.85747218;69.40636437;1232725.208;73.55082781;18081.0;52.54891205;51.46739197;253.1684723;234.5146691;113.3388565;16.1176796;105.058133;0.953970911;48.32911175;6.872780992;44.79810726;38.47694778;466.0657654;232.4979553;15.72831424;39.73813421;23.69067103;15.10151258;40.57267653;25.38218879;;;;;;;;;;87.65331853;86.04231205;89.2523271;87.5195393;89.30237659;0.0;
52;5258;Nariño;Colón;52203;2011;8693;2.018865754;;88.8531002;90;1750.0;63;0;0;1;0;0;91.53908139;36.55318292;76.03513174;1143999.833;90.70516508;7885.0;46.26923077;48.15384615;227.9230769;60.02953365;37.87323077;4.76241347;17.39388941;0.690550255;63.09099615;7.933450721;28.97555312;69.33167267;440.8827515;201.3297272;17.9901301;37.48317631;20.99596231;17.59149941;38.01652893;21.55844156;;;;;;;;;;93.39558616;92.14327828;94.4789949;70.9753484;88.97036268;0.0;
52;5258;Nariño;Colón;52203;2016;8590;2.36903376;0.011641444;87.35739232;95;1750.0;63;0;0;1;0;0;90.51274481;36.28579864;67.29991205;1439396.292;87.7532014;7538.0;59.83908046;65.01149425;305.2873563;63.86592924;32.80489797;7.461299607;23.59973165;0.743491609;51.36525588;11.68275432;36.9519898;69.33167267;440.8827515;201.3297272;17.83672536;39.65241253;22.9819346;16.67061892;40.02845625;23.87953521;;;;;;;;;;92.27124414;90.92748895;93.4639527;71.3898756;84.42616962;1.0;HH
52;5258;Nariño;Colón;52203;2021;8731;3.070476845;0.011453442;86.83999542;100;1750.0;63;0;0;1;0;0;90.2520527;36.27076571;66.33165829;1177516.167;84.34314512;7364.0;53.37373734;54.27272797;258.7070618;97.5185453;59.98426278;6.64721359;30.88706893;1.116922979;61.51062097;6.816358437;31.67302059;69.33167267;440.8827515;201.3297272;16.35746606;40.40723982;24.95475113;15.19369056;40.38506147;26.42078404;;;;;;;;;;91.47442065;90.15651728;92.6982166;91.3348095;83.18516791;1.0;HH
52;5221;Nariño;Consacá;52207;2011;13294;1.954515822;;84.24101098;111;1675.0;132;0;0;1;0;0;88.76528038;38.17346873;70.44599065;957334.8333;71.1373552;9457.0;47.56923913;49.9348913;233.7391304;52.79444793;26.42064321;4.198845461;22.17495926;0.397129893;50.04435929;7.95319513;42.00244558;33.50732422;505.9762573;260.0790405;16.23565417;39.14307575;21.17827085;16.60008877;41.84050895;21.20136115;167.0;25358.0;74.0;11475.0;78.0;12286.0;94.87179487;93.39899072;0.111151789;92.94398704;88.96415042;95.9898868;70.6321586;93.32540988;0.0;
52;5221;Nariño;Consacá;52207;2016;13676;2.535463586;0.00731208;84.5861363;116;1675.0;132;0;0;1;0;0;89.11022576;37.73994929;64.34848649;840917.125;62.1234279;8496.0;52.87704918;55.97540984;272.852459;87.67348989;46.85582865;10.24088777;30.57677347;0.641075533;53.4435537;11.68071191;34.87573439;33.50732422;505.9762573;260.0790405;16.95116521;39.61704023;23.2150809;15.80919441;43.86799251;23.82187635;111.0;313779.0;52.0;8676.0;57.0;9531.0;91.22807;91.02927;0.269348454;89.08435396;83.54247337;93.4992588;68.924192;87.67772071;0.0;
52;5221;Nariño;Consacá;52207;2021;14204;2.794987328;0.035201352;84.39876091;121;1675.0;132;0;0;1;0;0;89.11010385;37.53514258;63.46415489;1027181.292;56.94170656;8088.0;52.5;52.32407379;251.722229;88.17649117;39.15286963;6.011849422;43.01177212;0.620786336;44.40284379;6.81797307;48.77918314;33.50732422;505.9762573;260.0790405;15.74047551;40.21770266;25.20767688;14.49736915;44.03212407;26.22542232;96.0;316549.0;48.0;146559.0;52.0;155677.0;92.30769;94.143;0.062409748;92.24186725;86.3302814;96.5063041;92.1010848;92.0252701;0.0;
52;5282;Nariño;Contadero;52210;2011;7095;1.557434813;;81.95912615;140;2900.0;45;0;0;1;0;0;87.31286476;38.3024613;80.77609277;1119593.917;89.99295278;6385.0;44.74324324;45.72972973;222.0945946;44.92441801;27.07444304;3.690238656;14.15973632;0.633184186;60.26665282;8.214327129;31.51902005;34.67541504;532.7774658;291.8175659;17.5;36.07954545;19.48863636;16.64335664;38.71328671;21.00699301;251.0;23885.0;83.0;8483.0;104.0;10390.0;79.80769231;81.64581328;0.149239041;83.05264669;78.38611603;87.4989997;63.115301;85.26996962;3.0;LH
52;5282;Nariño;Contadero;52210;2016;7207;3.065306878;0.013875399;81.61509643;145;2900.0;45;0;0;1;0;0;86.44950351;38.13271979;73.54452055;774570.4167;84.6538088;6101.0;54.23529412;53.94117647;272.6764706;59.73046645;31.61425776;6.983072238;21.13313645;0.828784049;52.928195;11.69097222;35.38083278;34.67541504;532.7774658;291.8175659;16.8024726;37.76341669;21.60719303;15.59758772;41.28289474;23.05372807;168.0;287754.0;87.0;11820.0;99.0;13028.0;87.87878;90.72766;0.113389466;90.42206242;85.21453791;94.368073;69.9591714;89.67588017;1.0;HH
52;5282;Nariño;Contadero;52210;2021;7470;3.414770192;0.040160643;82.03480589;150;2900.0;45;0;0;1;0;0;86.94552976;37.87635026;72.06185567;923170.4167;77.67068273;5802.0;52.86075974;51.97468185;253.1139221;70.03690125;36.1032992;4.783811955;29.14979009;0.937575653;51.54896713;6.830416352;41.62061652;34.67541504;532.7774658;291.8175659;15.4451683;38.59934853;23.47991314;14.36872689;41.52139461;25.43581616;163.0;372032.0;69.0;259933.0;85.0;317652.0;81.17647;81.82948;0.187005149;82.88946015;77.16543759;87.9499625;82.7629516;83.27528343;1.0;HH
52;5282;Nariño;Córdoba;52215;2011;14848;1.780823455;;80.40140086;100;2800.0;282;0;0;1;0;0;85.72388105;39.4699884;80.3177311;1166483.5;98.30953664;14597.0;43.93506494;44.75974026;216.4285714;63.54591126;22.16224534;6.117884897;35.26578102;0.427976234;34.87595803;9.627503605;55.49653836;23.96761322;535.0814209;300.7934875;19.0924417;36.49901658;17.44872155;17.076326;38.60284605;19.43078913;;;;;;;;;;94.49125124;93.40518196;95.4887243;71.8079917;90.89362646;1.0;HH
52;5282;Nariño;Córdoba;52215;2016;15349;2.742306774;0.156361978;80.29187569;105;2800.0;282;0;0;1;0;0;85.62224286;38.97724634;72.6167945;968820.4583;90.24692162;13852.0;51.05232558;51.6627907;255.5290698;90.63264395;28.85573435;10.62901882;51.14789077;0.590479145;31.83812487;11.7275833;56.43429183;23.96761322;535.0814209;300.7934875;19.19123614;38.49066811;17.36543143;18.05153991;40.2514142;18.83092395;;;;;;;;;;90.43927558;89.02014685;91.7755131;69.9724892;86.38278593;1.0;HH
52;5282;Nariño;Córdoba;52215;2021;16008;2.980801266;0.062468766;80.16616692;110;2800.0;282;0;0;1;0;0;85.77848413;38.72965419;70.47030879;1391671.833;83.95802099;13440.0;49.1182785;48.98924637;236.0537567;115.4826835;33.66093913;7.946716069;73.87502831;0.721406069;29.1480403;6.881305342;63.97065436;23.96761322;535.0814209;300.7934875;17.89241164;39.6049896;18.97089397;16.7107796;40.78440808;21.05389798;;;;;;;;;;90.0357798;88.51828433;91.449688;89.8983644;84.61213598;1.0;HH
52;5282;Nariño;Cuaspud Carlosama;52224;2011;8657;1.610450117;;70.08201455;100;3050.0;48;0;0;1;0;0;77.13828083;40.54458089;71.98245614;1047832.583;107.1271803;9274.0;44.17073171;45.20731707;218.4146341;39.23875482;19.28396855;3.26348312;16.69130315;0.453260423;49.14521025;8.316989505;42.53780025;49.54552078;554.6433105;308.7502441;18.57312723;38.95362663;17.19381688;17.61006289;41.01527403;18.77807727;;;;;;;;;;95.78498151;94.8067262;96.5705381;72.7911533;91.39589804;1.0;HH
52;5282;Nariño;Cuaspud Carlosama;52224;2016;9009;2.054427054;0.055500056;70.47397047;105;3050.0;48;0;0;1;0;0;77.77891925;39.73700431;71.92093259;1007818.167;101.6095016;9154.0;51.3452381;50.9047619;260.1190476;62.13551107;30.5992077;7.264193129;24.27211025;0.689704863;49.24592583;11.69088819;39.06318597;49.54552078;554.6433105;308.7502441;17.239819;40.31674208;17.64705882;16.4305949;41.86097189;19.37241229;;;;;;;;;;92.85409049;91.5553788;93.9909682;71.8408214;90.0804871;1.0;HH
52;5282;Nariño;Cuaspud Carlosama;52224;2021;9511;3.003539761;0.031542425;70.58143203;110;3050.0;48;0;0;1;0;0;78.0929564;39.52084332;69.36636494;914369.6667;92.61907265;8809.0;50.7297287;51.33783722;246.3648682;57.39080382;19.46659437;3.92368449;34.00052496;0.603415033;33.91936177;6.836782601;59.24385563;49.54552078;554.6433105;308.7502441;15.99398884;41.71318162;18.95663375;15.16587678;42.73645168;21.12095611;;;;;;;;;;91.93547452;90.60255272;93.2098773;91.7951597;86.34526942;1.0;HH
52;5282;Nariño;Cumbal;52227;2011;32668;1.832578262;;80.09060855;98;3100.0;1265;0;0;1;0;0;85.25671351;39.1456797;72.201648;917607.9583;98.50618342;32180.0;45.08310992;45.22520107;218.9168901;80.36271538;18.96055645;7.576437299;53.82572164;0.245998272;23.59372298;9.427801515;66.9784755;75.25134277;569.5524292;315.4690857;18.49849095;40.14084507;14.88304829;17.81197805;41.27893104;16.26700072;518.0;55376.0;237.0;25013.0;248.0;26169.0;95.56451613;95.58255952;0.017916915;95.53626995;93.55248058;97.1399763;72.6021466;94.13283592;1.0;HH
52;5282;Nariño;Cumbal;52227;2016;35762;2.033583133;0.016777585;81.00497735;103;3100.0;1265;0;0;1;0;0;85.97011922;38.63373409;70.25572005;1183703.458;87.41401488;31261.0;53.68298368;51.6993007;264.9370629;137.7240517;34.47938269;16.13889363;87.10577539;0.385112834;25.03512078;11.71828263;63.24659659;75.25134277;569.5524292;315.4690857;17.56477872;41.55010319;15.58702133;17.32721913;42.42275358;16.781308;408.0;684500.0;222.0;36112.0;241.0;38560.0;92.11618;93.65145;0.030782906;93.35188164;91.03245995;95.5766142;72.2259603;91.7550243;1.0;HH
52;5282;Nariño;Cumbal;52227;2021;38175;3.274830823;0.083824492;81.6005239;108;3100.0;1265;0;0;1;0;0;86.61539531;38.35622785;68.10577865;1046847.667;81.3962017;31073.0;50.99566269;50.5054245;245.0889435;177.3535179;50.1975626;12.16087211;114.9950832;0.46458027;28.30367459;6.85685418;64.83947123;75.25134277;569.5524292;315.4690857;16.30785791;42.78256189;16.96447793;16.06021944;43.15896912;18.7088543;395.0;750588.0;205.0;376823.0;225.0;413681.0;91.11111;91.09023;0.043429999;90.9956279;88.21537204;93.5459824;90.8567475;90.22660414;1.0;HH
52;5258;Nariño;Cumbitara;52233;2011;6152;3.670892935;;76.26788036;43;1675.0;365;0;0;1;0;0;82.02023299;38.5193133;78.92206478;558097.25;120.3348505;7403.0;41.20224719;37.8988764;198.6067416;31.56723501;9.986266602;2.264491642;19.31647677;0.513121505;31.63491069;7.173550807;61.1915385;87.77749634;478.4044495;214.835083;19.64285714;37.65943878;15.43367347;19.59549072;38.12997347;16.34615385;179.0;26610.0;90.0;12108.0;97.0;13580.0;92.78350515;89.16053019;0.188300852;90.35314115;85.69034252;94.5552824;68.6632627;91.82700732;1.0;HH
52;5258;Nariño;Cumbitara;52233;2016;5951;4.284994119;;73.39942867;48;1675.0;365;0;0;1;0;0;80.10033445;38.59835816;69.22303244;745267.5833;117.2407999;6977.0;49.29545455;46.69318182;243.2272727;38.65365099;6.225533206;4.44703039;27.98108739;0.649532028;16.10593837;11.50481333;72.3892483;87.77749634;478.4044495;214.835083;19.58525346;39.13759052;17.34693878;18.19430141;41.91555098;19.77342945;173.0;393402.0;88.0;15327.0;97.0;16910.0;90.72165;90.63867;0.18884663;91.85097937;87.72305667;95.1655387;71.0647185;;0.0;
52;5258;Nariño;Cumbitara;52233;2021;6067;4.46816109;0.263721774;71.79825284;53;1675.0;365;0;0;1;0;0;79.01289462;38.50600267;67.60078663;1085630.167;119.5978243;7256.0;51.06666565;48.05333328;239.8399963;51.22111343;11.11190802;3.509628113;36.5995773;0.84425768;21.69399935;6.851916871;71.45408378;87.77749634;478.4044495;214.835083;18.22580645;40.03225806;19.03225806;16.98685541;42.46713852;21.6380182;166.0;424184.0;66.0;170443.0;80.0;208661.0;82.5;81.68417;0.244820281;84.43414796;79.03455428;88.7512798;84.3052819;83.42603463;0.0;
52;5221;Nariño;Chachagüí;52240;2011;14563;1.997642427;;71.14605507;19;1961.0;148;0;0;1;0;0;77.56634304;39.13268608;74.2013451;729862.125;61.01764746;8886.0;46.9671;45.1164;224.8;90.83114555;35.57102831;8.170947218;47.08917002;0.623711773;39.16170835;8.995754891;51.84253676;43.13098526;475.7328186;231.8449249;18.95194135;37.6595167;17.90659788;17.84076699;39.78046408;18.22981798;;;;;;;;;;87.24233474;85.67156631;88.7732246;66.2992263;91.0348104;0.0;
52;5221;Nariño;Chachagüí;52240;2016;15160;2.171284081;0.098944591;71.43799472;24;1961.0;148;0;0;1;0;0;77.81435155;39.10467413;68.17551506;981923.4167;60.78496042;9215.0;52.96116505;51.6407767;260.0194175;148.2562675;57.99285225;17.35596273;72.90745252;0.977943717;39.11662773;11.7067312;49.17664106;43.13098526;475.7328186;231.8449249;17.88833025;40.03704684;19.608362;16.62720337;41.84425151;20.81031308;;;;;;;;;;82.00113795;80.08807945;83.7256407;63.4439374;85.63095645;1.0;HH
52;5221;Nariño;Chachagüí;52240;2021;15695;4.67611766;0.344058617;71.14367633;29;1961.0;148;0;0;1;0;0;77.91807119;39.02759527;66.92800459;911042.3333;59.30551131;9308.0;51.3103447;50.06206894;244.1586151;215.4842032;91.80111504;14.74566193;108.9374263;1.372948093;42.60224818;6.843036153;50.55471567;43.13098526;475.7328186;231.8449249;16.61957359;40.89391215;21.24325713;15.2863826;42.02806929;23.11290934;;;;;;;;;;82.86195112;81.00477847;84.6240547;82.7354846;84.06156047;0.0;
52;5226;Nariño;El Charco;52250;2011;22941;1.662235009;;71.23926594;44;2.0;2485;0;0;1;0;0;76.32014809;40.47155105;108.7430866;990870.5833;69.46079072;15935.0;39.41880342;41.03418803;204.8888889;65.4885689;14.19312465;4.968503031;46.32694122;0.285465189;21.67267492;7.586824869;70.74050021;152.7861023;484.1968994;202.9881744;20.3187251;32.58271263;9.518447947;20.27204914;32.37384818;9.126810004;277.0;40341.0;103.0;15793.0;109.0;16709.0;94.49541284;94.51792447;0.052412518;94.00319614;91.28006301;96.3364968;71.4370975;92.9432362;1.0;HH
52;5226;Nariño;El Charco;52250;2016;22628;1.935286665;0.030935125;68.76436274;49;2.0;2485;0;0;1;0;0;74.37905237;40.73316708;109.700802;1312275.417;87.32101821;19759.0;44.38461538;40.23626374;212.2307692;154.7060927;79.4113184;12.06979642;63.22497793;0.68369318;51.33044018;7.801758938;40.86780088;152.7861023;484.1968994;202.9881744;20.02276309;32.30607599;9.893188583;19.65911119;32.69676959;10.23558808;267.0;510790.0;102.0;22002.0;128.0;27479.0;79.6875;80.06841;0.131520885;81.22336851;76.84974549;85.0583945;62.8421804;82.35396082;1.0;HH
52;5226;Nariño;El Charco;52250;2021;22858;3.379925336;0.100621227;67.42059673;54;2.0;2485;0;0;1;0;0;73.66466305;40.60499438;106.0830189;1522787.042;91.98092572;21025.0;42.02489471;38.01659775;191.7261353;138.1517572;43.07639497;9.39666207;85.67870012;0.604391273;31.18049011;6.801695659;62.01781424;152.7861023;484.1968994;202.9881744;18.94471926;33.43747288;11.02143539;18.52668725;33.75385973;11.64534627;247.0;573116.0;93.0;108620.0;112.0;127673.0;83.03571;85.07672;0.09731889;85.72979874;81.64809111;89.9612374;85.5989552;85.09324392;1.0;HH
52;5221;Nariño;El Peñol;52254;2011;8379;1.085053905;;85.46365915;13;1650.0;121;0;0;1;0;0;89.51388172;36.48467334;66.38790036;1131554.208;69.35195131;5811.0;46.453125;45.28125;218.65625;31.12736768;14.68210934;2.857563281;13.58769506;0.371492633;47.16784756;9.180227863;43.65192458;57.71706009;481.1825867;228.7786255;18.09701493;40.6016791;20.35914179;17.15961868;40.99242239;20.19066243;116.0;15265.0;66.0;8554.0;71.0;9305.0;92.95774648;91.92907039;0.130655081;91.62309762;86.54193912;95.1874568;69.6283576;93.18521044;1.0;HH
52;5221;Nariño;El Peñol;52254;2016;7645;2.392631349;0.026160889;82.91693918;18;1650.0;121;0;0;1;0;0;87.88503254;36.8329718;58.26086957;808345.0833;73.61674297;5628.0;53.25609756;51.24390244;262.0365854;46.93132566;22.8760024;5.49631842;18.55900484;0.613882612;48.7435675;11.7114067;39.5450258;57.71706009;481.1825867;228.7786255;16.7962675;42.06842924;23.95023328;16.76789015;42.43464484;23.58067072;115.0;155928.0;60.0;6803.0;74.0;8152.0;81.08108;83.45191;0.255996105;84.73880956;78.89554564;89.6865105;65.5620625;85.94459616;1.0;HH
52;5221;Nariño;El Peñol;52254;2021;7613;2.978457901;;81.64980954;23;1650.0;121;0;0;1;0;0;87.0134083;36.84039792;57.41444867;910384.1667;72.56009458;5524.0;50.07228851;47.89156723;238.1686707;65.3752582;32.61431967;4.483951643;28.27698689;0.858731882;49.88786365;6.858789956;43.25334639;57.71706009;481.1825867;228.7786255;15.5311929;42.73035761;25.78961107;15.30936013;42.59650978;26.07086198;91.0;163137.0;49.0;274607.0;54.0;296735.0;90.74074;92.54284;0.208774302;91.68337082;85.93664593;95.8419268;91.5434408;;1.0;HH
52;5258;Nariño;El Rosario;52256;2011;11616;1.250430441;;84.934573;196;1500.0;566;0;0;1;0;0;89.5657607;35.8950328;68.18819329;1132025.375;72.95110193;8474.0;41.98461538;42.47692308;209.5846154;31.86733738;9.079253545;2.60935212;20.17873172;0.274340026;28.49078176;8.188171133;63.32104711;87.55149078;453.8969116;195.5479736;19.99016877;40.66852368;15.32033426;19.89842191;40.30473426;14.76510067;;;;;;;;;;90.31974164;88.89242174;91.4615792;68.637881;93.36707798;1.0;HH
52;5258;Nariño;El Rosario;52256;2016;12071;1.638914202;;85.61842432;201;1500.0;566;0;0;1;0;0;89.59163347;36.53955606;63.37032069;958585.4167;60.88145141;7349.0;52.06451613;50.58064516;259.4516129;46.18262867;14.92732583;5.397584994;25.85771785;0.382591572;32.32238237;11.68747893;55.9901387;87.55149078;453.8969116;195.5479736;17.85888871;41.53495193;20.64526642;16.90259521;41.30434783;20.93023256;;;;;;;;;;84.93309881;83.08343025;86.668492;65.7123832;;1.0;HH
52;5258;Nariño;El Rosario;52256;2021;12704;1.737641688;0.133816121;85.27235516;206;1500.0;566;0;0;1;0;0;89.5290748;36.56164657;61.5704388;1455073.083;54.73866499;6954.0;47.609375;45.984375;224.5;93.7634316;47.92821305;6.391811603;39.44340694;0.738062276;51.11610383;6.816955709;42.06694046;87.55149078;453.8969116;195.5479736;16.46084102;42.67625449;22.22916992;15.66513398;41.71555415;23.0696052;;;;;;;;;;83.86701785;82.12912993;85.5621481;83.7390174;87.61179534;1.0;HH
52;5258;Nariño;El Tablón de Gómez;52258;2011;13738;2.195249187;;88.60096084;177;1025.0;255;0;0;1;0;0;91.3640505;37.16647143;73.12755836;1016569.042;100.5168147;13809.0;44.04761905;43.68707483;215.7755102;41.55543922;8.600901502;3.996483317;28.9580544;0.302485363;20.6974145;9.617232766;69.68535273;45.5644989;457.4045105;227.1720276;18.67894661;39.61721111;16.17498921;18.66254235;40.4772426;15.56930328;;;;;;;;;;94.27319788;93.10023982;95.4218173;71.6422835;94.69096646;1.0;HH
52;5258;Nariño;El Tablón de Gómez;52258;2016;14154;2.35328058;0.028260562;89.1055532;182;1025.0;255;0;0;1;0;0;92.17510586;36.36309417;60.0081367;1139656.417;89.82619754;12714.0;53.60248447;51.47204969;267.0496894;73.24345848;27.72094413;8.579647264;36.94286708;0.517475332;37.84767228;11.71387513;50.43845259;45.5644989;457.4045105;227.1720276;19.84359726;41.96341293;17.90252758;18.94751895;42.77134277;17.81781782;;;;;;;;;;92.40870463;91.07358902;93.6333568;71.4962282;89.07046665;0.0;
52;5258;Nariño;El Tablón de Gómez;52258;2021;14805;2.999549702;0.074299223;88.99020601;187;1025.0;255;0;0;1;0;0;92.2000562;36.17308233;58.13075061;1458876.125;84.2147923;12468.0;51.25786209;50.91194916;245.8742065;106.1979651;43.65242237;7.286445062;55.25909762;0.717311483;41.1047635;6.861190851;52.03404565;45.5644989;457.4045105;227.1720276;18.53586724;43.00053533;19.59314775;17.64625665;43.24287468;20.06000273;;;;;;;;;;91.42724068;90.08440412;92.6052599;91.2877016;88.78774733;0.0;
52;5221;Nariño;El Tambo;52260;2011;16316;2.164031217;;67.33267958;298;2200.0;282;0;0;1;0;0;74.96178019;39.94111319;73.23996972;894325.4583;81.27604805;13261.0;44.29166667;46.34722222;216.7777778;63.06320503;13.60059435;9.071719752;40.39089093;0.386511431;21.5666082;14.38512322;64.04826858;48.09833527;484.4940491;235.4776154;17.34719129;38.09700569;21.67780252;16.10395919;39.59193588;22.68642215;272.0;36951.0;149.0;19979.0;155.0;20834.0;96.12903226;95.89613132;0.029227778;95.52824878;92.95331101;97.4870936;72.596051;93.62269358;1.0;HH
52;5221;Nariño;El Tambo;52260;2016;14926;2.770333646;0.013399437;64.3976953;303;2200.0;282;0;0;1;0;0;73.02679218;40.02534395;65.85659771;882672.2083;79.50556077;11867.0;54.21428571;53.92857143;269.3035714;88.88016445;27.4530849;10.5225628;50.90451675;0.595472092;30.88775214;11.83904515;57.27320271;48.09833527;484.4940491;235.4776154;16.34641407;40.1488498;23.57239513;15.72452229;40.98991507;25.21231423;257.0;460909.0;136.0;15359.0;151.0;16638.0;90.06622;92.31277;0.065907178;91.81852949;88.45531018;94.6972763;71.0396121;90.31420834;1.0;HH
52;5221;Nariño;El Tambo;52260;2021;14614;2.929268738;0.082113042;62.63856576;308;2200.0;282;0;0;1;0;0;71.77191907;40.09196812;65.12846865;1518890.667;79.34172711;11595.0;53.61600113;52.56800079;256.0079956;136.6897176;46.50841395;9.631637008;80.54966669;0.935334047;34.02480797;7.046350796;58.92884123;48.09833527;484.4940491;235.4776154;15.2173913;40.57047909;25.46386043;14.5021645;41.07142857;27.54329004;208.0;447492.0;111.0;215992.0;129.0;246027.0;86.04651;87.79199;0.104255858;87.89392558;83.81989646;91.7054323;87.7597791;88.62124032;1.0;HH
52;5282;Nariño;Funes;52287;2011;7337;2.16141929;;59.49298078;172;2350.0;407;0;0;1;0;0;67.8809244;39.96605301;71.82863114;761710.0417;87.78792422;6441.0;43.31372549;43.09803922;214.8431373;19.56282996;3.54228568;1.56126645;14.45927783;0.266632547;18.10722522;7.980780149;73.91199463;17.709198;519.4745483;284.8355713;17.50535332;38.83832976;21.62740899;15.6067759;39.18356012;23.07692308;176.0;17384.0;73.0;7906.0;74.0;7964.0;98.64864865;99.27172275;0.005447575;98.86654264;97.11712098;99.8195875;75.132965;95.06029998;0.0;
52;5282;Nariño;Funes;52287;2016;7166;4.562052284;0.027909573;57.63326821;177;2350.0;407;0;0;1;0;0;66.47623994;40.61282784;68.61499365;744492.4583;80.82612336;5792.0;53.29113924;51.86075949;263.6582278;34.25666645;10.19009158;4.001508237;20.06506664;0.478044466;29.74630234;11.68096214;58.57273552;17.709198;519.4745483;284.8355713;16.88925988;39.64941569;23.06622148;16.37737962;39.69764838;24.69204927;141.0;226820.0;72.0;9907.0;77.0;10501.0;93.50649;94.3434;0.073765247;93.2481638;89.19779433;96.2034126;72.1457142;91.68839048;1.0;HH
52;5282;Nariño;Funes;52287;2021;7385;3.950575491;0.054163846;56.79079215;182;2350.0;407;0;0;1;0;0;66.08457029;40.72595734;67.92258596;985100.0;72.95870007;5388.0;50.62666702;49.78666687;244.6666718;67.92847466;32.44239749;4.626029705;30.86004746;0.919816854;47.75964374;6.810148068;45.43020819;17.709198;519.4745483;284.8355713;15.51864961;40.23958617;24.85706507;15.27478448;39.73599138;26.85883621;119.0;236711.0;65.0;229665.0;69.0;240498.0;94.2029;95.4956;0.097158179;94.19855181;89.75157871;97.0605078;94.054783;92.64874039;0.0;
52;5282;Nariño;Guachucal;52317;2011;18263;2.459891584;;81.93615507;76;3087.0;159;0;0;1;0;0;86.82954492;38.71272624;62.74587879;653063.4167;93.81810217;17134.0;47.63033175;49.41706161;231.9905213;79.63841927;19.37809938;13.19111933;47.06920056;0.436064279;24.33260172;16.56376339;59.10363489;56.36440277;545.5232544;296.273407;17.93564469;42.42012237;16.79129844;16.29755219;44.44208965;18.76655717;;;;;;;;;;93.01790883;91.88604407;94.1553991;70.688335;91.02194347;1.0;HH
52;5282;Nariño;Guachucal;52317;2016;19082;2.975317053;0.052405408;83.89057751;81;3087.0;159;0;0;1;0;0;88.21197304;38.15690939;58.06717649;770457.2917;85.30028299;16277.0;55.74380165;54.27272727;275.1859504;143.9986322;39.64951607;43.14919064;61.19992553;0.754630711;27.53464769;29.96500034;42.50035197;56.36440277;545.5232544;296.273407;16.77025406;44.93512158;17.95878312;15.4373928;45.65634144;20.452023;;;;;;;;;;87.68129138;86.24117948;89.2389506;67.8386483;86.09519168;1.0;HH
52;5282;Nariño;Guachucal;52317;2021;20089;4.033301807;0.358405097;84.72298273;86;3087.0;159;0;0;1;0;0;89.01555684;37.80146514;56.59492862;905965.75;79.28219424;15927.0;53.67116928;52.4504509;256.9639587;196.0588913;40.90448141;57.59274334;97.56166659;0.975951473;20.86336464;29.37522647;49.76140889;56.36440277;545.5232544;296.273407;15.50098435;46.1195731;19.34514558;14.217283;46.03372294;22.54263269;;;;;;;;;;86.80879186;84.96757286;88.4067298;86.6763015;81.20664509;1.0;HH
52;5222;Nariño;Guaitarilla;52320;2011;12418;2.427256134;;64.23739733;335;2650.0;131;0;0;1;0;0;71.87922488;40.54378849;68.22350953;672996.5;103.7526172;12884.0;47.88619048;46.96992063;227.6428571;55.41659123;11.33773901;5.724940475;38.35391175;0.446260197;20.45910576;10.33073372;69.21016053;34.79413986;519.0499878;273.4154663;17.31425784;39.87969436;19.9154609;16.02042445;41.56693793;20.99888304;;;;;;;;;;95.18739415;94.14651682;96.1700234;72.3370208;91.2650738;1.0;HH
52;5222;Nariño;Guaitarilla;52320;2016;11716;2.391316718;0.042676681;62.58108569;340;2650.0;131;0;0;1;0;0;70.64576219;39.99534306;61.32417239;1002073.5;90.79037214;10637.0;53.50694444;53.68055556;268.9444444;78.94449497;25.0328428;9.267763898;44.64388827;0.673817813;31.70942168;11.73959489;56.55098343;34.79413986;519.0499878;273.4154663;17.63396679;40.98613251;22.47902756;16.11914894;41.42978723;23.94893617;;;;;;;;;;91.63156841;90.28734987;92.9641285;70.8949611;90.48804555;1.0;HH
52;5222;Nariño;Guaitarilla;52320;2021;11755;2.534382532;0.076563165;61.78647384;345;2650.0;131;0;0;1;0;0;70.27566613;39.96007064;60.95916073;1720410.833;84.36410038;9917.0;51.9510498;53.55944061;253.3986053;137.1406945;56.16419191;9.44535189;71.53115065;1.166658396;40.95370243;6.887344363;52.15895321;34.79413986;519.0499878;273.4154663;16.25042764;41.48135477;24.2901129;14.80792012;41.52986969;26.19732611;;;;;;;;;;90.25165827;88.83667044;91.4669779;90.1139134;88.5952402;1.0;HH
52;5282;Nariño;Gualmatán;52323;2011;6901;2.080616336;;58.78858137;130;2900.0;35;0;0;1;0;0;67.49766698;42.40767898;64.53064724;1060312.583;79.37980003;5478.0;46.27777778;46.83333333;228.0;31.4311864;12.84452561;2.901415106;15.68524569;0.455458432;40.86554495;9.231007285;49.90344776;42.42630768;539.1123657;295.9241638;16.43120393;41.36977887;20.20884521;15.66529492;42.49657064;22.38683128;;;;;;;;;;90.98104015;89.43759378;92.2634479;69.1404303;88.24750537;0.0;
52;5282;Nariño;Gualmatán;52323;2016;6955;2.978672418;0.014378145;57.85765636;135;2900.0;35;0;0;1;0;0;67.04134367;42.15762274;59.02286902;1136814.458;76.83680805;5344.0;60.88;58.08;295.8933333;67.85269388;36.77042178;7.939959399;23.1423127;0.975595886;54.191543;11.70176001;34.10669699;42.42630768;539.1123657;295.9241638;16.6262871;42.85281647;21.16898849;15.74048727;44.34711196;23.59704353;;;;;;;;;;84.82144154;83.33191496;86.3361524;65.6259945;86.7417036;1.0;HH
52;5282;Nariño;Gualmatán;52323;2021;7265;3.685478321;0.206469374;57.74260151;140;2900.0;35;0;0;1;0;0;67.24243538;42.04336641;58.33001196;1336403.75;71.17687543;5171.0;57.6071434;55.1517868;273.25;73.35564187;34.96021005;5.02674787;33.36868395;1.009712896;47.65851564;6.852571584;45.48891278;42.42630768;539.1123657;295.9241638;15.49869148;43.53009596;22.6519337;14.40146367;44.43282802;25.87558808;;;;;;;;;;84.99184466;83.31138118;86.6328;84.8621274;85.40273704;1.0;HH
52;5282;Nariño;Iles;52352;2011;7702;1.642430538;;73.22773306;140;2950.0;82;0;0;1;0;0;79.79015142;39.66853464;71.15611483;1515068.458;90.27525318;6953.0;43.2972973;45.66666667;217.8018018;58.02321419;35.99718442;5.07164173;16.95438804;0.75335256;62.03928018;8.740711456;29.22000836;32.73550034;529.6030273;288.2374878;18.7037037;39.20634921;17.56613757;17.54207037;40.33656298;18.53646099;;;;;;;;;;93.40337858;92.07266815;94.4646698;70.9812702;89.5607657;1.0;HH
52;5282;Nariño;Iles;52352;2016;7632;3.400157233;;72.48427673;145;2950.0;82;0;0;1;0;0;79.48566011;39.48803034;69.50663761;761184.4583;89.91090147;6862.0;53.94666667;50.92;261.0933333;72.13096389;41.31523657;8.446452226;22.36927509;0.94511221;57.27808744;11.70988404;31.01202852;32.73550034;529.6030273;288.2374878;17.868676;39.85468245;19.16038751;16.93054137;40.62819203;20.63329928;;;;;;;;;;90.30109058;88.91741191;91.6696314;69.865576;;1.0;HH
52;5282;Nariño;Iles;52352;2021;7857;4.079165076;0.15273005;71.9867634;150;2950.0;82;0;0;1;0;0;79.31505291;39.45841393;68.08837656;955381.75;81.90148912;6435.0;48.13393021;48.5357132;234.7053528;80.91440261;39.49794551;5.549512249;35.86694485;1.029838394;48.81448078;6.858497462;44.32702176;32.73550034;529.6030273;288.2374878;16.49592855;40.87207775;20.7249803;15.60493827;41.0617284;22.83950617;;;;;;;;;;89.0337708;87.46829263;90.4093779;88.8978847;86.31719543;1.0;HH
52;5282;Nariño;Imués;52354;2011;7820;2.304987212;;88.35038363;162;2600.0;86;0;0;1;0;0;91.78350179;37.55026628;70.32796429;911178.6667;81.21483376;6351.0;46.6;45.36;219.9333333;37.57858539;8.518736039;3.826431114;25.23341823;0.48054457;22.66912379;10.1824778;67.14839841;33.51288986;521.0108032;276.3136292;17.77257351;38.27738746;20.81707;16.1679658;40.70907719;22.12723158;;;;;;;;;;91.94410964;90.50228481;93.1305715;69.8723085;94.08439387;1.0;HH
52;5282;Nariño;Imués;52354;2016;7612;2.85295148;0.013137152;87.02049396;167;2600.0;86;0;0;1;0;0;91.18395926;37.54508805;59.05271199;994933.25;72.24119811;5499.0;51.88349515;51.52427184;258.407767;49.23684373;12.85530858;5.780258505;30.60127664;0.646831893;26.109124;11.73970155;62.15117446;33.51288986;521.0108032;276.3136292;17.52183406;40.8569869;23.71724891;16.46403242;42.07193516;24.77203647;;;;;;;;;;86.90149438;85.33935577;88.5416691;67.2353227;89.83524381;1.0;HH
52;5282;Nariño;Imués;52354;2021;7812;3.871181089;0.012800819;86.62314388;172;2600.0;86;0;0;1;0;0;90.99080695;37.44637385;58.31469053;1068567.5;62.09677419;4851.0;51.29333496;50.50666809;244.6666718;75.27098717;26.42131741;5.196947589;43.65272218;0.963530302;35.10159545;6.904317034;57.99408752;33.51288986;521.0108032;276.3136292;16.2530024;41.31305044;25.75393648;15.12915129;42.16482165;27.33087331;;;;;;;;;;84.4612601;82.69752199;86.2940186;84.3323527;88.21272776;1.0;HH
52;5282;Nariño;Ipiales;52356;2011;110890;7.239306219;;32.74596447;212;2897.0;1707;0;0;1;0;0;41.29896987;46.43222976;67.16578821;533883.3333;76.46406349;84791.0;48.12690537;47.88402813;228.5696931;666.074079;64.06829181;64.09945296;537.9063342;0.600661988;9.61879374;9.623472071;80.75773419;0.0;546.2138062;319.608551;18.6909734;40.92824623;14.61978402;17.10890952;43.3576971;16.51309408;1090.0;124150.0;450.0;52835.0;523.0;60655.0;86.04206501;87.10741077;0.021140237;87.11774604;85.16010999;89.0453871;66.2045459;81.67814758;1.0;HH
52;5282;Nariño;Ipiales;52356;2016;114694;10.29856255;1.180532547;33.25544492;217;2897.0;1707;0;0;1;0;0;41.36100966;46.08755952;64.36493283;685696.25;80.28318831;92080.0;54.47429746;53.69499657;269.9177519;1094.905627;103.0697696;127.2516308;864.5842261;0.954632;9.413575665;11.62215517;78.96426917;0.0;546.2138062;319.608551;18.35393777;41.85204626;15.45604286;16.28509429;43.78690262;18.16071459;986.0;1537797.0;434.0;55916.0;527.0;66379.0;82.35294;84.23749;0.030010749;84.16069665;81.82235285;86.1503932;65.1147789;78.26394326;1.0;HH
52;5282;Nariño;Ipiales;52356;2021;119416;11.3402587;1.471327125;33.49802372;222;2897.0;1707;0;0;1;0;0;41.99658342;46.07269909;63.26986452;905965.75;80.97239901;96694.0;54.18020248;52.93538666;257.5571899;1442.120288;96.2022125;98.34947973;1247.568596;1.207644108;6.670886839;6.81978338;86.50932978;0.0;546.2138062;319.608551;17.25679948;42.66948486;16.5458452;15.22302112;44.2117454;19.60784314;964.0;1680444.0;388.0;603528.0;478.0;671705.0;81.17155;89.85016;0.027757237;89.69747481;87.919215;91.3244554;89.5605757;83.21276039;1.0;HH
52;5258;Nariño;La Cruz;52378;2011;19273;2.756446843;;59.25387848;107;2500.0;237;0;0;1;0;0;67.63259144;40.94384649;62.26044968;804133.25;73.081513;14085.0;44.33193277;46.56302521;219.0630252;47.58349753;3.999885234;5.396472929;38.18713937;0.246892012;8.406034532;11.34105984;80.25290563;68.79613495;435.8388062;203.8829956;18.29484902;41.19736705;18.95308745;16.87280973;42.8262214;20.07833436;219.0;45603.0;109.0;24479.0;124.0;26571.0;87.90322581;92.12675473;0.042528287;91.76829101;87.82439852;94.6677392;69.7386963;88.68438988;1.0;HH
52;5258;Nariño;La Cruz;52378;2016;18977;3.26272154;0.057964905;57.77520156;112;2500.0;237;0;0;1;0;0;66.66666667;41.01364522;59.79066392;944206.625;74.53232861;14144.0;55.01860465;57.0744186;276.6372093;69.55541779;8.134709127;8.187226476;53.23348219;0.366524834;11.69529188;11.7707962;76.53391192;68.79613495;435.8388062;203.8829956;16.35639729;43.11847627;21.18799096;15.36555143;43.70095002;22.18091698;190.0;627505.0;100.0;19550.0;108.0;21036.0;92.59259;92.93592;0.077596592;91.91361597;87.83616193;95.2517689;71.1131802;89.63599232;1.0;HH
52;5258;Nariño;La Cruz;52378;2021;19156;3.718591216;0.10440593;57.183128;117;2500.0;237;0;0;1;0;0;66.46408575;40.95803225;58.87517977;1011116.167;73.6531635;14109.0;50.55102158;49.09795761;239.453064;101.9472474;14.93434021;7.063330472;79.94957667;0.53219486;14.64908627;6.928417054;78.42249668;68.79613495;435.8388062;203.8829956;15.19393098;43.72261994;22.83363607;14.22884556;43.91140145;24.1808717;185.0;545299.0;79.0;169336.0;90.0;191386.0;87.77778;88.47878;0.067185279;88.2483353;83.09111199;92.2212765;88.1136479;87.51130266;1.0;HH
52;5221;Nariño;La Florida;52381;2011;10437;1.745392993;;81.76679122;23;2150.0;143;0;0;1;0;0;87.07252602;38.12985297;66.89507495;1555719.875;91.21395037;9520.0;44.7654321;47.86419753;223.5925926;64.02196278;33.79369601;6.366282445;23.86198432;0.61341346;52.78453603;9.943903887;37.27156008;37.71764755;490.7975769;244.9040222;17.34338747;39.40448569;20.78499613;17.11301045;42.08926876;21.00664767;;;;;;;;;;93.20508073;91.90110106;94.3583339;70.830575;92.8294308;0.0;
52;5221;Nariño;La Florida;52381;2016;10174;3.078926676;0.019657952;80.83349715;28;2150.0;143;0;0;1;0;0;86.47219238;37.89769441;63.43586767;985679.9167;80.29290348;8169.0;52.32291667;51.16666667;259.15625;66.67240121;29.7358779;7.834595831;29.10192748;0.655321419;44.59998044;11.75088296;43.6491366;37.71764755;490.7975769;244.9040222;16.00715848;39.88864585;23.8019487;15.06316812;43.51797862;25.11175899;;;;;;;;;;88.27105813;86.65492011;89.7447116;68.2949484;88.84555807;0.0;
52;5221;Nariño;La Florida;52381;2021;10315;3.393924705;0.048473097;79.94183228;33;2150.0;143;0;0;1;0;0;85.9622215;37.81885696;62.48208656;1299418.625;73.78574891;7611.0;50.79166794;51.69791794;244.0729218;102.8907927;52.42627885;7.121559916;43.3429539;0.997487084;50.9533239;6.921474441;42.12520166;37.71764755;490.7975769;244.9040222;14.66483192;40.7312758;25.67328484;13.69548585;43.38179036;27.75439939;;;;;;;;;;87.9293019;86.21125428;89.3173432;87.7951014;87.71984588;0.0;
52;5222;Nariño;La Llanada;52385;2011;6798;1.630381485;;55.97234481;22;2300.0;265;0;0;1;0;0;64.23014825;40.52546602;70.29288703;1040611.458;55.56045896;3777.0;42.69565217;40.76811594;205.5797101;29.61503111;15.2017589;1.677566583;12.73570562;0.435643294;51.3312272;5.664578156;43.00419465;81.11106873;502.2093506;239.0629425;18.76807403;41.72932331;14.37246964;18.0239521;41.10778443;15.62874251;;;;;;;;;;86.71733227;85.09994765;88.264329;65.9002542;87.51177808;1.0;HH
52;5222;Nariño;La Llanada;52385;2016;6552;2.781593407;0.061050061;52.48778999;27;2300.0;265;0;0;1;0;0;62.32813932;41.10907424;69.0018315;750552.5833;56.47130647;3700.0;50.04081633;48.16326531;247.9183673;28.03747144;5.061596557;2.960308236;20.01556665;0.427922336;18.05297089;10.55839947;71.38862964;81.11106873;502.2093506;239.0629425;18.54263566;41.73643411;15.62790698;17.13255185;40.87766757;16.80192365;;;;;;;;;;80.58192676;78.62449262;82.5089913;62.3458996;81.34092342;1.0;HH
52;5222;Nariño;La Llanada;52385;2021;6567;4.870311152;;51.42378559;32;2300.0;265;0;0;1;0;0;61.64217543;41.31192244;67.79120128;908526.0;61.44358154;4035.0;51.0;48.27272797;235.7792206;36.55840418;6.111925104;2.514708909;27.93177016;0.556698708;16.71824917;6.87860689;76.40314394;81.11106873;502.2093506;239.0629425;17.1899285;42.64843021;16.97233447;16.02985075;41.6119403;18.20895522;;;;;;;;;;82.58527896;80.77381433;84.3898775;82.4592347;;1.0;HH
52;5226;Nariño;La Tola;52390;2011;7737;1.286028176;;66.47279307;23;5.0;459;0;0;1;0;0;73.61354349;40.10507881;115.7215307;1001638.917;70.2210159;5433.0;35.14285714;37.65306122;183.755102;17.6257751;2.291548343;1.576189544;13.75803721;0.227811491;13.00112098;8.942526131;78.05635289;178.4321899;506.9761047;222.328476;19.88465396;30.41624875;11.35907723;19.23179515;31.58175513;11.04294479;142.0;19905.0;59.0;8161.0;63.0;8878.0;93.65079365;91.92385672;0.152292731;91.43527203;87.12892811;95.0639999;69.4856208;92.3567239;0.0;
52;5226;Nariño;La Tola;52390;2016;7508;1.637142603;0.013319126;61.96057539;28;5.0;459;0;0;1;0;0;69.05256905;41.81764182;110.3061463;1417828.0;70.95098562;5327.0;42.51724138;39.89655172;208.2241379;29.51165121;7.102607169;3.456275991;18.95276805;0.393069409;24.06712901;11.71156425;64.22130674;178.4321899;506.9761047;222.328476;20.58666667;29.52;12.37333333;19.66471527;31.98509846;13.33155934;92.0;167784.0;30.0;9726.0;38.0;11929.0;78.94736;81.5324;0.432506111;82.01415683;74.92421652;87.2490864;63.45401;82.28587035;0.0;
52;5226;Nariño;La Tola;52390;2021;7563;2.83397241;0.039666799;61.04720349;33;5.0;459;0;0;1;0;0;68.6374201;41.66182452;105.7182068;1914187.5;73.99180219;5596.0;38.08602142;37.16128922;184.1612854;29.181284;1.350909142;1.99921269;25.83116217;0.385842708;4.629368407;6.851010017;88.51962158;178.4321899;506.9761047;222.328476;19.45401537;30.9302942;13.6761198;18.44327177;33.27176781;14.93403694;130.0;235443.0;58.0;147176.0;62.0;153534.0;93.54839;95.85889;0.060682319;94.61194148;90.45613579;97.4717345;94.4675418;92.68211691;0.0;
52;5258;Nariño;La Unión;52399;2011;30521;3.322302677;;59.79817175;171;1727.0;147;0;0;1;0;0;67.93408586;40.76795597;66.84031159;539154.25;79.53540185;24275.0;45.9327957;44.52956989;219.2123656;129.0915379;35.74414056;14.58533047;78.7620669;0.422959726;27.68898809;11.2984404;61.01257152;65.42321777;450.0518494;206.1618347;17.4630299;41.09760105;18.60663819;17.00640272;42.12073697;18.77695022;409.0;56035.0;157.0;22061.0;175.0;23667.0;89.71428571;93.21418008;0.025716945;93.02077094;90.53040005;95.2520123;70.69051;81.93500856;1.0;HH
52;5258;Nariño;La Unión;52399;2016;31456;4.60219566;0.111266531;59.83596134;176;1727.0;147;0;0;1;0;0;68.4263449;40.53766303;61.33056133;699443.4167;81.5551882;25654.0;53.49855908;53.44956772;267.6397695;205.6464965;57.80366553;24.17776024;123.6650707;0.653759208;28.10826662;11.75695217;60.13478121;65.42321777;450.0518494;206.1618347;17.14706636;42.31360492;19.92697925;16.83287049;42.68492805;21.01110831;358.0;709277.0;148.0;23172.0;177.0;26605.0;83.61582;87.09641;0.06323327;87.18285183;83.45543076;90.3495942;67.4530077;78.48349792;1.0;HH
52;5258;Nariño;La Unión;52399;2021;32835;5.683467844;0.31064413;60.05481955;181;1727.0;147;0;0;1;0;0;68.95151125;40.37648113;60.21210782;908526.0;79.73503883;26181.0;51.4186058;50.14186096;244.116272;272.2811723;94.45441083;18.88161034;158.9451511;0.829240665;34.69002651;6.934600061;58.37537343;65.42321777;450.0518494;206.1618347;15.97982532;43.11723459;21.24492558;15.6542197;43.11395307;22.81474332;290.0;742869.0;128.0;236363.0;144.0;255651.0;88.88889;92.45534;0.098934234;92.11099905;88.65634316;94.7437907;91.9704163;81.16763059;1.0;HH
52;5258;Nariño;Leiva;52405;2011;9923;2.0171991;;71.74241661;34;1500.0;316;0;0;1;0;0;79.55265241;38.02454473;79.53940154;1050317.875;90.98055024;9028.0;42.72058824;41.54411765;209.0735294;33.84366181;7.494848724;2.821001281;23.5278118;0.341062802;22.14550177;8.335390233;69.519108;97.3588028;439.4815979;181.3956451;18.92781111;37.99109735;15.28933617;19.11269975;38.91925988;13.68797309;;;;;;;;;;92.7847879;91.65122511;93.8508791;70.5111763;94.88717414;1.0;HH
52;5258;Nariño;Leiva;52405;2016;9796;2.201578876;0.020416497;70.40628828;39;1500.0;316;0;0;1;0;0;77.3575781;38.11780636;71.51252706;1239541.958;86.07594937;8432.0;46.75531915;45.35106383;232.287234;50.64983741;10.79511221;5.922822645;33.93190255;0.517046115;21.31322184;11.69366566;66.9931125;97.3588028;439.4815979;181.3956451;18.96992333;38.80479654;18.69471201;18.28413676;39.7536632;16.81885751;;;;;;;;;;91.27394543;89.81605576;92.6180502;70.6182697;89.91163671;1.0;HH
52;5258;Nariño;Leiva;52405;2021;10006;2.566793257;0.039976014;68.75874475;44;1500.0;316;0;0;1;0;0;76.34075326;38.11402273;69.52854346;1805972.458;85.06895862;8512.0;47.90217209;47.60869598;230.4239197;65.63020348;16.79777864;4.481135689;44.35128914;0.65590849;25.59458566;6.827855853;67.57755849;97.3588028;439.4815979;181.3956451;17.53134041;39.78784957;20.28929605;16.80149347;40.8836341;18.60609832;;;;;;;;;;91.3037058;89.88294472;92.5803985;91.1643552;88.8122008;1.0;HH
52;5222;Nariño;Linares;52411;2011;11115;2.147998201;;79.49617634;140;1450.0;146;0;0;1;0;0;85.0031407;37.55496231;68.58039002;929813.4583;87.62033288;9739.0;49.04329268;48.44902439;227.7682927;38.53986825;11.95149287;3.360456482;23.2279189;0.346737456;31.01072582;8.719429086;60.2698451;51.05013657;498.9414673;246.5894165;17.32072779;39.63610417;22.4402426;16.5184244;40.26139045;22.94427301;;;;;;;;;;93.41552932;92.26391573;94.4797966;70.990504;94.22015794;1.0;HH
52;5222;Nariño;Linares;52411;2016;10464;2.778574159;;78.88952599;145;1450.0;146;0;0;1;0;0;84.38181378;37.62416216;63.09659091;1034862.333;82.64525994;8648.0;51.16129032;51.15053763;252.7311828;58.03444754;21.64205387;6.789150174;29.60324349;0.554610546;37.29173756;11.69848334;51.0097791;51.05013657;498.9414673;246.5894165;15.98016781;42.18154081;23.9511823;15.55555556;41.89655172;25.4789272;;;;;;;;;;90.11525684;88.58918471;91.5028125;69.7217972;;1.0;HH
52;5222;Nariño;Linares;52411;2021;10378;3.49376887;0.038543072;78.19425708;150;1450.0;146;0;0;1;0;0;83.98355634;37.578591;62.59520046;984886.1667;79.90942378;8293.0;52.6328125;53.1171875;250.953125;82.19699598;33.53704173;5.62511818;43.03483608;0.792031181;40.80081191;6.84345956;52.35572853;51.05013657;498.9414673;246.5894165;14.67925255;42.76632633;25.81390869;14.20859842;42.00886832;28.01233854;;;;;;;;;;89.75839754;88.30257735;91.1536907;89.6214054;87.45431349;1.0;HH
52;5222;Nariño;Los Andes;52418;2011;10313;2.109796697;;59.41045283;100;1550.0;907;0;0;1;0;0;67.78544219;41.09955729;99.1100857;1002925.042;88.78115;9156.0;46.00877193;45.64035088;217.6929825;44.79892916;13.16823669;4.440476168;27.1902163;0.434392797;29.39408807;9.912014084;60.69389785;85.73511505;497.2807922;232.8144989;18.06302844;33.60876249;16.31437356;17.75298493;34.35114504;17.4789587;349.0;50144.0;170.0;24077.0;176.0;25033.0;96.59090909;96.18104103;0.025032644;95.94508397;93.34529749;97.8856734;72.9128221;94.87054114;0.0;
52;5222;Nariño;Los Andes;52418;2016;9738;3.454679263;0.041076196;55.20640789;105;1550.0;907;0;0;1;0;0;64.2394015;41.06733167;70.07118539;774690.6667;85.17149312;8294.0;52.81081081;51.94594595;260.8175676;64.76038726;24.01152548;7.600171612;33.14869017;0.665027596;37.07748903;11.7358341;51.18667687;85.73511505;497.2807922;232.8144989;17.66265552;40.19987763;18.23373445;16.77352637;41.75801448;20.2688728;269.0;613113.0;139.0;26802.0;151.0;28619.0;92.05298;93.65107;0.046992072;93.10626378;89.85944781;95.6625974;72.0359268;91.65379347;0.0;
52;5222;Nariño;Los Andes;52418;2021;9635;3.693997578;0.269849507;52.92163985;110;1550.0;907;0;0;1;0;0;62.46231156;41.28643216;68.41040012;1027894.417;87.95018163;8474.0;52.62204742;51.23622131;248.2519684;65.09984254;20.90280017;4.250780807;39.94626156;0.675660016;32.10883368;6.529633009;61.36153331;85.73511505;497.2807922;232.8144989;16.53917718;41.18255117;19.30948935;15.48561901;42.39266361;22.15506461;260.0;681738.0;127.0;129165.0;140.0;146183.0;90.71429;88.35843;0.057882466;88.54684038;84.29996117;91.6788648;88.4116974;87.90603587;1.0;HH
52;5226;Nariño;Magüí;52427;2011;21049;0.576432768;;70.1553518;74;23.0;1745;0;0;1;0;0;76.64664177;39.68717865;108.8845177;927807.5;42.69086417;8986.0;38.84375;38.78125;196.4375;43.21997614;18.10967412;2.155071948;22.95523007;0.205330306;41.9011664;4.986286761;53.11254683;137.4956207;504.9247131;226.6565857;23.25345622;31.52995392;6.608294931;21.8746936;32.07177174;7.392881655;;;;;;;;;;82.60389357;80.67503221;84.4666599;62.7742741;84.0241954;3.0;LH
52;5226;Nariño;Magüí;52427;2016;23698;0.557712325;0.021098827;70.3434889;79;23.0;1745;0;0;1;0;0;76.22176791;40.04088785;115.192049;1391368.667;36.19292767;8577.0;42.26470588;37.04411765;200.1764706;164.2418307;117.9491067;5.948367716;40.34435627;0.693061991;71.81429128;3.62171299;24.56399573;137.4956207;504.9247131;226.6565857;22.11237436;30.09556764;8.049101994;21.73010381;30.89965398;8.019031142;;;;;;;;;;72.55619972;70.41145418;74.6606623;56.1364282;77.90431225;3.0;LH
52;5226;Nariño;Magüí;52427;2021;25723;0.734103072;0.007775143;70.38836839;84;23.0;1745;0;0;1;0;0;76.760812;39.99117387;111.1481658;1823533.917;30.07036504;7735.0;42.03333282;39.86666489;198.4499969;67.80231184;1.963758648;4.611706901;61.22684629;0.263586331;2.896300428;6.801695659;90.30200391;137.4956207;504.9247131;226.6565857;21.01710516;31.41827107;8.966786837;20.70786694;31.97225288;9.080876557;;;;;;;;;;73.88147108;71.56163617;75.8607028;73.7687109;77.9722034;3.0;LH
52;5222;Nariño;Mallama;52435;2011;8580;1.973581974;;85.96736597;85;1809.0;531;0;0;1;0;0;90.45333333;37.216;83.52283318;904975.5;93.76456876;8045.0;44.07368421;43.65263158;211.8105263;25.1192002;4.926512245;2.107838502;18.08484945;0.292764571;19.61253625;8.391344013;71.99611973;72.02863312;538.9689941;281.0080872;18.05942433;36.88486537;17.54874652;17.48595506;37.68726592;17.86048689;120.0;27223.0;45.0;10688.0;46.0;10801.0;97.82608696;98.95380057;0.011195933;98.3943614;95.48328457;99.7056567;74.774134;96.37513605;1.0;HH
52;5222;Nariño;Mallama;52435;2016;8878;2.506195089;0.078846587;86.22437486;90;1809.0;531;0;0;1;0;0;90.32988676;37.03594289;70.37922788;984718.1667;77.63009687;6892.0;48.87179487;44.52991453;234.8974359;38.91233385;10.17330766;4.391680675;24.34734552;0.438300674;26.14417243;11.28608912;62.56973846;72.02863312;538.9689941;281.0080872;18.22493225;40.06323397;18.65401987;17.03370787;40.51685393;19.5505618;130.0;318560.0;58.0;10175.0;64.0;11174.0;90.625;91.0596;0.173405546;90.55121298;85.65363161;94.2412193;70.0590947;90.38400343;1.0;HH
52;5222;Nariño;Mallama;52435;2021;9278;3.335848243;0.118560034;86.23625781;95;1809.0;531;0;0;1;0;0;90.45589325;36.76797628;68.00454989;1043972.083;71.99827549;6680.0;49.98347092;47.90909195;235.8181763;55.51624361;15.3742563;3.793297336;36.34868997;0.598364342;27.69325751;6.832770176;65.47397231;72.02863312;538.9689941;281.0080872;16.75675676;41.38378378;20.36756757;15.6458199;41.34966688;21.64195143;76.0;272197.0;29.0;231466.0;32.0;249656.0;90.625;92.71397;0.411124062;91.59980366;85.20010754;96.3358947;91.4600012;91.60205412;1.0;HH
52;5226;Nariño;Mosquera;52473;2011;10903;1.537038736;;53.48069339;137;8.0;678;0;0;1;0;0;63.13585933;41.89868118;106.6550743;917699.1667;94.81794002;10338.0;35.7037037;37.62962963;191.5185185;22.69421131;2.60803363;1.949146806;18.13703087;0.208146485;11.49206551;8.588740007;79.91919448;198.4945221;530.5899658;244.6955872;21.07941123;31.23750681;10.59422133;21.24074074;32.74074074;10.61111111;226.0;44428.0;104.0;19204.0;108.0;20900.0;96.2962963;91.88516746;0.152714958;91.99354464;88.61035661;95.0366505;69.9098763;70.33959508;0.0;
52;5226;Nariño;Mosquera;52473;2016;11712;2.071948998;0.042691257;52.74931694;142;8.0;678;0;0;1;0;0;60.16579018;42.25866833;76.39501687;1074417.167;64.22472678;7522.0;46.04918033;44.24590164;230.5901639;32.56611699;1.889283209;3.81163058;26.8652032;0.278057693;5.801376965;11.70428326;82.49433977;198.4945221;530.5899658;244.6955872;22.30665316;36.5248227;11.70212766;23.76511226;37.63385147;11.88255613;232.0;646782.0;87.0;17092.0;120.0;22896.0;72.5;74.6506;0.190766342;75.87941574;70.08743265;81.0137473;58.7075865;62.01655025;0.0;
52;5226;Nariño;Mosquera;52473;2021;12393;2.183356196;0.12910514;53.62704753;147;8.0;678;0;0;1;0;0;61.40817004;41.94619728;73.70658246;1841190.625;54.6437505;6772.0;46.24137878;42.0;211.6896515;41.5649847;2.967230377;2.841656995;35.75609733;0.335390823;7.138774135;6.83666075;86.02456512;198.4945221;530.5899658;244.6955872;21.07279693;37.7394636;12.77139208;22.71169848;38.63599282;13.21585903;260.0;740007.0;116.0;127956.0;131.0;147627.0;88.54962;86.6752;0.122875243;86.183351;81.51919364;90.1292147;86.0518153;68.05027674;0.0;
52;5221;Nariño;Nariño;52480;2011;4526;5.571512741;;36.92001768;12;2400.0;50;0;0;1;0;0;46.19577561;44.56052691;64.13148566;610745.5417;62.88113124;2846.0;43.36214286;43.2847619;214.0119048;30.63036292;11.47164496;5.517391845;13.64132611;0.676764536;37.45187412;18.01281905;44.53530683;32.23324966;489.0652466;246.0218353;18.50022452;40.36820835;17.51234845;16.78990866;43.06220096;19.18225315;;;;;;;;;;83.92852444;82.32600175;85.4969392;63.7809184;86.41007081;0.0;
52;5221;Nariño;Nariño;52480;2016;4321;25.03664275;1.319139088;38.648461;17;2400.0;50;0;0;1;0;0;47.858473;43.7849162;59.16005291;685696.25;71.34922472;3083.0;50.83098592;48.67605634;249.0774648;32.61268645;9.748420299;3.938354057;18.92591209;0.754748587;29.89149733;12.07614118;58.03236149;32.23324966;489.0652466;246.0218353;17.04704238;42.75733582;18.72380065;15.50137994;45.81416743;19.96320147;;;;;;;;;;76.63075062;74.71952089;78.7355534;59.2888912;76.08417592;0.0;
52;5221;Nariño;Nariño;52480;2021;4463;34.74493988;1.32198073;39.27851221;22;2400.0;50;0;0;1;0;0;48.83824844;43.58802502;58.62179487;905965.75;65.47165584;2922.0;51.43269348;49.77884674;244.4230804;44.17386397;13.82713934;3.049338354;27.29738628;0.989779609;31.30162973;6.903037407;61.79533286;32.23324966;489.0652466;246.0218353;15.81563488;43.33483958;20.19882512;14.35555556;46.08888889;21.55555556;;;;;;;;;;70.21538966;67.82639176;72.3241921;70.1082247;75.24956447;0.0;
52;5226;Nariño;Olaya Herrera;52490;2011;26703;0.97429752;;63.50222821;32;500.0;990;0;0;1;0;0;67.93333905;41.23040014;103.2292925;1031172.917;64.22499345;17150.0;35.63;36.93;193.31;57.19303532;5.690359029;4.34507679;47.1575995;0.214182059;9.94939156;7.597213132;82.45339531;180.7601166;514.8143921;230.0678406;20.83333333;32.59112287;10.05291005;20.69492173;33.73806796;9.194348988;;;;;;;;;;86.80137147;85.29011306;88.2651118;65.9641192;90.69566033;0.0;
52;5226;Nariño;Olaya Herrera;52490;2016;25780;1.317235583;0.007757952;58.94491854;37;500.0;990;0;0;1;0;0;66.07766047;42.26708486;104.4628099;1329991.25;71.10938712;18332.0;43.57647059;38.82352941;207.8176471;81.13847252;12.28696884;9.471349409;59.38015428;0.314734184;15.14320945;11.67306841;73.18372213;180.7601166;514.8143921;230.0678406;20.60596692;31.81326326;10.13294172;21.28951877;33.85765457;9.601308207;;;;;;;;;;83.05113652;81.06836381;84.6316413;64.2563169;83.64156955;0.0;
52;5226;Nariño;Olaya Herrera;52490;2021;25969;2.305954536;0.115522354;57.06804267;42;500.0;990;0;0;1;0;0;64.84286585;42.6177418;101.268953;1796580.5;78.08155878;20277.0;42.1324501;38.70198822;193.3774872;94.05226521;8.766268976;6.39714884;78.8888474;0.362171301;9.320635666;6.801695659;83.87766868;180.7601166;514.8143921;230.0678406;19.52336594;32.89085546;11.23272784;20.1344846;34.95835562;10.85046229;;;;;;;;;;87.12723801;85.53344486;88.7100563;86.9942617;84.97689135;0.0;
52;5222;Nariño;Ospina;52506;2011;7116;2.191071763;;73.00449691;146;2830.0;66;0;0;1;0;0;79.38940968;38.86496073;64.66460268;875436.4583;86.77627881;6175.0;44.84057971;46.5942029;222.3188406;34.62491169;15.94307363;2.671168847;16.01066921;0.486578298;46.04509542;7.714586744;46.24031783;34.93346786;525.6069336;281.3196106;18.75703037;41.56355456;17.09786277;16.46067416;42.9494382;19.85955056;;;;;;;;;;93.19585922;92.00214911;94.2373912;70.8235672;92.24385469;1.0;HH
52;5222;Nariño;Ospina;52506;2016;7120;3.1542603;0.042134831;72.59831461;151;2830.0;66;0;0;1;0;0;79.81764416;38.67668802;61.48966646;689462.5;83.13202247;5919.0;51.56338028;53.11267606;262.8028169;83.78672411;53.08712805;9.782068238;20.91752783;1.176779833;63.35983249;11.67496204;24.96520546;34.93346786;525.6069336;281.3196106;17.92318634;42.10526316;19.45945946;15.81137309;42.63522885;23.02357836;;;;;;;;;;89.19879017;87.70985209;90.6797122;69.0127308;85.69547488;1.0;HH
52;5222;Nariño;Ospina;52506;2021;7294;3.72566493;0.068549493;72.07293666;156;2830.0;66;0;0;1;0;0;79.65697951;38.6374464;60.36341853;921882.75;74.4995887;5434.0;53.82352829;52.50588226;255.3882294;68.71560949;34.68672574;4.676692722;29.35219102;0.942084035;50.47866999;6.80586661;42.7154634;34.93346786;525.6069336;281.3196106;16.5923034;43.05633017;21.05409927;14.67098166;42.58360302;25.29665588;;;;;;;;;;87.78380422;86.20149413;89.2377532;87.6498258;85.15572644;1.0;HH
52;5226;Nariño;Francisco Pizarro;52520;2011;13082;1.195663252;;61.06864394;40;1.0;956;0;0;1;0;0;67.83751288;39.51391274;103.1708902;936940.8333;44.64913622;5841.0;34.7826087;36.95652174;189.1304348;33.17181498;11.6625666;2.520133484;18.98911489;0.253568376;35.15805997;7.597213132;57.24472689;194.9934082;549.2643433;264.1130981;19.48315912;33.15911731;12.22415796;17.87213432;34.93703584;12.07620278;;;;;;;;;;84.87272805;83.18441017;86.2288212;64.4984596;85.27555842;0.0;
52;5226;Nariño;Francisco Pizarro;52520;2016;13891;1.331197658;0.028795623;61.47865524;45;1.0;956;0;0;1;0;0;69.52859351;40.20865533;93.73371239;1141612.0;41.18493989;5721.0;46.33333333;41.69565217;217.3478261;50.5798143;14.76247871;5.904216327;29.91311926;0.364119317;29.18650238;11.67306841;59.1404292;194.9934082;549.2643433;264.1130981;19.0992259;34.2575651;13.947924;18.06660772;35.82375479;13.98467433;;;;;;;;;;74.84552403;72.53242742;76.9112558;57.9076688;80.23453623;0.0;
52;5226;Nariño;Francisco Pizarro;52520;2021;14675;1.526973311;0.01362862;61.40374787;50;1.0;956;0;0;1;0;0;70.10205548;40.37659911;90.14756463;1926366.125;42.89608177;6295.0;44.41666794;40.32143021;203.0476227;50.65813802;8.566466185;3.445612374;38.64605946;0.345200259;16.91034554;6.801695659;76.2879588;194.9934082;549.2643433;264.1130981;17.6971993;35.651468;15.19415505;16.84514003;36.84788578;15.44481054;;;;;;;;;;78.1459407;76.07159868;80.1964803;78.0266719;82.1874101;0.0;
52;5258;Nariño;Policarpa;52540;2011;9748;2.386814389;;75.26672138;39;1000.0;467;0;0;1;0;0;81.1754437;38.62864902;72.08192177;1007585.458;120.6709069;11763.0;39.69565217;39.42028986;202.0;41.74988075;8.489443828;3.384364534;29.87607238;0.42829176;20.33405527;8.106285512;71.55965921;83.45433044;470.9859009;210.1731567;21.44874899;39.00322841;12.83292978;20.42988314;39.44073456;14.1903172;236.0;34439.0;104.0;15172.0;107.0;15615.0;97.19626168;97.16298431;0.03761407;97.11932251;94.74271691;98.7628494;73.8051768;95.59865838;1.0;HH
52;5258;Nariño;Policarpa;52540;2016;9900;2.500841751;0.090909091;74.16161616;44;1000.0;467;0;0;1;0;0;81.08869502;38.63140676;62.43417203;1276805.375;116.7373737;11557.0;53.35483871;51.91397849;267.2365591;57.34422186;10.07554539;6.703174787;40.56550168;0.579234564;17.5702888;11.68936393;70.74034727;83.45433044;470.9859009;210.1731567;20.87712207;40.84478577;15.90541633;19.30533118;42.24555735;16.43780291;153.0;294687.0;72.0;11732.0;76.0;12343.0;94.73684;95.04983;0.172051042;95.42683199;91.66089433;97.8594845;73.8313407;91.83581762;1.0;HH
52;5258;Nariño;Policarpa;52540;2021;10180;3.496234447;0.078585462;73.33005894;49;1000.0;467;0;0;1;0;0;80.62001927;38.60232945;60.93373067;1863541.125;121.2278978;12341.0;50.19230652;49.02884674;239.7692261;78.19533016;13.95392275;5.332936188;58.90847122;0.768127015;17.84495663;6.820018762;75.33502461;83.45433044;470.9859009;210.1731567;19.51075163;41.8425725;17.47879266;17.70690667;43.02484837;18.46996674;169.0;382099.0;71.0;314973.0;80.0;361232.0;88.75;87.1941;0.17898099;88.9470452;84.28949258;93.0198763;88.8112914;87.42983317;1.0;HH
52;5282;Nariño;Potosí;52560;2011;11196;2.426461832;;80.88603073;440;2750.0;288;0;0;1;0;0;85.95154044;38.61521181;72.23884657;873300.875;106.0110754;11869.0;46.46153846;47.75641026;223.5128205;55.79219054;24.45792928;4.659850735;26.67441053;0.498322531;43.83754974;8.352155901;47.81029436;25.69004631;543.4000854;306.8061523;17.59158506;39.5901342;18.06311208;17.12425202;40.68989792;18.79619852;283.0;43952.0;159.0;24948.0;167.0;26380.0;95.20958084;94.57164519;0.036720902;94.69324193;91.82406876;97.0448162;71.9614931;94.10875577;0.0;
52;5282;Nariño;Potosí;52560;2016;10595;2.823658959;;80.43416706;445;2750.0;288;0;0;1;0;0;85.37656197;38.39918946;72.78645833;895286.1667;108.5512034;11501.0;51.29577465;50.34507042;254.6267606;81.97001348;39.23672448;9.583594815;33.14969418;0.773666951;47.86716852;11.69158624;40.44124524;25.69004631;543.4000854;306.8061523;16.00691776;40.21906226;19.3697156;15.5444259;41.66202931;20.68261918;241.0;509109.0;140.0;26370.0;151.0;27766.0;92.71523;94.97227;0.033654636;94.92153419;92.03408798;97.2160456;73.4403939;;0.0;
52;5282;Nariño;Potosí;52560;2021;10578;3.572666541;0.009453583;79.28719985;450;2750.0;288;0;0;1;0;0;84.72593583;38.32720588;70.70532237;1107063.875;105.7194177;11183.0;52.21897888;52.8394165;252.7810211;253.0345462;188.2256581;17.24209051;47.56679759;2.392083061;74.38733601;6.814125093;18.7985389;25.69004631;543.4000854;306.8061523;14.70191009;41.23094733;21.12676056;14.40222428;42.02038925;22.92863763;212.0;541338.0;92.0;344946.0;105.0;382817.0;87.61905;90.10728;0.136699167;90.69554085;86.98431319;94.0729669;90.5571185;89.10816591;0.0;
52;5222;Nariño;Providencia;52565;2011;6950;1.558752998;;75.32374101;19;2300.0;42;0;0;1;0;0;81.58140986;41.01684342;119.7900262;901707.1667;84.0;5838.0;48.42553191;46.0;222.6808511;21.78732461;1.311668243;1.73853641;18.73711996;0.313486685;6.02032726;7.979577305;86.00009544;47.28305054;517.5714111;266.5600281;17.36810907;30.34973325;12.38885596;18.12080537;32.52237136;12.58389262;365.0;43755.0;172.0;20121.0;192.0;22616.0;89.58333333;88.96798727;0.057115854;89.10035179;85.71335699;92.0662975;67.7112139;78.97390511;1.0;HH
52;5222;Nariño;Providencia;52565;2016;5907;3.368884374;;73.48908075;24;2300.0;42;0;0;1;0;0;80.27480916;39.60305344;68.76907426;767289.0833;81.97054342;4842.0;54.75757576;52.03030303;266.3939394;28.07088059;4.792068077;3.280151331;19.99866118;0.475213824;17.07131368;11.68524557;71.24344075;47.28305054;517.5714111;266.5600281;17.90575916;41.04712042;17.41710297;18.04733728;41.91321499;18.24457594;242.0;521552.0;116.0;21030.0;151.0;29211.0;76.82119;71.99342;0.165577128;74.38057729;69.23473056;79.613996;57.5479415;;3.0;LH
52;5222;Nariño;Providencia;52565;2021;5718;3.446717967;0.542147604;72.92759706;29;2300.0;42;0;0;1;0;0;80.03428928;39.65087282;67.99157673;918398.8333;82.38894718;4711.0;50.74242401;50.28787994;239.6818237;33.91429756;7.81472366;2.312487976;23.78708592;0.593114683;23.04256382;6.818622652;70.13881353;47.28305054;517.5714111;266.5600281;16.82988756;41.24047878;19.44142184;16.95373185;42.18169537;20.46605876;230.0;497410.0;86.0;140110.0;100.0;162426.0;86.0;86.26082;0.134780561;86.57501352;82.18995492;90.3539423;86.44288;86.08466375;1.0;HH
52;5282;Nariño;Puerres;52573;2011;8939;3.214378939;;62.43427676;130;2800.0;359;0;0;1;0;0;71.302908;41.31222188;72.59872392;992273.5833;87.83980311;7852.0;45.33628319;47.01769912;223.2654867;40.36231227;10.51250196;3.553622496;26.29618782;0.45153051;26.04534123;8.804308515;65.15035025;25.50860596;530.4389648;296.9901123;16.13504075;39.13853318;21.53667055;15.24547804;40.11627907;23.96640827;368.0;47025.0;147.0;18203.0;161.0;19858.0;91.30434783;91.66582737;0.049370591;91.74961033;89.0605382;94.2454828;69.7245001;90.4238165;1.0;HH
52;5282;Nariño;Puerres;52573;2016;8631;3.455567142;0.220136716;60.38697718;135;2800.0;359;0;0;1;0;0;69.63897347;40.77859939;74.16801583;947869.1667;87.44062102;7547.0;55.56164384;56.32876712;279.6027397;50.50074223;12.16842468;5.912519274;32.41979828;0.58510882;24.0955363;11.70778688;64.19667682;25.50860596;530.4389648;296.9901123;16.24940954;38.92300425;21.44544166;14.41892199;41.07345918;24.24380259;230.0;523985.0;115.0;20652.0;122.0;21674.0;94.2623;95.28468;0.036704153;94.5371403;91.41078156;97.0196632;73.14299;92.10019437;1.0;HH
52;5282;Nariño;Puerres;52573;2021;8733;4.816977747;0.973319592;58.86865911;140;2800.0;359;0;0;1;0;0;68.56746962;40.75890002;72.49822569;1102130.5;81.40387038;7109.0;53.33000183;53.38999939;256.9100037;74.82106106;19.07471993;5.126305149;50.62003598;0.856762408;25.49378431;6.85142001;67.65479568;25.50860596;530.4389648;296.9901123;14.92048644;40.03741815;23.19925164;13.23760377;41.193628;26.40789769;239.0;534659.0;104.0;314795.0;119.0;353660.0;87.39496;89.01064;0.084812474;88.94523594;84.77416409;92.5531527;88.8094849;87.81194885;1.0;HH
52;5282;Nariño;Pupiales;52585;2011;17541;2.47515345;;66.03956445;148;2900.0;135;0;0;1;0;0;74.20309418;40.86283875;64.77454026;881160.9583;91.26617639;16009.0;46.96208531;47.88151659;229.3649289;86.36067109;28.28788496;12.70682959;45.36595654;0.492336076;32.75551777;14.71367629;52.53080594;43.54965591;543.1588745;299.8044739;17.16276872;41.34183794;18.62745098;15.85674931;43.88980716;20.31955923;;;;;;;;;;92.65640077;91.41982299;93.8679033;70.4136094;89.88306068;1.0;HH
52;5282;Nariño;Pupiales;52585;2016;17693;2.997418942;0.011303905;64.81659413;153;2900.0;135;0;0;1;0;0;73.12906031;40.43173564;63.50824836;865025.125;91.0529588;16110.0;56.06122449;55.44387755;278.127551;194.3474197;90.78388099;38.63903116;64.92450755;1.098442433;46.71216172;19.88142226;33.40641602;43.54965591;543.1588745;299.8044739;16.24927871;41.60415465;20.16156953;14.92024812;43.83030572;23.21665928;;;;;;;;;;89.20837096;87.72180635;90.6649116;69.0201434;87.90738147;1.0;HH
52;5282;Nariño;Pupiales;52585;2021;17946;4.159701326;0.055722724;64.17586092;158;2900.0;135;0;0;1;0;0;72.87398821;40.32177476;62.52860412;909482.1667;87.56268806;15714.0;52.63706589;51.39382172;251.3397675;194.0498247;74.24476236;32.91699722;86.88806516;1.081298477;38.26066963;16.96316772;44.77616266;43.54965591;543.1588745;299.8044739;15.19981783;42.27484914;21.67824206;13.76186838;43.93757503;25.42835316;;;;;;;;;;89.25383061;87.86277834;90.955913;89.1176086;83.1715236;1.0;HH
52;5222;Nariño;Ricaurte;52612;2011;17320;1.957755966;;86.83025404;130;1181.0;2422;0;0;1;0;0;89.50304843;38.35844933;96.00840336;745157.5833;94.78637413;16417.0;44.05882353;43.47058824;214.9117647;48.27801718;6.304594761;4.776166766;37.19725565;0.278741439;13.05893475;9.89304666;77.04801859;89.70464325;545.6847534;282.3493347;20.62194984;33.85540801;11.2927023;20.31966153;35.49183218;11.66999647;189.0;31752.0;71.0;12646.0;76.0;14187.0;93.42105263;89.13794319;0.214519165;89.69155909;85.21063705;93.6146739;68.1604979;86.31514659;1.0;HH
52;5222;Nariño;Ricaurte;52612;2016;19003;3.603378414;0.026311635;87.52302268;135;1181.0;2422;0;0;1;0;0;90.00210482;38.36560724;98.27041264;779823.3333;94.00620955;17864.0;47.96753247;45.41558442;235.2077922;61.41279842;4.239993151;7.216616397;49.95618887;0.323174227;6.904087194;11.75099748;81.34491532;89.70464325;545.6847534;282.3493347;20.74219965;33.88618223;10.40738053;20.54296708;35.22873023;11.6502779;176.0;377702.0;70.0;13064.0;91.0;16214.0;76.92308;80.57234;0.239638495;82.61346824;76.86493326;86.9163634;63.9176948;74.75521407;1.0;HH
52;5222;Nariño;Ricaurte;52612;2021;20313;3.828008336;0.684290848;88.15044553;140;1181.0;2422;0;0;1;0;0;90.68925572;38.005599;94.75780234;1199437.958;92.67956481;18826.0;45.96363449;42.67272568;214.4727325;106.5095808;13.19824483;7.316602438;85.9947335;0.524341952;12.3916034;6.869431262;80.73896534;89.70464325;545.6847534;282.3493347;19.55062737;35.29812275;11.57474954;19.35805423;36.35366826;13.19776715;133.0;459146.0;64.0;116908.0;75.0;135648.0;85.33334;86.18483;0.212447229;87.2501056;81.61222936;91.8294222;87.1169417;75.34378069;1.0;HH
52;5226;Nariño;Roberto Payán;52621;2011;12239;1.59054389;;76.02745322;74;69.0;1342;0;0;1;0;0;80.78249818;39.6151053;110.7469948;826502.3333;87.47446687;10706.0;36.06976744;36.53488372;189.5116279;31.77888474;7.537097064;2.414309604;21.82747807;0.259652625;23.71731144;7.597213132;68.68547543;166.9121246;535.8534546;253.4275055;19.93171842;32.84018859;8.974150545;19.33311432;32.57227332;9.609067017;;;;;;;;;;92.11624987;90.82282185;93.3531499;70.0031253;92.70215682;0.0;
52;5226;Nariño;Roberto Payán;52621;2016;12615;1.395825076;0.031708284;73.72968688;79;69.0;1342;0;0;1;0;0;78.90905977;40.51207399;103.6802373;1254114.333;87.35632184;11020.0;42.85714286;36.64285714;199.8809524;97.4894002;56.65410578;5.62021622;35.2150782;0.772805392;58.11309297;5.76495107;36.12195596;166.9121246;535.8534546;253.4275055;20.62914954;32.54821372;9.70597534;20.71871522;33.2326284;10.79662903;;;;;;;;;;89.04068246;87.55574137;90.4225694;68.8904035;84.1957587;0.0;
52;5226;Nariño;Roberto Payán;52621;2021;13083;2.238910545;0.14522663;73.33180463;84;69.0;1342;0;0;1;0;0;78.87552811;40.16899578;99.38477314;1789216.333;77.62745548;10156.0;38.7297287;33.78378296;175.8783722;136.2108966;88.61353447;3.764126619;43.83323552;1.04112892;65.05612743;2.763454843;32.18041773;166.9121246;535.8534546;253.4275055;19.3902439;34.11585366;10.86890244;19.45423885;34.46267055;12.29495631;;;;;;;;;;88.41838667;86.82241025;89.9023962;88.2834397;83.67610843;0.0;
52;5222;Nariño;Samaniego;52678;2011;33968;1.946685115;;72.21502591;147;1450.0;765;0;0;1;0;0;79.27878854;38.98300468;69.14172535;882214.75;84.47067829;28693.0;47.07982206;46.93181495;222.5622776;129.1083937;29.3477055;11.48636356;88.27432461;0.3800883;22.73105928;8.896682266;68.37225845;68.47340393;509.3424377;250.3188782;18.35603514;40.42691196;16.76396014;17.80821918;41.8366747;16.67352578;340.0;51216.0;141.0;20449.0;147.0;21671.0;95.91836735;94.36112777;0.05446421;94.20714189;91.50684864;96.2513098;71.5920847;94.76932888;1.0;HH
52;5222;Nariño;Samaniego;52678;2016;30725;2.716029292;0.019528072;69.14239219;152;1450.0;765;0;0;1;0;0;76.41393801;39.32761338;60.48695324;763303.3333;85.61432059;26305.0;51.82102273;50.39204545;255.6477273;164.353979;42.47224581;19.14498453;102.7367486;0.534919378;25.84193342;11.64862856;62.50943802;68.47340393;509.3424377;250.3188782;18.521682;42.24704336;19.23784494;17.23960013;43.01193163;20.51596259;267.0;643666.0;126.0;26697.0;151.0;31029.0;83.44371;86.03886;0.116598001;86.55210654;82.36905658;90.3206342;66.9650027;87.97343186;1.0;HH
52;5222;Nariño;Samaniego;52678;2021;29576;3.161347038;0.030430078;65.98255342;157;1450.0;765;0;0;1;0;0;73.96600309;39.72972154;59.17339203;1069625.167;86.99621315;25730.0;52.35664368;51.38461685;247.8286743;208.823436;49.89777508;14.32590625;144.5997547;0.70605706;23.89471988;6.860296204;69.24498392;68.47340393;509.3424377;250.3188782;17.28090042;43.16107336;20.60256674;16.09463512;43.51882706;22.35254915;224.0;641083.0;93.0;220161.0;111.0;245875.0;83.78378;89.54184;0.099655485;89.66270513;85.89086646;92.8715918;89.5258591;89.08832207;1.0;HH
52;5221;Nariño;Sandoná;52683;2011;23144;2.715246572;;56.48980297;143;1800.0;97;0;0;1;0;0;65.51879823;40.55984239;64.82306517;685953.0;75.07345316;17375.0;46.85624454;46.96995633;225.1746725;88.32139939;17.72023521;11.41404054;59.18712365;0.381616831;20.06335421;12.92330128;67.0133445;38.8825531;500.068573;252.3633118;17.52515777;40.70441753;19.8959577;16.10614819;43.30005255;20.76545805;;;;;;;;;;89.97010948;88.40848242;91.1586666;68.3721804;88.80254231;1.0;HH
52;5221;Nariño;Sandoná;52683;2016;21500;3.039147287;0.088372093;52.88837209;148;1800.0;97;0;0;1;0;0;62.30160446;41.49115599;61.16504854;812772.6667;77.39069767;16639.0;56.48846154;56.66923077;280.9153846;120.3370174;29.0185409;14.22673901;77.09173746;0.559707058;24.11439267;11.82241285;64.06319447;38.8825531;500.068573;252.3633118;17.13509462;40.57522953;22.79370433;15.30574543;43.59874377;24.32107888;;;;;;;;;;86.4558063;84.70827523;88.0660805;66.8904957;87.4753445;1.0;HH
52;5221;Nariño;Sandoná;52683;2021;20977;3.640892406;0.500548219;49.09186252;153;1800.0;97;0;0;1;0;0;58.97961001;42.14228475;60.01111574;1022801.792;79.61100253;16700.0;55.45634842;54.63492203;264.8254089;167.7039243;53.5207223;11.74549028;102.4377117;0.799465721;31.91381628;7.003706283;61.08247744;38.8825531;500.068573;252.3633118;16.17988395;41.13152805;24.12959381;14.19573188;43.95036194;26.10698505;;;;;;;;;;87.77197873;86.17510642;89.3107872;87.6380184;85.92945033;1.0;HH
52;5258;Nariño;San Bernardo;52685;2011;9495;2.273126207;;72.98578199;19;2100.0;70;0;0;1;0;0;79.72133308;37.69534928;56.69034932;799839.4583;72.03791469;6840.0;43.64044944;46.14606742;217.3483146;35.22202505;11.03079279;2.859098789;21.33213347;0.370953397;31.31788354;8.117360615;60.56475584;57.70366669;447.8278809;213.6400146;17.95291709;44.5035824;16.88843398;18.59002169;44.79392625;16.61605206;341.0;43884.0;134.0;17094.0;137.0;17552.0;97.81021898;97.39061076;0.0248025;96.99705103;94.95028125;98.4451197;73.7122574;91.70568614;1.0;HH
52;5258;Nariño;San Bernardo;52685;2016;9276;1.844365387;0.010780509;72.0677016;24;2100.0;70;0;0;1;0;0;78.82628193;37.77539481;63.36492891;1235303.833;71.03277275;6589.0;55.08333333;54.38095238;276.202381;61.92035373;21.05089636;7.236266083;33.63319128;0.667532921;33.99673144;11.68640947;54.31685909;57.70366669;447.8278809;213.6400146;17.47408504;43.11402581;18.32028771;16.24532864;43.02044405;19.67465377;273.0;522908.0;125.0;20766.0;136.0;22834.0;91.91177;90.94333;0.101445511;90.49240508;87.13539181;93.4511439;70.0135952;85.62959753;1.0;HH
52;5258;Nariño;San Bernardo;52685;2021;9443;2.961629426;0.02117971;71.70390766;29;2100.0;70;0;0;1;0;0;78.78472878;37.67718768;61.58244475;1261028.625;68.50577147;6469.0;55.73333359;56.93333435;272.3999939;64.13193285;24.76784542;4.373546075;34.99054136;0.679147865;38.62014494;6.819607456;54.5602476;57.70366669;447.8278809;213.6400146;16.375;43.97916667;19.79166667;14.8610812;43.54942925;21.88240362;239.0;483472.0;119.0;347105.0;129.0;385917.0;92.24806;89.94292;0.090087706;89.6812867;85.77174395;92.7543155;89.5444123;85.63949672;1.0;HH
52;5258;Nariño;San Lorenzo;52687;2011;18023;1.609517468;;88.37596405;125;1950.0;267;0;0;1;0;0;91.78772606;36.35240636;75.43288188;1085612.167;91.15019697;16428.0;43.46583851;44.55900621;212.757764;76.81514819;35.0216793;6.163346829;35.63012206;0.426206226;45.59215223;8.023608591;46.38423918;58.00593948;461.5597839;215.7405853;18.03208096;38.73398644;18.77489504;17.81543394;38.3558507;19.02908175;374.0;52199.0;168.0;22918.0;183.0;25148.0;91.80327869;91.13249563;0.057778385;91.32239889;88.58703237;94.1365325;69.3998436;93.04384652;1.0;HH
52;5258;Nariño;San Lorenzo;52687;2016;18396;2.063401464;0.005435964;88.20395738;130;1950.0;267;0;0;1;0;0;91.5957793;35.94570725;66.82954638;1264847.583;80.91976517;14886.0;53.52678571;52.32589286;264.5267857;110.2057092;47.75972789;12.87727252;49.56870877;0.599074305;43.33689084;11.68475991;44.97834925;58.00593948;461.5597839;215.7405853;17.89607366;39.77140438;21.87533072;17.60366603;39.85693529;21.33676093;300.0;611973.0;155.0;28450.0;174.0;31512.0;89.08046;90.28307;0.118726748;90.36515499;87.03295192;93.299453;69.9151424;89.95423673;1.0;HH
52;5258;Nariño;San Lorenzo;52687;2021;19026;3.03050212;0.178702828;88.15830968;135;1950.0;267;0;0;1;0;0;91.56006857;35.87410436;63.13127383;1149193.375;75.79627878;14421.0;49.59183502;47.85203934;233.4183655;187.632353;106.9606129;12.78515426;67.88658579;0.986189178;57.0054211;6.813939099;36.1806398;58.00593948;461.5597839;215.7405853;16.41929499;41.14615543;23.89198103;16.16259116;40.83011583;23.90604891;285.0;644329.0;128.0;197724.0;139.0;216171.0;92.08633;91.46648;0.087091891;91.31792399;87.73625286;94.142044;91.1785517;90.72697262;1.0;HH
52;5258;Nariño;San Pablo;52693;2011;16448;2.64723168;;74.10019455;238;1750.0;108;0;0;1;0;0;80.43466537;39.36256269;66.38174047;860543.5;78.45938716;12905.0;46.55;46.95;227.1071429;48.75450286;4.342661595;8.097796688;36.31404457;0.296415995;8.90720106;16.60933086;74.48346808;73.58377838;435.3360291;197.2648773;17.25299401;39.95758483;21.58183633;16.54411765;40.72580645;21.8097723;;;;;;;;;;89.25043529;87.54881688;90.5621463;67.8252688;91.09696446;1.0;HH
52;5258;Nariño;San Pablo;52693;2016;15701;4.753412734;;73.99528692;243;1750.0;108;0;0;1;0;0;80.68534101;39.23272808;64.89422527;952184.7083;77.44729635;12160.0;54.21428571;54.42857143;271.3928571;81.85159453;18.34729919;9.702583559;53.80171178;0.521314531;22.41532288;11.85387238;65.73080474;73.58377838;435.3360291;197.2648773;16.15921972;41.05707131;23.31619876;15.66428395;40.60882425;24.67340399;;;;;;;;;;87.37048452;85.79368076;88.9921985;67.5981784;87.19183177;1.0;HH
52;5258;Nariño;San Pablo;52693;2021;15620;3.679043961;0.083226633;73.48271447;248;1750.0;108;0;0;1;0;0;80.51855114;39.1775845;64.37698146;1265359.625;74.85275288;11692.0;53.4402504;52.31446457;252.3522034;121.4775296;37.54085592;8.590844795;75.34582891;0.777705055;30.90353914;7.071962051;62.0244988;73.58377838;435.3360291;197.2648773;14.81186012;41.73647121;25.0897487;14.3227559;40.63464625;27.22558341;;;;;;;;;;87.41991095;85.67434533;89.0052389;87.2864879;86.95846466;1.0;HH
52;5258;Nariño;San Pedro de Cartago;52694;2011;6544;1.885951508;;86.85819071;22;1750.0;60;0;0;1;0;0;90.23958617;37.31282331;74.50704225;967864.75;92.09963325;6027.0;42.96491228;45.26315789;218.2631579;20.54288207;6.816297094;1.641444998;12.08513997;0.313919347;33.18082181;7.990334523;58.82884366;55.70688248;453.666626;214.9736023;18.86164093;38.48016954;17.59006963;17.86485653;39.46312866;18.35853132;;;;;;;;;;93.30919644;92.25605226;94.4497198;70.9096971;94.6322561;1.0;HH
52;5258;Nariño;San Pedro de Cartago;52694;2016;6707;2.639033845;0.029819591;87.69941852;27;1750.0;60;0;0;1;0;0;91.08083794;36.83331191;67.60374833;820947.0417;90.17444461;6048.0;52.8;52.18333333;257.4333333;40.60227166;17.71752502;4.742708046;18.1420386;0.605371577;43.6367826;11.68089334;44.68232406;55.70688248;453.666626;214.9736023;18.0580225;41.41503848;18.38365897;17.66296185;41.33373385;19.525383;;;;;;;;;;91.91757894;90.76282985;93.0966165;71.1162463;88.31991099;1.0;HH
52;5258;Nariño;San Pedro de Cartago;52694;2021;7024;3.249572893;0.014236902;87.89863326;32;1750.0;60;0;0;1;0;0;91.32535943;36.54705811;65.38868884;929684.1667;85.30751708;5992.0;50.97499847;50.73749924;245.7749939;77.9448603;46.12673359;5.307317726;26.51080898;1.109693341;59.17867248;6.809066956;34.01226056;55.70688248;453.666626;214.9736023;16.69496321;42.81267685;19.77928693;16.38968481;41.97707736;21.60458453;;;;;;;;;;91.42028175;89.87571664;92.6678254;91.2807532;86.65271216;1.0;HH
52;5226;Nariño;Santa Bárbara;52696;2011;12566;1.314393337;;73.49992042;45;2.0;1232;0;0;1;0;0;77.96824251;39.6066402;114.7270419;887894.0;86.4475569;10863.0;37.43333333;36.83333333;193.0333333;69.29573696;41.55526505;4.43050863;23.30996328;0.551454217;59.9679964;6.393623655;33.63837994;148.8282166;472.7557068;189.3552704;20.77741786;30.66481567;9.763998149;20.08877199;31.80996219;9.353937202;;;;;;;;;;91.28277461;89.77141152;92.5864725;69.3697314;86.18387511;0.0;
52;5226;Nariño;Santa Bárbara;52696;2016;13218;1.340974429;0.015130882;73.27886216;50;2.0;1232;0;0;1;0;0;78.68320765;39.17132895;98.85699771;1396801.75;71.97004085;9513.0;41.23529412;35.88235294;193.4117647;231.2232721;194.2937632;5.057093223;31.87241572;1.749306038;84.02863665;2.187103909;13.78425944;148.8282166;472.7557068;189.3552704;20.77669903;34.17475728;10.76923077;20.02146252;33.66549134;10.3939905;;;;;;;;;;86.01064984;84.27932926;87.4338169;66.54608;79.43391689;0.0;
52;5226;Nariño;Santa Bárbara;52696;2021;13898;1.362306327;0.107929198;73.24794935;55;2.0;1232;0;0;1;0;0;79.0071997;39.02235695;94.88127908;2240964.417;55.61231832;7729.0;40.26666641;33.06666565;186.8666687;137.5062906;84.1355062;8.089275865;45.28150851;0.989396248;61.18665979;5.882840582;32.93049963;148.8282166;472.7557068;189.3552704;19.52265257;35.64384736;11.97656138;18.73641501;34.82104043;11.88233589;;;;;;;;;;83.01004265;80.99343504;84.9069699;82.8833501;79.90755885;1.0;HH
52;5222;Nariño;Santacruz;52699;2011;10383;1.57549199;;85.70740634;98;2500.0;555;0;0;1;0;0;88.45248869;38.21719457;90.14419268;903124.8333;86.26601175;8957.0;47.35849057;48.73584906;225.1320755;33.05112718;3.837516128;2.634456223;26.57915483;0.31831963;11.61084797;7.970851369;80.41830066;66.26779175;521.736145;263.8985596;19.20185078;34.104492;17.50530172;18.05234796;35.29638183;18.62971517;;;;;;;;;;92.69481939;91.34623398;93.7453469;70.4428054;93.64799775;1.0;HH
52;5222;Nariño;Santacruz;52699;2016;10689;2.090154988;0.018710824;85.86397231;103;2500.0;555;0;0;1;0;0;89.5713108;37.14756801;68.54387926;1034584.708;76.01272336;8125.0;50.5;47.90277778;248.3472222;47.47189701;7.087703214;5.468159967;34.91603383;0.44411916;14.93031385;11.51873068;73.55095547;66.26779175;521.736145;263.8985596;19.95911541;40.51291581;15.81490429;19.46119066;40.05275057;17.63376036;;;;;;;;;;88.63706426;87.08597511;89.9653362;68.5781258;89.63679977;0.0;
52;5222;Nariño;Santacruz;52699;2021;11134;2.591162206;;86.25830789;108;2500.0;555;0;0;1;0;0;90.06303011;36.8142557;66.31101627;1200820.25;70.9538351;7900.0;47.54117584;48.49411774;230.1176453;59.00832477;10.1734355;4.028022661;44.80686661;0.529983158;17.24067839;6.826193891;75.93312772;66.26779175;521.736145;263.8985596;18.46236176;41.83018195;17.42775598;18.05354559;40.97322721;19.68162084;;;;;;;;;;87.94469863;86.3259293;89.5589283;87.8104747;;1.0;HH
52;5222;Nariño;Sapuyes;52720;2011;7325;2.080773606;;79.50853242;162;3014.0;133;0;0;1;0;0;85.22267206;38.83067397;64.49420232;924416.7083;86.81228669;6359.0;47.90625;47.53125;228.078125;44.79558833;23.06133541;6.404448366;15.32980455;0.611543868;51.48126472;14.29705157;34.2216837;51.59768295;539.4029541;290.5728149;18.84948338;39.98882994;17.73247696;16.29273504;44.17735043;19.17735043;;;;;;;;;;92.15226908;90.97995947;93.3682019;70.0304979;91.07659378;1.0;HH
52;5222;Nariño;Sapuyes;52720;2016;7310;2.82375741;0.041039672;80.47879617;167;3014.0;133;0;0;1;0;0;85.70091271;37.93587643;61.00653854;770208.6667;78.2626539;5721.0;53.06521739;52.32608696;267.173913;85.56629982;49.53034319;15.73234837;20.30360827;1.170537617;57.88533954;18.38615016;23.7285103;51.59768295;539.4029541;290.5728149;19.62565373;40.51747867;18.88246628;15.22980691;44.49279304;22.16480827;;;;;;;;;;86.90227207;85.28536787;88.5775032;67.2359243;86.46805168;1.0;HH
52;5222;Nariño;Sapuyes;52720;2021;7534;3.227590479;0.026546323;80.64773029;172;3014.0;133;0;0;1;0;0;85.97868761;37.57711722;59.84251969;950324.125;71.74143881;5405.0;51.82352829;51.0;247.7294159;71.22572892;31.19224717;10.98561432;29.04786743;0.945390615;43.79351064;15.42366008;40.78282928;51.59768295;539.4029541;290.5728149;18.18423855;41.42705005;20.71352503;13.92271043;44.917946;24.16622552;;;;;;;;;;86.7597512;84.97780301;88.3091408;86.6273357;85.53907115;1.0;HH
52;5258;Nariño;Taminango;52786;2011;18296;2.019567118;;78.23567993;177;1375.0;245;0;0;1;0;0;83.67189756;38.25454896;64.67841906;1160157.125;81.45496283;14903.0;45.00454545;43.8;218.5454545;74.86942122;29.32741461;6.583023639;38.95898297;0.409211966;39.1714189;8.792673339;52.03590776;61.67320251;466.7879639;216.6724243;18.59170306;41.16812227;18.50436681;17.62259194;41.72504378;19.68038529;;;;;;;;;;91.31917657;89.89952916;92.4381328;69.3973948;93.96717365;1.0;HH
52;5258;Nariño;Taminango;52786;2016;17955;2.598626195;0.011138959;77.68866611;182;1375.0;245;0;0;1;0;0;83.44785102;37.99459792;58.06296563;1147892.583;79.8384851;14335.0;52.69626168;52.92990654;261.4953271;103.7391513;24.63347013;12.14692685;66.9587543;0.577773051;23.74558672;11.70910567;64.54530761;61.67320251;466.7879639;216.6724243;17.30080573;42.98343778;21.38540734;16.08825812;43.3307462;23.18438851;;;;;;;;;;89.10905178;87.51982091;90.4901691;68.9433006;89.10223399;1.0;HH
52;5258;Nariño;Taminango;52786;2021;18255;3.582580115;0.076691317;77.73760614;187;1375.0;245;0;0;1;0;0;83.68605079;37.81744571;57.1147024;1245132.583;76.9213914;14042.0;50.73077011;50.0;241.5432739;177.3629534;76.34393152;12.12404496;88.89497689;0.971585611;43.04389957;6.835725684;50.12037475;61.67320251;466.7879639;216.6724243;15.92012357;43.86584289;23.08031774;14.73180285;43.50995539;25.57937112;;;;;;;;;;88.82711355;87.2411509;90.350439;88.6915428;88.3089082;1.0;HH
52;5221;Nariño;Tangua;52788;2011;13272;1.893083183;;78.97076552;137;2403.0;239;0;0;1;0;0;84.58305537;38.47231488;68.80380607;1045552.958;68.39963834;9078.0;45.6043956;47.03296703;221.3846154;56.82774044;27.7460007;5.903595259;23.17814448;0.428177671;48.82474736;10.38857997;40.78667267;14.48609352;510.6464233;273.2825317;17.25555894;39.55223881;20.11879379;16.44795705;42.21592604;19.71368923;;;;;;;;;;89.32429967;87.90772138;90.661173;67.8814015;90.64504957;0.0;
52;5221;Nariño;Tangua;52788;2016;13430;2.489451477;0.037230082;79.85852569;142;2403.0;239;0;0;1;0;0;85.30651341;37.87356322;62.18487395;925376.75;63.60387193;8542.0;51.08421053;48.61052632;251.1157895;74.18782473;32.15664543;8.715259715;33.31591958;0.552403758;43.34490942;11.74756066;44.90752992;14.48609352;510.6464233;273.2825317;17.3512534;41.33192389;21.24735729;16.36310223;43.06698002;21.47473561;;;;;;;;;;83.82627062;82.02644075;85.4742122;64.8560349;87.09837181;0.0;
52;5221;Nariño;Tangua;52788;2021;13886;3.355898027;0.014402996;79.36050699;147;2403.0;239;0;0;1;0;0;85.11131443;37.73711497;60.86864853;1000088.25;56.41653464;7834.0;52.17821884;52.05940628;248.8316803;111.392151;50.78712196;8.697499373;51.90752964;0.802190343;45.59308849;7.808000202;46.59891131;14.48609352;510.6464233;273.2825317;16.13280679;42.06523329;23.03641948;15.17945808;43.2259895;23.90409987;;;;;;;;;;82.97452002;80.99720135;84.6283887;82.8478817;86.00802039;0.0;
52;5226;Nariño;San Andrés de Tumaco;52835;2011;228287;2.922819375;;64.11885039;211;3.0;3778;0;0;1;0;0;70.83545217;41.19798071;88.51566014;533883.3333;59.06819048;134845.0;39.54503817;38.72977099;196.6519084;905.836387;109.9601714;82.56494267;713.311273;0.396797184;12.13907643;9.114774352;78.74614922;199.6361237;546.5841675;260.9793091;20.60082074;35.69411806;10.90280944;19.88305629;37.29944067;11.45715711;1223.0;186643.0;380.0;57877.0;460.0;71124.0;82.60869565;81.37478207;0.038250865;81.46213482;79.13905242;83.4695431;61.9066022;83.7383516;0.0;
52;5226;Nariño;San Andrés de Tumaco;52835;2016;246582;4.893030851;0.35485153;65.49423721;216;3.0;3778;0;0;1;0;0;72.4731763;41.17629968;83.65604737;685780.4167;59.55503646;146852.0;44.78315789;40.68715789;213.5103158;1643.741336;379.3921669;177.6138976;1086.735272;0.666610432;23.08101394;10.80546517;66.11352089;199.6361237;546.5841675;260.9793091;20.41584012;36.22303254;12.02824947;19.24728002;38.21476821;13.10145252;1026.0;2347712.0;353.0;72762.0;456.0;89401.0;77.41228;81.38835;0.04227024;81.30937556;78.93265489;83.5437895;62.9087237;79.41837809;0.0;
52;5226;Nariño;San Andrés de Tumaco;52835;2021;262567;5.394369183;0.425034372;66.31259831;221;3.0;3778;0;0;1;0;0;73.57448994;40.83548652;80.95490463;908763.0833;58.24532405;152933.0;44.45413971;41.19788742;204.8021088;2068.429024;270.9267325;167.5173015;1629.984989;0.787771892;13.0981885;8.098769628;78.80304187;199.6361237;546.5841675;260.9793091;19.1581688;37.51356043;13.21250349;18.00996143;39.13642662;14.62607198;933.0;2472445.0;349.0;621689.0;459.0;767816.0;76.03486;80.96849;0.04925243;80.96494208;78.59023497;83.1451613;80.8413708;80.40211517;0.0;
52;5222;Nariño;Túquerres;52838;2011;43630;4.401978761;;60.9924364;73;3051.0;227;0;0;1;0;0;68.96777574;41.66011702;67.60285617;533883.3333;82.17052487;35851.0;45.83404706;46.98581176;223.6141176;256.7932011;92.85020625;33.13310739;130.8098874;0.588570252;36.15757966;12.90264199;50.93977835;47.24134445;523.0152588;272.5760803;18.86836898;40.03109394;16.33845284;17.00142832;42.46563114;18.20657026;231.0;50925.0;121.0;25205.0;128.0;26599.0;94.53125;94.75920147;0.038556871;94.32905601;91.55979472;96.8641744;71.6847325;90.99619905;1.0;HH
52;5222;Nariño;Túquerres;52838;2016;44460;4.506110361;0.269905533;61.21907332;78;3051.0;227;0;0;1;0;0;69.25852539;40.81968923;60.69978233;685696.25;84.5074224;37572.0;53.46170213;54.03404255;268.106383;394.9106329;171.5201293;47.62945784;175.7610458;0.888238041;43.43264399;12.0608193;44.50653671;47.24134445;523.0152588;272.5760803;19.47677082;41.67048474;17.57536883;17.01864452;43.13864098;20.13342759;194.0;607857.0;91.0;20406.0;99.0;21888.0;91.91919;93.22916;0.054308429;92.50528311;88.83339872;95.4315644;71.5709506;88.35476228;1.0;HH
52;5222;Nariño;Túquerres;52838;2021;45932;4.528977619;0.357049552;61.39728294;83;3051.0;227;0;0;1;0;0;69.73366584;40.62044888;59.21526842;912651.5833;80.84342071;37133.0;51.96895599;51.83148575;250.5077667;420.4869913;132.401474;30.00640306;258.0791143;0.915455437;31.48765044;7.136107341;61.37624222;47.24134445;523.0152588;272.5760803;18.30866996;42.66097854;18.83748833;15.86495369;43.56566648;21.93008664;221.0;724222.0;109.0;401902.0;129.0;445152.0;84.49612;90.28422;0.095266581;90.08026182;86.27469398;93.1487193;89.9427785;88.21783133;1.0;HH
52;5221;Nariño;Yacuanquer;52885;2011;10694;2.488934605;;70.52552833;261;2650.0;115;0;0;1;0;0;77.70749637;40.02906231;68.58462831;1023398.792;81.67196559;8734.0;45.38679245;47.23584906;221.2735849;58.11805551;33.90162846;4.995675655;19.22075139;0.543464144;58.33235156;8.59573778;33.07191065;24.28454781;512.6887207;270.9237061;18.05821524;39.0846419;18.95825354;17.67178363;41.37426901;18.93274854;;;;;;;;;;91.31092951;89.88186032;92.6794673;69.3911275;89.91097796;1.0;HH
52;5221;Nariño;Yacuanquer;52885;2016;10930;3.034461726;0.009149131;69.95425435;266;2650.0;115;0;0;1;0;0;77.92704771;39.63523856;63.85865914;1032936.542;77.79505947;8503.0;50.45669291;49.73228346;250.5354331;84.64209351;44.14349853;9.903389767;30.59520522;0.774401587;52.153127;11.70031288;36.14656012;24.28454781;512.6887207;270.9237061;17.76828815;41.05087263;19.42072039;17.20779221;43.43434343;20.61688312;;;;;;;;;;86.5729663;84.89721863;88.092519;66.9811419;88.24868949;1.0;HH
52;5221;Nariño;Yacuanquer;52885;2021;11264;3.686523438;0.026633523;69.64666193;271;2650.0;115;0;0;1;0;0;77.87935615;39.39678075;62.53256905;1183006.875;73.80149148;8313.0;51.16279221;50.48062134;243.2325592;117.2955858;63.71330858;8.018396508;45.56388073;1.04133155;54.3185902;6.836059901;38.8453499;24.28454781;512.6887207;270.9237061;16.60656329;41.92210602;21.13234764;15.86218958;43.58167191;22.8926198;;;;;;;;;;87.14444778;85.60405629;88.7709249;87.0114452;87.19240797;1.0;HH
54;5461;Norte de Santander;San José de Cúcuta;54001;2011;655161;17.49512715;;3.563551555;219;325.0;1098;1;0;0;0;0;4.638734461;51.85703647;72.92518167;533883.3333;52.50999373;344025.0;45.61988331;46.76226273;219.9343187;4932.110125;232.7796616;850.2097956;3849.120668;0.752808871;4.719676887;17.23825653;78.04206659;0.0;457.2655334;0.0;18.76415461;39.42790902;13.60832362;17.62068477;41.64156093;15.65593913;20652.0;645817.0;6615.0;206978.0;8910.0;275174.0;74.24242424;75.21713534;0.002259225;75.2069965;74.58868327;75.7743245;57.1530518;71.12039951;0.0;
54;5461;Norte de Santander;San José de Cúcuta;54001;2016;680030;21.5228985;1.228034057;3.650721292;224;325.0;1098;1;0;0;0;0;4.815528386;51.53807372;68.70231342;685696.25;57.24100407;389256.0;53.96082672;53.54277818;266.4412401;7455.621723;255.3953751;1593.729668;5606.49668;1.09636659;3.425540948;21.37621418;75.19824487;0.0;457.2655334;0.0;18.76751889;39.92654568;15.11328754;17.22000177;41.53712978;17.96051184;19679.0;8252786.0;5953.0;201770.0;8701.0;290517.0;68.41743;69.45205;0.002412154;69.44124352;68.80818609;70.0694057;53.7263996;66.38208952;0.0;
54;5461;Norte de Santander;San José de Cúcuta;54001;2021;786991;20.57013147;2.313749458;3.618084578;229;325.0;1098;1;0;0;0;0;4.825519121;51.44891226;64.86001489;905965.75;62.9900469;495726.0;54.83743286;53.09838867;258.8094177;10054.71189;241.0621094;1726.520459;8087.129326;1.277614597;2.397503896;17.17125739;80.43123872;0.0;457.2655334;0.0;17.55627583;41.74826476;16.43246246;16.29504816;42.25744059;19.75852609;19714.0;8774932.0;5420.0;2675392.0;7598.0;3717167.0;71.33456;71.97395;0.002793803;71.96254941;71.39571042;72.5046099;71.8527179;69.00487947;0.0;
54;5460;Norte de Santander;Ábrego;54003;2011;30053;3.03657982;;51.51565567;205;1395.0;917;1;0;0;0;0;59.7851454;42.4115577;91.65850473;616910.1667;87.93132133;26426.0;43.48295455;43.625;210.4090909;150.2324664;52.6666096;16.88941541;80.67644144;0.499891746;35.05674296;11.2421874;53.70106965;78.66002655;419.7677917;78.66002655;17.43861977;37.03384207;13.18513603;16.91250083;37.27557899;13.8490289;720.0;34843.0;306.0;15125.0;316.0;15470.0;96.83544304;97.76987718;0.005559383;97.5702818;96.28605409;98.5177647;74.1478803;93.13480898;0.0;
54;5460;Norte de Santander;Ábrego;54003;2016;30553;5.349992908;0.134193042;50.44349164;210;1395.0;917;1;0;0;0;0;57.75412529;42.43874562;84.34566108;685696.25;87.80479822;26827.0;52.4845815;50.75330396;255.5550661;185.2070904;48.22546849;25.0298358;111.9517861;0.606182995;26.03867291;13.51451273;60.44681436;78.66002655;419.7677917;78.66002655;18.25134487;37.6887679;13.64313954;17.83258397;38.00581857;14.74477651;560.0;441832.0;217.0;13130.0;245.0;14764.0;88.57143;88.93254;0.044009252;88.73847028;86.15942363;91.1241878;68.6565832;86.28609684;0.0;
54;5460;Norte de Santander;Ábrego;54003;2021;34854;5.146946309;0.192230447;47.70184197;215;1395.0;917;1;0;0;0;0;55.28498214;42.78304084;80.70072861;905965.75;84.02765823;29287.0;52.06083679;50.69961929;245.7946777;452.1233137;262.7274246;39.60071705;149.795172;1.29719204;58.10968306;8.75883102;33.13148592;78.66002655;419.7677917;78.66002655;17.12422787;39.19011668;15.00800732;17.03511802;38.8025331;16.21761658;549.0;403839.0;171.0;180756.0;196.0;211063.0;87.2449;85.64078;0.049486826;85.52557436;82.51972426;88.3524929;85.3950425;84.38448139;0.0;
54;5421;Norte de Santander;Arboledas;54051;2011;9473;1.800731905;;76.29050987;176;920.0;449;1;0;0;0;0;81.23454135;37.58468653;93.50558659;1344359.667;82.70875119;7835.0;40.44827586;44.04310345;210.6465517;52.92132812;24.45063718;6.150452936;22.320238;0.558654366;46.20185859;11.62187941;42.176262;33.06372452;390.1947327;63.37262726;17.53272511;35.89845299;16.44188814;16.49740465;35.79327466;16.63281426;;;;;;;;;;90.01108006;88.71710011;91.4229518;68.4033157;93.3069216;0.0;
54;5421;Norte de Santander;Arboledas;54051;2016;9324;2.290683541;0.010725011;76.98412698;181;920.0;449;1;0;0;0;0;81.42047839;36.42467478;81.63299949;1532208.5;76.63020163;7145.0;53.30894309;51.2601626;259.2845528;62.12408596;25.67034154;7.489951231;28.96379319;0.666281488;41.32107724;12.05643691;46.62248585;33.06372452;390.1947327;63.37262726;18.2306163;36.60039761;19.42345924;16.88402422;36.02701444;19.51560317;;;;;;;;;;87.95076827;86.28048672;89.3730432;68.0471415;85.72187101;0.0;
54;5421;Norte de Santander;Arboledas;54051;2021;10628;2.647879814;0.037636432;75.95972902;186;920.0;449;1;0;0;0;0;80.74691806;36.4213198;78.48381853;1111882.292;68.99698909;7333.0;50.06999969;50.20000076;242.7299957;75.38408178;24.84516275;6.468926932;44.0699921;0.709296968;32.95810224;8.581290345;58.46060741;33.06372452;390.1947327;63.37262726;17.02911259;37.70606805;21.27323746;15.95615104;36.74380836;21.19366626;;;;;;;;;;83.06085595;81.26302457;84.7524241;82.9340859;88.19644727;0.0;
54;5484;Norte de Santander;Bochalema;54099;2011;7386;4.602175287;;60.993772;185;1058.0;171;1;0;0;0;0;67.35009128;40.86504704;86.96692776;538927.25;59.65339832;4406.0;44.52;46.48;221.44;73.22801118;47.15730627;5.890443463;20.18026145;0.991443422;64.39790663;8.043975752;27.55811761;19.34993553;399.4541016;58.3987999;16.41241452;37.95370857;15.62335613;16.29464286;39.0625;17.63392857;;;;;;;;;;82.7145707;81.13620435;84.4884055;62.8583824;85.4310403;0.0;
54;5484;Norte de Santander;Bochalema;54099;2016;7692;3.639062229;0.03900156;62.25949038;190;1058.0;171;1;0;0;0;0;68.83250032;39.34384211;75.73750753;704638.6667;55.14820593;4242.0;52.1547619;52.36904762;261.9047619;84.81196836;47.87457415;7.113263607;29.8241306;1.102599693;56.44789889;8.387098832;35.16500228;19.34993553;399.4541016;58.3987999;17.79661017;37.98604187;19.09272183;15.16304348;40.57065217;21.05978261;;;;;;;;;;77.32449135;75.49338783;79.2784755;59.8256355;80.14217646;0.0;
54;5484;Norte de Santander;Bochalema;54099;2021;9054;4.756645313;0.309255578;62.59111995;195;1058.0;171;1;0;0;0;0;69.32232468;39.0735578;74.30567388;908061.1667;52.94897283;4794.0;51.73417664;53.82278442;253.1898804;160.582338;105.5640984;8.286071117;46.73216852;1.77360656;65.73829954;5.160013997;29.10168646;19.34993553;399.4541016;58.3987999;16.63131099;38.99024183;20.72549852;14.49308756;40.55299539;22.69585253;;;;;;;;;;75.74943888;73.68736466;77.7711426;75.6338277;79.96028347;0.0;
54;5458;Norte de Santander;Bucarasica;54109;2011;5689;1.768031874;;90.94744243;173;1100.0;263;1;0;0;0;0;92.80044305;36.49621562;109.5062864;1189276.083;87.55493057;4981.0;41.1884058;39.46376812;201.2463768;24.73982927;7.280773886;3.028180404;14.43087498;0.434871318;29.42936189;12.24010227;58.33053584;50.37191772;431.289032;50.37191772;18.35443038;33.21119254;12.35842771;18.86862672;33.23409006;10.16002977;270.0;17532.0;96.0;6113.0;100.0;6309.0;96.0;96.89332699;0.026204076;96.41386719;93.85780624;98.3109596;73.2690708;94.79617934;0.0;
54;5458;Norte de Santander;Bucarasica;54109;2016;5932;2.559563947;0.016857721;91.95886716;178;1100.0;263;1;0;0;0;0;93.15466029;35.93376579;98.52732937;1477611.833;72.53877276;4303.0;49.97916667;45.625;238.5208333;42.27254284;16.50092482;5.708762974;20.06285505;0.712618726;39.03461611;13.5046595;47.46072439;50.37191772;431.289032;50.37191772;18.58688733;34.7231063;14.16295353;17.77777778;34.62365591;12.83154122;207.0;244605.0;52.0;3680.0;68.0;4687.0;76.47059;78.51505;0.383986556;79.49080167;73.79904962;84.4807078;61.5017007;81.58666048;1.0;HH
54;5458;Norte de Santander;Bucarasica;54109;2021;7012;2.808281042;0.099828865;90.8727895;183;1100.0;263;1;0;0;0;0;92.293526;35.7841054;93.58036346;949509.3333;58.34284084;4091.0;49.71154022;46.01922989;229.4807739;46.60673553;14.16499276;4.110657499;28.33108527;0.664671071;30.39258725;8.819878614;60.78753414;50.37191772;431.289032;50.37191772;17.28328382;36.53794221;15.6899811;17.01420369;35.41855545;14.53611363;187.0;208646.0;51.0;50621.0;59.0;69669.0;86.44068;72.65929;0.445789937;73.51789753;68.02304612;79.4550087;73.4056922;76.3821754;0.0;
54;5483;Norte de Santander;Cácota;54125;2011;2801;3.085207664;;69.72509818;381;2400.0;135;1;0;0;0;0;76.01568068;37.20598717;81.21484814;768375.25;86.14780436;2413.0;50.58823529;50.35294118;232.7058824;15.95610826;6.448268487;1.447580797;8.060258978;0.56965756;40.41253908;9.072267332;50.51519359;15.14760685;358.085083;51.63768005;17.33333333;39.86666667;16.2;15.98770177;38.20138355;18.6010761;;;;;;;;;;91.20818033;90.03461162;92.5153459;69.313044;89.89261002;0.0;
54;5483;Norte de Santander;Cácota;54125;2016;2705;4.121996303;;67.57855823;386;2400.0;135;1;0;0;0;0;74.26470588;37.09558824;77.63082231;892557.4167;82.80961183;2240.0;53.15384615;51.53846154;259.0;21.73144893;8.24592826;2.781601241;10.70391943;0.803380737;37.94467772;12.79988854;49.25543374;15.14760685;358.085083;51.63768005;15.53867403;39.98618785;19.33701657;15.59268099;40.0159109;17.58154336;;;;;;;;;;88.08919982;86.35726135;89.5610722;68.1542454;;0.0;
54;5483;Norte de Santander;Cácota;54125;2021;3063;4.448253346;0.163238655;65.49134835;391;2400.0;135;1;0;0;0;0;72.37354086;36.96498054;76.51245552;948751.6667;82.76199804;2535.0;52.39130402;50.52173996;243.6086884;28.98772702;9.809877808;2.543314502;16.63453471;0.946383513;33.84148678;8.773763118;57.3847501;15.14760685;358.085083;51.63768005;14.82381531;41.31227217;20.29161604;14.9611856;39.37896965;19.47776994;;;;;;;;;;86.51991411;84.68963239;88.0864146;86.3878647;83.16373233;0.0;
54;5460;Norte de Santander;Cáchira;54128;2011;10685;2.54094525;;84.44548432;100;2020.0;1058;1;0;0;0;0;87.59433962;37.76415094;101.1807883;979743.0;75.41413196;8058.0;42.71317829;44.75968992;213.8217054;43.27643751;10.89279243;5.375871134;27.00777394;0.405020473;25.17026137;12.42216653;62.4075721;57.9767189;377.2745667;57.9767189;16.49205202;34.71820809;15.89595376;15.84773742;35.23014178;16.74111478;226.0;25181.0;119.0;13181.0;129.0;14320.0;92.24806202;92.04608939;0.059594744;91.59949867;88.2639572;94.5497199;69.6104237;92.26304839;0.0;
54;5460;Norte de Santander;Cáchira;54128;2016;10674;3.051808132;0.018737118;84.05471239;105;2020.0;1058;1;0;0;0;0;87.47640025;36.8156073;91.32052077;1443447.417;62.39460371;6660.0;51.26829268;51.6097561;254.195122;65.22024415;20.80633071;8.81825279;35.59566065;0.611019713;31.90164492;13.5207295;54.57762558;57.9767189;377.2745667;57.9767189;16.76156584;35.05338078;20.21352313;15.76968738;34.76454294;20.75583696;294.0;287816.0;139.0;8982.0;167.0;11101.0;83.23354;80.91163;0.121430564;80.98563387;76.25963676;85.3366422;62.6582461;82.81594666;0.0;
54;5460;Norte de Santander;Cáchira;54128;2021;12077;2.740746874;0.207005051;82.5287737;110;2020.0;1058;1;0;0;0;0;86.36007521;36.77530555;88.16648531;1544311.167;55.99900638;6763.0;50.34710693;48.97520828;237.1652832;87.51579213;28.49731583;7.712861666;51.30561464;0.72464844;32.56248402;8.813108443;58.62440754;57.9767189;377.2745667;57.9767189;15.52186957;36.14400758;22.23274909;14.97214485;35.30640669;22.56267409;253.0;297001.0;135.0;155411.0;155.0;184970.0;87.09677;84.01957;0.092255021;83.49267955;79.09008475;87.7173525;83.3652504;84.29560178;0.0;
54;5484;Norte de Santander;Chinácota;54172;2011;15905;2.89426805;;34.71864194;236;1230.0;187;1;0;0;0;0;42.39686209;45.75891294;82.67708646;535508.75;57.57937755;9158.0;45.95067265;47.84753363;225.6681614;116.3428059;33.50091332;20.84256976;61.99932285;0.731485734;28.79500202;17.91479034;53.29020764;17.48284912;400.1680908;58.30823135;15.51392275;37.48235596;18.96573848;15.13806706;39.44773176;19.21844181;;;;;;;;;;79.93841177;78.05849982;81.8338021;60.7486591;81.48562155;0.0;
54;5484;Norte de Santander;Chinácota;54172;2016;16442;3.222945303;0.243279406;35.60394113;241;1230.0;187;1;0;0;0;0;43.47769115;45.27943393;74.61256692;713345.9167;54.18440579;8909.0;53.71428571;53.76190476;266.4444444;172.2220522;29.23116595;23.16021424;119.8306721;1.047451966;16.97295182;13.44787961;69.57916857;17.48284912;400.1680908;58.30823135;17.17221741;37.26631175;20.6883744;15.92349074;38.52958757;21.94859534;;;;;;;;;;73.34958617;71.13753383;75.533701;56.750268;77.74649024;0.0;
54;5484;Norte de Santander;Chinácota;54172;2021;19194;5.080580737;0.375117224;35.35479837;246;1230.0;187;1;0;0;0;0;43.56949583;45.3807499;72.60548692;905982.1667;54.56913619;10474.0;53.62548447;51.17760468;252.6023102;209.1439745;39.80624749;18.51313617;150.8245908;1.089632044;19.03294015;8.851862079;72.11519777;17.48284912;400.1680908;58.30823135;15.91006424;38.31905782;22.51605996;15.20194845;38.86746499;23.5944794;;;;;;;;;;71.46119452;69.4176453;73.7442251;71.3521282;77.87568968;0.0;
54;5483;Norte de Santander;Chitagá;54174;2011;10997;2.580249159;;62.67163772;203;2337.0;1172;1;0;0;0;0;68.5730736;40.72545821;88.63569538;644768.125;78.60325543;8644.0;44.62369565;45.21108696;220.1956522;51.3259796;18.91083587;4.976480345;27.43866338;0.466727104;36.84456882;9.695831202;53.45959998;34.54185867;345.7658691;58.12572479;17.35728259;37.64894185;14.22728081;16.98920729;37.62560476;15.70524749;730.0;37621.0;309.0;16067.0;331.0;16951.0;93.35347432;94.78496844;0.012715939;94.5811354;92.68387783;96.009007;71.8762985;91.71803468;0.0;
54;5483;Norte de Santander;Chitagá;54174;2016;11093;2.477538388;0.027044082;62.76931398;208;2337.0;1172;1;0;0;0;0;68.64628007;39.79116166;81.68036271;1216304.542;77.92301451;8644.0;56.54716981;56.45283019;281.245283;71.22668067;23.55621446;9.372005652;38.29846056;0.642086727;33.07217778;13.15799861;53.76982361;34.54185867;345.7658691;58.12572479;18.43286158;37.93579565;15.48153262;17.56935271;37.85619928;17.15418003;597.0;609573.0;208.0;14293.0;240.0;16301.0;86.66666;87.68174;0.050982228;87.54679615;84.6890874;89.9049809;67.7345899;87.61902128;0.0;
54;5483;Norte de Santander;Chitagá;54174;2021;12844;3.017621717;0.389286827;61.67081906;213;2337.0;1172;1;0;0;0;0;67.8647941;39.76037451;78.14240736;916148.8333;80.40330115;10327.0;52.54368973;52.34951401;249.0776672;125.4085067;55.70828554;10.67955385;59.02066726;0.976397592;44.42145675;8.515812949;47.0627303;34.54185867;345.7658691;58.12572479;17.29559748;39.56274334;16.78646301;16.7045086;38.45280571;18.81284463;636.0;618113.0;173.0;167445.0;192.0;188375.0;90.10416;88.88918;0.042361487;88.72466241;86.45493677;91.0821164;88.589248;87.63430737;0.0;
54;5460;Norte de Santander;Convención;54206;2011;17892;2.128977569;;58.37804605;182;1020.0;907;1;0;0;0;0;63.92173859;41.52064888;94.2986509;1369058.25;80.90207914;14475.0;42.27737226;43.64963504;213.2481752;93.02178218;25.81062651;25.42954079;41.78161489;0.519907122;27.74686305;27.33718941;44.91594754;124.234375;537.3392944;124.234375;18.56143419;35.15522519;14.00306078;17.80649588;35.92177493;13.94098811;;;;;;;;;;86.54201716;84.91922436;88.0435515;65.7670246;91.07093704;0.0;
54;5460;Norte de Santander;Convención;54206;2016;17854;2.238527314;0.033605915;59.51607483;187;1020.0;907;1;0;0;0;0;65.27752053;40.89646231;93.06310456;1644447.833;87.5602106;15633.0;52.44444444;49.51111111;253.1481481;107.4936239;31.86002127;14.94247318;60.69112947;0.602070258;29.63898705;13.90079954;56.46021342;124.234375;537.3392944;124.234375;19.88214753;34.49367089;13.72762986;18.44649022;35.18987342;13.46375144;;;;;;;;;;87.34794974;85.77296594;88.8902452;67.5807433;86.38793011;0.0;
54;5460;Norte de Santander;Convención;54206;2021;20438;2.630312816;0.273999413;59.54105098;192;1020.0;907;1;0;0;0;0;65.57836808;40.64451265;88.91891892;1630467.917;87.42049124;17867.0;48.50588226;46.46470642;226.7117615;150.8019207;44.5113502;14.13839575;92.15217471;0.737850674;29.51643454;9.375474587;61.10809087;124.234375;537.3392944;124.234375;18.71529772;36.02335822;15.22113728;17.58406725;36.10888711;14.65172138;;;;;;;;;;85.96466255;84.25786848;87.5167648;85.8334606;86.63461778;0.0;
54;5421;Norte de Santander;Cucutilla;54223;2011;7931;3.370739293;;82.10818308;177;1300.0;367;1;0;0;0;0;85.96339352;37.48454118;91.20947631;761382.2917;87.11385702;6909.0;44.01030928;47.26804124;219.8453608;32.1410458;7.899850633;4.832608057;19.40858711;0.405258426;24.57869816;15.03562792;60.38567392;18.83666611;378.7657776;54.12947464;16.2339238;37.27250667;17.54428537;16.24671916;35.14435696;18.55643045;;;;;;;;;;89.74542348;88.22489766;91.0793993;68.2014317;91.86373697;0.0;
54;5421;Norte de Santander;Cucutilla;54223;2016;7873;5.011854863;0.038104916;81.5953258;182;1300.0;367;1;0;0;0;0;85.56786051;37.05230914;78.30603276;1133551.167;81.83665693;6443.0;48.68627451;48.57843137;241.5784314;60.83287073;26.02745335;8.235102844;26.57031454;0.772677134;42.78518018;13.5372583;43.67756152;18.83666611;378.7657776;54.12947464;18.0952381;36.8009768;21.14774115;17.52249868;35.15087348;21.83695077;;;;;;;;;;88.33758653;86.95089325;89.8192564;68.3464211;83.85005117;0.0;
54;5421;Norte de Santander;Cucutilla;54223;2021;8955;7.424157826;1.194863205;80.62534897;187;1300.0;367;1;0;0;0;0;84.8742074;36.98097771;75.98810773;905965.75;73.2774986;6562.0;49.74725342;48.15384674;234.3076935;71.38864677;27.1578913;6.336950669;37.8938048;0.797193152;38.04231139;8.876692521;53.08099609;18.83666611;378.7657776;54.12947464;16.83530678;38.06243272;22.86329386;16.51972158;35.35962877;24.01392111;;;;;;;;;;81.79634524;79.845376;83.4627948;81.6715051;77.96362458;0.0;
54;5484;Norte de Santander;Durania;54239;2011;4475;2.95716946;;51.68715084;100;950.0;170;1;0;0;0;0;58.78759398;40.01409774;78.80794702;834717.5417;75.53072626;3380.0;43.1;45.12;216.02;35.59918552;18.18682471;4.419115401;12.99324541;0.795512525;51.08775508;12.41352952;36.4987154;21.30375481;408.2098083;49.16472244;16.84782609;39.08862876;18.31103679;16.17858857;38.74219875;19.39510322;222.0;11970.0;75.0;3912.0;90.0;4653.0;83.33333333;84.07479046;0.15011013;84.51554737;78.9362813;88.9232848;64.2270225;85.83552171;0.0;
54;5484;Norte de Santander;Durania;54239;2016;4421;4.077131871;0.022619317;50.66726985;105;950.0;170;1;0;0;0;0;58.74449849;40.58373871;75.30605107;806902.25;74.1687401;3279.0;48.13513514;47.86486486;242.1351351;39.57474883;18.51803273;4.497660076;16.55905602;0.895153785;46.79254645;11.36497441;41.84247914;21.30375481;408.2098083;49.16472244;16.43598616;37.58650519;21.88581315;16.31104789;37.74300616;22.85443338;119.0;147006.0;45.0;3545.0;50.0;3897.0;90.0;90.96741;0.152932643;89.59477736;84.64033378;93.9449783;69.3191044;88.26382076;0.0;
54;5484;Norte de Santander;Durania;54239;2021;5000;6.7;0.22;50.74;110;950.0;170;1;0;0;0;0;59.08087497;40.97932972;72.19152855;1172904.333;75.02;3751.0;48.13636398;49.09090805;233.2272797;74.43858363;42.42279511;4.546211121;27.4695774;1.488771673;56.99033088;6.107331573;36.90233755;21.30375481;408.2098083;49.16472244;15.00974659;38.90838207;23.66471735;15.52361396;38.15195072;24.59958932;156.0;175177.0;53.0;36286.0;57.0;38711.0;92.98245;93.73563;0.072053104;92.30015261;87.99210071;95.5957826;92.1592812;89.4281583;0.0;
54;5460;Norte de Santander;El Carmen;54245;2011;12853;1.823180062;;81.46736171;101;950.0;1500;1;0;0;0;0;84.44480678;38.07272134;100.71165;1050941.042;96.91900724;12457.0;39.64150943;39.54716981;199.1981132;75.51905362;35.1602754;7.03156261;33.3272156;0.587559742;46.55815151;9.310978188;44.1308703;131.77211;541.6575928;134.22258;17.91200597;35.16778523;13.34824758;17.32270657;35.18217306;13.41899805;602.0;52320.0;214.0;18672.0;230.0;20967.0;93.04347826;89.05422807;0.077544403;89.23195985;86.64915332;91.6126352;67.8112285;93.42910501;0.0;
54;5460;Norte de Santander;El Carmen;54245;2016;12806;2.305559894;0.039044198;82.47696392;106;950.0;1500;1;0;0;0;0;85.20089643;37.57003362;97.2990691;1298599.958;94.68218023;12125.0;49.67105263;47.80263158;244.1578947;106.9369597;47.0959382;14.3855177;45.45550384;0.835053567;44.04084267;13.45233466;42.50682267;131.77211;541.6575928;134.22258;17.86782297;35.67583732;14.74282297;17.29323308;34.25956195;15.44622426;517.0;706485.0;161.0;14710.0;191.0;16389.0;84.29319;89.75533;0.128506741;89.80276529;87.38900794;92.101424;69.4800238;88.32752066;0.0;
54;5460;Norte de Santander;El Carmen;54245;2021;14547;2.918127449;0.206228088;82.96555991;111;950.0;1500;1;0;0;0;0;85.81355349;37.36498108;93.40646783;1273071.417;83.63923833;12167.0;49.23809433;48.76190567;237.079361;161.0134512;85.31948318;14.07182698;61.62214102;1.106849874;52.9890407;8.739535038;38.27142426;131.77211;541.6575928;134.22258;16.78163969;37.14513133;16.2111966;16.49308033;35.05492938;16.90683407;483.0;813288.0;130.0;54877.0;156.0;64904.0;83.33334;84.55103;0.160721992;84.63717535;81.38395734;87.5475638;84.5079994;85.13052865;1.0;HH
54;5458;Norte de Santander;El Tarra;54250;2011;16760;0.988464598;;58.73508353;21;150.0;687;1;0;0;0;0;65.44783144;40.04054739;113.9148713;749976.9583;61.83174224;10363.0;38.54054054;38.27027027;194.4054054;55.00994296;14.55845356;6.133385267;34.31810414;0.328221617;26.46513116;11.14959394;62.3852749;82.99355316;498.908905;82.99355316;19.75797331;32.91110608;8.731056322;20.33341753;32.12932559;7.666077292;;;;;;;;;;84.54484973;82.75577188;85.9859025;64.2492907;89.72477397;0.0;
54;5458;Norte de Santander;El Tarra;54250;2016;18627;1.230292944;0.042948408;58.55478606;26;150.0;687;1;0;0;0;0;64.77907567;39.86795328;104.0345298;1105279.625;79.49750362;14808.0;46.78947368;42.03508772;224.5789474;85.18435611;17.93494592;11.49232391;55.75708628;0.457316563;21.05427186;13.49112024;65.4546079;82.99355316;498.908905;82.99355316;19.70543423;35.37836465;7.983748095;20.35982692;34.79845138;6.923252107;;;;;;;;;;85.28769564;83.38026861;86.8186751;65.9867333;85.87996296;0.0;
54;5458;Norte de Santander;El Tarra;54250;2021;22740;2.129873937;0.492524186;56.20932278;31;150.0;687;1;0;0;0;0;62.87329735;40.0616808;98.56672761;1585646.167;93.04309587;21158.0;45.2088623;41.22151947;207.0;117.2505488;18.78711571;10.29396799;88.16946515;0.515613671;16.0230514;8.779462519;75.19748608;82.99355316;498.908905;82.99355316;18.55609592;37.42243837;8.812678182;19.6227113;36.27704827;7.527279453;;;;;;;;;;88.32286614;86.5948726;89.6928457;88.188065;84.45917342;0.0;
54;5461;Norte de Santander;El Zulia;54261;2011;23515;2.565738181;;37.43993196;52;204.0;528;1;0;0;0;0;44.14325287;44.10862683;86.77574201;958203.875;67.82904529;15950.0;43.65149813;44.00018727;210.8576779;247.0678454;131.7665499;34.57638353;80.72491196;1.050681886;53.33213218;13.99469181;32.673176;13.56797695;446.0183411;13.56797695;18.36582331;36.98050601;12.50933223;18.82198953;39.38917976;11.72774869;527.0;20039.0;167.0;6333.0;206.0;7569.0;81.06796117;83.67023385;0.071884022;83.60561453;80.28119522;86.5409279;63.5355252;81.49981837;0.0;
54;5461;Norte de Santander;El Zulia;54261;2016;25164;3.616277221;0.087426482;38.50739151;57;204.0;528;1;0;0;0;0;45.44192711;43.66884571;78.22688973;719998.4167;80.933079;20366.0;50.07171315;48.07569721;243.8844622;385.7873051;114.5731586;148.9209271;122.2932194;1.533092136;29.69853002;38.60182155;31.69964842;13.56797695;446.0183411;13.56797695;18.99619299;38.03900241;13.46437728;18.51460181;40.16920198;13.53615879;429.0;178341.0;131.0;4383.0;179.0;5994.0;73.18436;73.12312;0.116069277;73.785433;69.75708928;77.8649386;57.0874808;75.89798587;0.0;
54;5461;Norte de Santander;El Zulia;54261;2021;29813;5.59655184;0.456176836;38.52681716;62;204.0;528;1;0;0;0;0;45.79724153;43.58154578;75.04211547;905965.75;77.84188106;23207.0;49.5017662;47.31095505;233.0635986;301.6552288;110.6494472;23.29970569;167.706076;1.011824469;36.68076552;7.723952202;55.59528228;13.56797695;446.0183411;13.56797695;17.76502408;39.62002771;14.73052312;17.72212365;40.95810018;14.7468268;407.0;203279.0;120.0;78951.0;163.0;106529.0;73.61963;74.11221;0.149579567;74.55129837;70.43098455;78.3984358;74.4375158;75.05616077;0.0;
54;5421;Norte de Santander;Gramalote;54313;2011;7181;1.913614631;;62.63751567;147;1047.0;145;1;0;0;0;0;68.2899046;40.19649722;80.20969856;1173442.917;65.9518173;4736.0;45.89285714;47.85714286;226.0;22.88002618;5.634752437;2.030766795;15.21450695;0.318618941;24.62738632;8.875718845;66.49689484;38.35127258;417.2632751;46.10097504;16.63084363;38.50080602;17.92047286;15.95836947;37.58311651;19.57213067;;;;;;;;;;85.94217276;84.23677852;87.5265488;65.3111769;89.65259771;0.0;
54;5421;Norte de Santander;Gramalote;54313;2016;7101;5.878280054;0.323898043;64.93451627;152;1047.0;145;1;0;0;0;0;70.10506208;36.85359531;63.55792933;812955.1667;58.99169131;4189.0;51.57777778;50.6;255.8;36.94362823;11.89110799;4.965879627;20.08664061;0.520259516;32.18716883;13.44177566;54.37105551;38.35127258;417.2632751;46.10097504;18.73417722;42.17721519;18.6835443;17.01047287;39.16217074;22.2786417;;;;;;;;;;83.03182199;81.23241415;84.8006007;64.2413733;77.27818819;0.0;
54;5421;Norte de Santander;Gramalote;54313;2021;8052;3.749586024;0.124192747;65.73522106;157;1047.0;145;1;0;0;0;0;71.21068811;36.63986758;62.07458364;908526.0;55.00496771;4429.0;51.17241287;49.60344696;243.6551666;48.51417581;18.05508497;4.234385171;26.22470567;0.602510877;37.21610162;8.728139972;54.05575841;38.35127258;417.2632751;46.10097504;17.81467355;43.01099394;20.21539152;16.27260083;39.08205841;24.14464534;;;;;;;;;;78.57520735;76.56495658;80.4654709;78.4552834;81.07044953;0.0;
54;5460;Norte de Santander;Hacarí;54344;2011;9450;0.472663139;;86.8042328;81;1000.0;597;1;0;0;0;0;88.98902369;37.04217215;110.6469501;1102404.708;93.28042328;8815.0;41.06451613;45.03225806;214.4193548;45.11300297;19.20915631;4.908163061;20.9956836;0.477386275;42.58008788;10.87970815;46.54020397;70.81899261;456.8456116;70.81899261;20.42126379;33.56068205;9.087261785;19.41769317;31.93729003;8.801791713;;;;;;;;;;91.65044562;90.36373488;92.6839827;69.6491405;92.08405899;0.0;
54;5460;Norte de Santander;Hacarí;54344;2016;9609;0.964373677;;86.7207826;86;1000.0;597;1;0;0;0;0;88.96328535;37.29494476;105.9148405;942627.0;96.25351233;9249.0;49.0;46.23333333;241.8;65.37183249;25.99147596;8.818846497;30.56151004;0.68031879;39.7594422;13.49028498;46.75027282;70.81899261;456.8456116;70.81899261;19.28500497;34.71698113;9.294935452;19.89505903;33.3187582;8.91998251;;;;;;;;;;90.59574581;89.18339712;91.9142969;70.0935495;;1.0;HH
54;5460;Norte de Santander;Hacarí;54344;2021;11135;2.239934142;0.071845532;85.42433767;91;1000.0;597;1;0;0;0;0;88.04378598;37.37850335;99.87937274;1378240.583;89.19622811;9932.0;48.86666489;49.48888779;232.9111176;70.52437835;22.75342723;6.203121109;41.56783001;0.633357686;32.2632085;8.795711857;58.94107964;70.81899261;456.8456116;70.81899261;18.02114018;36.80471322;10.34482759;19.12751678;34.67561521;9.862043251;;;;;;;;;;87.79019295;86.12090752;89.4205427;87.6562048;85.20766345;0.0;
54;5484;Norte de Santander;Herrán;54347;2011;6077;1.098403818;;80.97745598;100;2000.0;108;1;0;0;0;0;85.69929546;36.83105981;66.99147381;885994.9583;49.99177226;3038.0;47.84210526;48.10526316;224.4736842;13.56050694;1.226741594;1.749217713;10.58454763;0.223144758;9.04642872;12.89935341;78.05421787;27.42353058;391.3856812;73.60006714;16.17088608;42.59493671;18.2278481;17.03805279;42.57799109;16.66095303;;;;;;;;;;82.66478841;80.64012443;84.2120684;62.8205507;82.72472905;0.0;
54;5484;Norte de Santander;Herrán;54347;2016;6409;1.448483903;;82.02527695;105;2000.0;108;1;0;0;0;0;86.45582187;37.22876188;73.90991854;1199649.792;47.77656421;3062.0;54.68181818;52.68181818;266.4545455;21.91555621;3.18666486;2.947955598;15.78093575;0.341949699;14.54065244;13.45142952;72.00791803;27.42353058;391.3856812;73.60006714;14.62293072;39.6076027;21.15266708;15.88814744;40.26056562;20.62281538;;;;;;;;;;76.14290816;74.01143363;78.1824442;58.9114495;;0.0;
54;5484;Norte de Santander;Herrán;54347;2021;7567;2.463547861;0.026430554;81.48539712;110;2000.0;108;1;0;0;0;0;86.13931523;37.43801653;71.3362939;906148.8333;48.46042025;3667.0;50.67647171;49.82352829;240.0882416;39.97457656;11.24108054;3.185463577;25.54803244;0.528275097;28.12057439;7.968723752;63.91070185;27.42353058;391.3856812;73.60006714;13.69863014;40.4109589;22.94520548;15.06231769;40.44020154;22.56695837;;;;;;;;;;75.10450066;72.98265429;76.8757833;74.9898738;80.9915888;0.0;
54;5484;Norte de Santander;Labateca;54377;2011;6155;2.089087463;;74.58976442;281;1534.0;249;1;0;0;0;0;80.16462234;37.70174306;86.91416535;1215163.75;77.85540211;4792.0;44.40298507;46.67164179;221.3880597;30.25265988;11.32169401;3.780863503;15.15010237;0.491513564;37.42379696;12.49762341;50.07857963;23.24220276;366.6532288;66.37545013;16.54809774;37.98329725;17.97092484;16.18754278;35.93429158;19.19917864;;;;;;;;;;89.18261355;87.63436793;90.5961732;67.7737281;93.14711661;0.0;
54;5484;Norte de Santander;Labateca;54377;2016;6088;2.357095926;0.016425756;74.1130092;286;1534.0;249;1;0;0;0;0;80.23771791;37.65451664;82.8458498;1703692.542;72.51971091;4415.0;49.80392157;48.62745098;249.7058824;41.4925706;14.90814656;5.604009169;20.98041487;0.681546823;35.92967692;13.50605443;50.56426865;23.24220276;366.6532288;66.37545013;16.5408805;38.11320755;20.28301887;16.74690509;35.31636864;21.28610729;;;;;;;;;;85.60186442;83.92862842;87.2128307;66.2298044;85.19557822;0.0;
54;5484;Norte de Santander;Labateca;54377;2021;6933;3.204480985;0.043271311;73.2727535;291;1534.0;249;1;0;0;0;0;79.66055297;37.87298111;80.4422944;935315.5;63.59440358;4409.0;51.234375;50.578125;243.703125;63.30230259;27.15060432;5.303903248;30.84779503;0.913057877;42.89038977;8.37868929;48.73092094;23.24220276;366.6532288;66.37545013;15.25139665;39.10614525;22.09497207;15.71726812;36.11691023;23.11362959;;;;;;;;;;79.96843812;77.94848707;81.9497498;79.8463878;84.09435421;0.0;
54;5460;Norte de Santander;La Esperanza;54385;2011;9024;1.524638002;;85.59397163;18;174.0;666;1;0;0;0;0;88.6905461;36.9348209;104.1942188;1084073.542;88.10948582;7951.0;43.93617021;45.10638298;212.5957447;72.90216657;40.70842627;5.896770016;26.29697029;0.807869754;55.8398031;8.088607366;36.07158953;67.64155579;372.3523865;67.64155579;18.29038341;35.26084224;10.97842028;18.39567161;34.79181369;10.02117149;254.0;29539.0;116.0;13495.0;128.0;14624.0;90.625;92.279814;0.049572584;92.14430098;88.96183516;95.2067369;70.0244426;91.36268334;0.0;
54;5460;Norte de Santander;La Esperanza;54385;2016;10509;1.951501887;0.038062613;84.94623656;23;174.0;666;1;0;0;0;0;88.44093875;37.33567046;98.47303961;1342535.833;78.71348368;8272.0;50.49350649;50.45454545;249.2077922;107.7005491;52.88075859;14.29196844;40.52782209;1.02484108;49.09980406;13.27009802;37.63009792;67.64155579;372.3523865;67.64155579;17.46724891;35.78966521;12.80931587;17.5144624;36.36544983;12.22820666;317.0;308563.0;146.0;9848.0;177.0;12059.0;82.48588;81.66515;0.107434741;82.00406167;77.84799819;85.6045323;63.4461995;83.56607906;0.0;
54;5460;Norte de Santander;La Esperanza;54385;2021;12736;2.79718907;1.099246231;84.44566583;28;174.0;666;1;0;0;0;0;88.11210833;37.40355849;93.54713565;1149818.667;66.00973618;8407.0;50.23357773;48.24087524;233.9051056;161.2038577;91.65363775;14.05065432;55.49956559;1.265733807;56.85573477;8.716078215;34.42818701;67.64155579;372.3523865;67.64155579;16.4689781;37.5;13.92944039;16.57467532;37.3538961;13.49025974;272.0;319527.0;134.0;136750.0;147.0;153248.0;91.15646;89.23444;0.06329139;88.56631002;84.74083905;91.8997316;88.4311373;87.72076495;0.0;
54;5460;Norte de Santander;La Playa;54398;2011;7210;1.660887656;;89.11234397;81;1500.0;248;1;0;0;0;0;91.17213664;36.93235097;86.89655172;1249272.125;100.0554785;7214.0;43.60344828;43.79310345;211.8103448;40.96470881;17.47773142;4.926033276;18.56094411;0.568165171;42.66533788;12.02506601;45.30959611;77.43545532;440.7895203;77.43545532;17.70360481;39.03871829;13.40453939;17.89321789;36.65223665;14.66089466;;;;;;;;;;92.72551806;91.54679557;93.7966698;70.4661346;94.15377493;0.0;
54;5460;Norte de Santander;La Playa;54398;2016;7303;2.605093797;0.027386006;88.88128167;86;1500.0;248;1;0;0;0;0;90.85010593;36.83792373;88.39424142;1160937.083;101.2871423;7397.0;50.29032258;48.59677419;245.6451613;83.36869256;45.93493042;11.2462216;26.18754053;1.141567747;55.0985376;13.48974208;31.41172031;77.43545532;440.7895203;77.43545532;17.19242902;37.53943218;15.5362776;18.26236067;35.41011718;15.77593598;;;;;;;;;;92.42320958;91.16181601;93.7234013;71.5074506;86.33143609;1.0;HH
54;5460;Norte de Santander;La Playa;54398;2021;8439;2.861713473;0.106647707;87.96065885;91;1500.0;248;1;0;0;0;0;90.17796801;36.65239919;84.47981808;1310205.208;89.61962318;7563.0;49.30555725;47.77777863;231.2361145;158.9205874;109.6084931;13.92010236;35.39199196;1.883168473;68.97060656;8.759156124;22.27023732;77.43545532;440.7895203;77.43545532;15.97902895;39.06997948;17.14155459;17.37413623;36.27838105;17.47285291;;;;;;;;;;88.11272466;86.46263845;89.6838516;87.9782442;87.54852446;0.0;
54;5461;Norte de Santander;Los Patios;54405;2011;75308;2.684088455;;3.079354119;26;403.0;131;1;0;0;0;0;4.120498615;52.32324232;68.46682729;542048.0833;42.95161205;32346.0;46.61158711;49.01213604;225.5572792;312.8333547;18.11119303;86.4716677;208.250494;0.415405209;5.789406006;27.64144756;66.56914643;5.594640255;412.3642883;46.98020935;17.94111945;41.12498961;13.20796521;17.23170327;44.09836484;14.32361419;2352.0;72317.0;739.0;22454.0;998.0;30369.0;74.04809619;73.93723863;0.022546305;73.89043744;72.20007099;75.7596361;56.1525416;71.39114776;0.0;
54;5461;Norte de Santander;Los Patios;54405;2016;83222;3.54163162;0.111749297;3.101343395;31;403.0;131;1;0;0;0;0;4.241671537;52.07919345;64.50157398;686038.8333;39.37660715;32770.0;54.27807487;54.32352941;269.7446524;550.6913738;22.93724869;204.0867105;323.6674145;0.661713698;4.16517305;37.06008851;58.77473844;5.594640255;412.3642883;46.98020935;18.29833037;41.08988961;15.19437283;16.24338502;43.74090079;17.59526726;2231.0;937715.0;627.0;21300.0;957.0;32016.0;65.51724;66.52924;0.022600096;66.41228593;64.47018387;68.4460862;51.3829078;66.37479035;0.0;
54;5461;Norte de Santander;Los Patios;54405;2021;100314;4.071216381;0.513387962;2.410431246;36;403.0;131;1;0;0;0;0;3.332249871;52.25420444;62.47240937;905965.75;43.77255418;43910.0;54.48654175;52.62512589;257.3589172;661.7452214;33.78902158;145.9518407;482.0043591;0.659673846;5.106046932;22.05559421;72.83835886;5.594640255;412.3642883;46.98020935;17.12154673;42.44343514;16.37568232;15.46754339;44.25988225;18.84700665;1988.0;882565.0;505.0;317562.0;785.0;496660.0;64.33121;63.93951;0.035069062;63.91410009;61.89303552;65.8522578;63.8165524;64.62464381;0.0;
54;5421;Norte de Santander;Lourdes;54418;2011;3833;2.278458996;;54.94390817;86;1411.0;86;1;0;0;0;0;59.77476177;40.36962172;89.89429175;1031500.667;81.50273937;3124.0;48.73333333;50.13333333;231.3333333;25.21878208;11.86158725;2.510306999;10.84688783;0.657938484;47.03473471;9.954116701;43.01114859;47.28477478;422.3838806;47.28477478;17.38271605;37.2345679;14.56790123;16.70353982;38.66150442;13.66150442;208.0;19933.0;66.0;6389.0;71.0;7183.0;92.95774648;88.94612279;0.222058734;88.92900375;84.27176706;93.1712299;67.5809991;92.04632544;0.0;
54;5421;Norte de Santander;Lourdes;54418;2016;3818;2.658459927;;53.95495024;91;1411.0;86;1;0;0;0;0;60.4013567;40.16393443;85.9824781;1255533.0;74.7249869;2853.0;54.44827586;53.10344828;263.862069;36.2511987;16.43691944;4.882349503;14.93192975;0.94948137;45.34172671;13.46810499;41.19016829;47.28477478;422.3838806;47.28477478;17.80078895;36.14398422;16.17357002;17.76536313;36.98324022;16.98324022;154.0;182159.0;55.0;3302.0;59.0;3610.0;93.22034;91.46815;0.312983897;90.23149859;85.54068671;93.8379814;69.811733;;0.0;
54;5421;Norte de Santander;Lourdes;54418;2021;4382;3.46303058;0.02282063;52.07667732;96;1411.0;86;1;0;0;0;0;58.81782946;40.55232558;81.37114142;979934.2083;70.9493382;3109.0;51.42499924;50.09999847;240.6750031;46.9371257;21.65740705;4.111225648;21.168493;1.071134772;46.14131506;8.759005982;45.09967895;47.28477478;422.3838806;47.28477478;16.53577661;37.78359511;17.97556719;17.03349282;37.51196172;18.51674641;162.0;233410.0;44.0;95055.0;50.0;119111.0;88.0;79.80371;0.408593612;80.01048131;73.29585211;86.0060314;79.8883668;81.22303448;0.0;
54;5483;Norte de Santander;Mutiscua;54480;2011;3770;2.530946065;;80.87533156;68;2600.0;156;1;0;0;0;0;85.15328097;37.16746896;78.10699588;1177079.542;83.15649867;3135.0;44.94285714;49.11428571;222.6857143;23.88283747;8.376890377;2.299732102;13.20621499;0.633497015;35.07493776;9.629224772;55.29583747;9.278470039;360.9660034;42.85335541;17.5987686;39.96921498;15.44381734;16.74903899;40.08786381;15.70565623;;;;;;;;;;89.50795498;88.07160868;90.8180623;68.0209692;90.5264756;0.0;
54;5483;Norte de Santander;Mutiscua;54480;2016;3975;3.469601677;;80.95597484;73;2600.0;156;1;0;0;0;0;85.572843;36.79867987;75.28957529;781705.3333;74.23899371;2951.0;52.77272727;56.38636364;265.7045455;42.23747795;18.25168549;5.282008029;18.70378443;1.062578062;43.21206278;12.50550053;44.28243669;9.278470039;360.9660034;42.85335541;17.83992285;40.40501446;16.15236258;17.56970016;39.34771173;17.20147291;;;;;;;;;;85.25118649;83.60861154;87.0033043;65.9584863;;0.0;
54;5483;Norte de Santander;Mutiscua;54480;2021;4659;2.958431709;0.0643915;80.44644774;78;2600.0;156;1;0;0;0;0;85.25236593;36.92823344;71.1313394;946136.375;65.82957716;3067.0;55.54545593;58.25;272.1363525;53.54503278;21.66912947;4.591533908;27.2843694;1.149281665;40.46898161;8.575088424;50.95592997;9.278470039;360.9660034;42.85335541;16.45885287;41.68744805;18.12136326;16.99955615;39.85796715;19.17443409;;;;;;;;;;81.21573473;79.30162489;82.8515574;81.0917807;82.91551204;0.0;
54;5460;Norte de Santander;Ocaña;54498;2011;109403;8.318784677;;10.96313629;441;1205.0;463;1;0;0;0;0;14.34129031;50.63038639;72.33011719;533883.3333;55.72150672;60961.0;47.03425996;48.7020778;228.0901328;570.2739368;145.5246857;95.46231133;329.2869398;0.521259871;25.51838272;16.73972896;57.74188833;113.5466843;448.965332;113.5466843;19.01427162;39.36840507;14.18621423;16.84152986;41.48401545;17.06723563;1979.0;249811.0;687.0;90366.0;829.0;105354.0;82.87092883;85.77367732;0.013852326;85.65326002;84.20673033;87.0828064;65.0916196;79.07126324;0.0;
54;5460;Norte de Santander;Ocaña;54498;2016;113120;10.63339816;0.509193777;10.44112447;446;1205.0;463;1;0;0;0;0;13.98288583;50.43627446;69.71890633;685696.25;64.27775813;72711.0;54.91254417;55.045053;273.1590106;785.2092033;159.1390976;112.921667;513.1484387;0.694138263;20.26709531;14.38109316;65.35181154;113.5466843;448.965332;113.5466843;18.99580517;39.63840193;15.51171439;17.51610313;40.63626578;18.33791796;1690.0;2988916.0;546.0;30698.0;697.0;38905.0;78.33572;78.90502;0.028985963;78.758461;76.83675766;80.5857656;60.9350918;74.91098305;3.0;LH
54;5460;Norte de Santander;Ocaña;54498;2021;131038;10.61956583;1.427066958;10.01312596;451;1205.0;463;1;0;0;0;0;13.52346817;50.66820359;67.81105624;905965.75;63.72273692;83501.0;54.05716324;52.00413132;254.9972382;1015.695538;208.3776532;94.52665713;712.7912274;0.775115263;20.51575944;9.30659372;70.17764684;113.5466843;448.965332;113.5466843;17.83059266;40.86980054;16.84999761;16.80323663;41.03695451;19.70565385;1640.0;3120308.0;400.0;504717.0;550.0;634296.0;72.72727;79.57121;0.037717185;79.42000424;77.56079454;81.4023011;79.2987909;77.62797796;0.0;
54;5483;Norte de Santander;Pamplona;54518;2011;48765;13.62538022;;8.233364093;456;2288.0;313;1;0;0;0;0;10.19623662;51.11406402;58.77083273;533883.3333;47.03783451;22938.0;48.88753343;50.35647845;235.0326895;221.5973172;11.92780757;35.21312391;174.4563857;0.454418778;5.38264981;15.89059125;78.72675894;0.0;368.7097778;52.12388992;25.74650775;37.86150626;13.73830578;22.76778672;39.74601672;16.90724089;810.0;57128.0;209.0;15906.0;280.0;19384.0;74.64285714;82.0573669;0.051583693;81.65668722;78.90687893;84.115533;62.054451;71.95748078;0.0;
54;5483;Norte de Santander;Pamplona;54518;2016;48509;13.90961815;0.430847884;8.095404976;461;2288.0;313;1;0;0;0;0;10.42615601;50.92170844;61.33797992;685696.25;48.57861428;23565.0;56.0203125;55.09375;278.7140625;290.4921063;16.52298701;40.71931449;233.2498048;0.598841671;5.687929776;14.01735662;80.2947136;0.0;368.7097778;52.12388992;21.54939831;39.51436769;16.5774485;18.44741235;40.62326099;20.70116861;877.0;715042.0;195.0;11919.0;266.0;16686.0;73.30827;71.43114;0.079529552;71.19022278;68.09492776;73.7831378;55.0795775;69.10351302;3.0;LH
54;5483;Norte de Santander;Pamplona;54518;2021;55036;16.04343823;1.075659568;7.100806745;466;2288.0;313;1;0;0;0;0;9.258678705;51.19025226;59.75446954;905965.75;51.5771495;28386.0;57.16876984;56.0757103;274.4211426;403.3829021;29.73759494;37.57811394;336.0671932;0.732943713;7.372051414;9.31574287;83.31220572;0.0;368.7097778;52.12388992;20.50485143;40.51697999;17.95406307;17.80678487;40.85578668;22.21136395;772.0;830286.0;164.0;167746.0;244.0;212159.0;67.21311;79.06617;0.085797696;78.55092271;75.51933487;81.2883293;78.4310358;74.6005719;0.0;
54;5483;Norte de Santander;Pamplonita;54520;2011;5070;2.125246548;;80.51282051;98;1700.0;176;1;0;0;0;0;85.32877233;37.32421133;86.97318008;1482251.25;81.63708087;4139.0;44.3164557;49.16455696;226.1012658;28.29551389;9.429473727;3.278025304;15.58801485;0.558096921;33.32497782;11.58496473;55.09005745;13.65283871;382.3065491;64.32184601;15.05498673;38.30109973;18.50587789;16.68721743;37.60789149;17.92026305;;;;;;;;;;89.46092131;88.09055201;90.8087094;67.9852262;92.94503374;0.0;
54;5483;Norte de Santander;Pamplonita;54520;2016;5191;4.178706736;0.038528222;80.10017338;103;1700.0;176;1;0;0;0;0;85.38350217;37.22865412;85.27035426;791905.375;66.82720092;3469.0;52.42105263;53.43859649;265.5614035;38.03333047;10.89482726;5.007460456;22.13104276;0.732678298;28.6454726;13.1659794;58.188548;13.65283871;382.3065491;64.32184601;15.36477524;36.66175387;21.18644068;16.43116673;38.91804602;19.53976585;;;;;;;;;;81.30524858;79.35867869;83.1722599;62.9055307;85.32802508;0.0;
54;5483;Norte de Santander;Pamplonita;54520;2021;6019;9.659688763;0.149526499;78.61771058;108;1700.0;176;1;0;0;0;0;84.28615575;37.11372064;82.69794721;961605.0;60.52500415;3643.0;53.015625;51.71875;254.59375;61.59292165;21.50625294;5.364212565;34.72245615;1.023308218;34.9167605;8.709138033;56.37410147;13.65283871;382.3065491;64.32184601;14.10867493;37.8773435;22.9742612;15.32033426;40.00696379;20.96100279;;;;;;;;;;76.60998659;74.49330419;78.4181137;76.493062;76.72442426;0.0;
54;5461;Norte de Santander;Puerto Santander;54553;2011;7294;2.224431039;;6.429942418;18;51.0;44;1;0;0;0;0;6.844526219;48.77644894;89.88739236;674475.0833;128.1875514;9350.0;42.63104651;43.01918605;203.6860465;45.40428018;4.9385943;6.948855367;33.51683052;0.622488075;10.87693557;15.30440597;73.81865846;19.49205017;476.5742493;19.49205017;19.61786868;35.76426265;11.41011841;18.86528787;37.50698714;11.31917272;;;;;;;;;;94.00277692;92.84827282;95.0455853;71.4367789;85.65726361;0.0;
54;5461;Norte de Santander;Puerto Santander;54553;2016;7957;2.798374597;0.050270202;6.522558753;23;51.0;44;1;0;0;0;0;7.916734961;50.25405671;87.15688239;790817.5;119.4168657;9502.0;51.42647059;48.10294118;245.9558824;64.39030034;10.6832606;8.761732387;44.94530735;0.809228357;16.59141291;13.60722398;69.80136311;19.49205017;476.5742493;19.49205017;19.19293821;35.66204288;12.1815889;19.01302605;38.77755511;12.9759519;;;;;;;;;;91.53493058;90.15773476;92.7356288;70.8201929;81.25124025;0.0;
54;5461;Norte de Santander;Puerto Santander;54553;2021;9591;3.417266187;0.218955271;6.224585549;28;51.0;44;1;0;0;0;0;7.739771965;50.4091214;83.27314511;923715.75;129.8926077;12458.0;46.89473724;44.53508759;218.3508759;83.88829045;6.563420219;7.459629342;69.86524089;0.874656349;7.824000446;8.892336823;83.28366273;19.49205017;476.5742493;19.49205017;18.0459044;37.54474626;13.07643714;18.23626601;39.88021479;13.96117307;;;;;;;;;;92.76011991;91.49045273;93.9676265;92.6185465;78.22295113;0.0;
54;5484;Norte de Santander;Ragonvalia;54599;2011;5737;1.751786648;;50.75823601;134;1555.0;100;1;0;0;0;0;59.05907703;41.04866224;72.98013245;1004655.708;82.16838069;4714.0;43.61538462;44.58974359;215.1282051;23.05563205;4.398157696;2.430864469;16.22660989;0.401876103;19.07628334;10.54347355;70.38024311;16.94992638;401.332428;60.77910995;16.56504065;40.6504065;17.58130081;16.58886894;41.36445242;17.3070018;;;;;;;;;;89.19656449;87.77460139;90.5197804;67.78433;88.81512335;0.0;
54;5484;Norte de Santander;Ragonvalia;54599;2016;5659;2.422395005;;51.56388054;139;1555.0;100;1;0;0;0;0;59.70636215;39.56860613;75.74433215;930825.0833;89.75083937;5079.0;50.52;50.88;251.98;35.61004964;7.964311263;4.799573439;22.84616494;0.629263998;22.36534726;13.47814307;64.15650967;16.94992638;401.332428;60.77910995;16.50772772;39.0989806;20.35514633;15.24064171;39.53399542;22.23071047;;;;;;;;;;89.79743704;88.36905001;91.1312229;69.4759014;;0.0;
54;5484;Norte de Santander;Ragonvalia;54599;2021;6521;2.246587947;0.046005214;51.08112253;144;1555.0;100;1;0;0;0;0;59.72458611;39.65650627;73.74881964;1055365.542;101.6715228;6630.0;52.40000153;51.59999847;251.5454559;70.05185755;30.11489092;6.128959833;33.8080068;1.074250231;42.98942522;8.749175321;48.26139945;16.94992638;401.332428;60.77910995;15.36032156;39.79328165;22.04995693;14.71362739;39.79591837;24.06188282;;;;;;;;;;90.88358846;89.4470098;92.2942748;90.7448791;86.75858479;0.0;
54;5421;Norte de Santander;Salazar;54660;2011;10199;3.048501487;;62.38846946;428;850.0;480;1;0;0;0;0;69.03031561;39.59717608;93.82535028;753871.5;76.56633003;7809.0;43.28373494;45.69180723;214.373494;55.99929574;25.07512218;4.352184534;26.57198902;0.549066533;44.77756702;7.771855836;47.45057714;35.4407959;403.8885193;56.18051147;17.13804083;35.8119498;17.04439034;16.2962963;35.4526749;17.9218107;600.0;33849.0;183.0;9948.0;214.0;11766.0;85.51401869;84.54869964;0.068752473;84.72409543;81.80053191;87.3972681;64.3855072;86.95606768;0.0;
54;5421;Norte de Santander;Salazar;54660;2016;9961;3.747113744;0.020078305;62.53388214;433;850.0;480;1;0;0;0;0;68.69662464;39.3147621;82.79397629;881579.3333;71.85021584;7157.0;49.91;50.3;248.23;77.98771142;34.40343294;8.219570214;35.36470826;0.782930543;44.11391528;10.539571;45.34651373;35.4407959;403.8885193;56.18051147;17.90017212;35.89596481;20.29068656;17.18089603;35.79881657;20.20287405;516.0;443459.0;153.0;14893.0;199.0;18580.0;76.88442;80.15608;0.102803204;80.46165022;77.06834829;83.5061528;62.2528422;82.08910244;0.0;
54;5421;Norte de Santander;Salazar;54660;2021;11250;3.582962963;0.044444444;61.20888889;438;850.0;480;1;0;0;0;0;67.65465065;39.35914553;80.47195139;998505.75;70.14222222;7891.0;49.94067764;49.19491577;235.9406738;109.90084;54.68090037;7.068934402;48.15100519;0.976896355;49.7547611;6.432102252;43.81313665;35.4407959;403.8885193;56.18051147;16.7375404;36.80898112;22.24868175;16.40290449;36.00819214;22.06293055;546.0;476245.0;123.0;107229.0;143.0;126822.0;86.01398;84.55079;0.096226338;84.42264348;81.19683104;86.9916003;84.293795;85.02051401;0.0;
54;5460;Norte de Santander;San Calixto;54670;2011;10977;1.169111172;;82.51799217;119;1650.0;387;1;0;0;0;0;86.36091127;36.8804956;110.2011722;923330.5417;78.71914002;8641.0;40.11904762;43.14285714;208.5952381;71.04494587;41.18661491;5.761291794;24.09703917;0.647216415;57.97261776;8.109361931;33.9180203;81.13426971;462.6376038;81.13426971;20.16307117;33.37863088;9.461525395;19.39096267;32.73084479;9.567779961;226.0;16076.0;73.0;5291.0;73.0;5291.0;100.0;100.0;;89.38900319;87.92528078;90.7050766;67.9305725;91.56435632;0.0;
54;5460;Norte de Santander;San Calixto;54670;2016;11438;1.456402634;;83.1264207;124;1650.0;387;1;0;0;0;0;86.39042185;36.80665981;99.86799648;1024740.333;85.12851897;9737.0;50.37931034;45.72413793;245.0;80.74453746;34.86969126;10.84205645;35.03278975;0.705932309;43.18520158;13.42760364;43.38719478;81.13426971;462.6376038;81.13426971;19.33629046;35.73188763;10.79349433;18.68809568;34.08708653;10.55877406;155.0;165515.0;55.0;3645.0;61.0;4072.0;90.16393;89.51376;0.24314227;89.31527739;84.77115188;92.9971418;69.1028565;;1.0;HH
54;5460;Norte de Santander;San Calixto;54670;2021;13828;2.054406518;0.122938964;81.15417992;129;1650.0;387;1;0;0;0;0;84.88194973;36.8697639;94.24931539;1395164.25;71.27567255;9856.0;46.25;43.72916794;215.9583282;148.1909642;89.56992019;12.90554601;45.71549802;1.071673157;60.44222781;8.70872666;30.84904553;81.13426971;462.6376038;81.13426971;18.15073177;37.68294351;11.8314868;17.98373485;35.41506828;11.56974068;158.0;180775.0;52.0;99592.0;58.0;134339.0;89.65517;74.13483;0.352108362;75.53388293;69.6101925;81.677689;75.4186007;77.2733102;0.0;
54;5461;Norte de Santander;San Cayetano;54673;2011;5872;2.710603996;;63.04495913;238;240.0;142;1;0;0;0;0;70.87786928;40.24881724;83.86400432;535600.0;50.85149864;2986.0;42.83673469;45.18367347;205.0612245;86.86035848;24.83406158;9.216623059;52.80967384;1.479229538;28.59078873;10.61085082;60.79836046;17.12133217;422.1253662;35.1411438;16.63854202;38.94701316;14.47856902;17.66930217;40.25438295;12.78789962;159.0;9102.0;30.0;1754.0;46.0;2672.0;65.2173913;65.64371257;0.514476933;67.86784913;61.11475059;74.7960109;51.5757161;80.62446048;0.0;
54;5461;Norte de Santander;San Cayetano;54673;2016;6508;5.463788158;0.061462815;65.79594345;243;240.0;142;1;0;0;0;0;72.72586634;39.26361386;78.7279657;685946.25;43.07006761;2803.0;51.03773585;50.69811321;253.1132075;169.452744;38.52098457;20.1815426;110.7502169;2.603760664;22.73258235;11.90983523;65.35758243;17.12133217;422.1253662;35.1411438;18.01692866;38.57315599;15.0241838;17.28125;40.15625;14.40625;114.0;174687.0;20.0;1656.0;29.0;2618.0;68.96552;63.25439;0.736792106;64.98267885;56.75906548;71.5900161;50.2768268;76.51404251;0.0;
54;5461;Norte de Santander;San Cayetano;54673;2021;7833;4.465083621;2.017107111;67.2156262;248;240.0;142;1;0;0;0;0;74.2420446;38.98772238;74.73107765;968150.25;42.18051832;3304.0;50.88764191;48.61797714;238.280899;241.1268772;36.59937495;22.62061319;181.906889;3.078346447;15.17847176;9.381207709;75.44032053;17.12133217;422.1253662;35.1411438;16.66244619;40.28868068;16.68776906;16.50360453;40.85993821;15.8084449;154.0;165418.0;29.0;21813.0;42.0;34405.0;69.04762;63.40067;0.541058462;64.55897551;58.11665777;71.2009891;64.4604436;73.5003739;0.0;
54;5421;Norte de Santander;Santiago;54680;2011;3131;2.568402001;;49.88821463;131;411.0;170;1;0;0;0;0;56.58914729;40.38054968;86.0417728;1108991.792;76.58894922;2398.0;40.58536585;44.09756098;208.7560976;22.46632366;10.69402544;2.781111198;8.991187023;0.717544671;47.60024649;12.37902222;40.02073129;27.5617485;416.0293274;42.84215164;17.4565087;37.4325135;15.53689262;17.41803279;38.52459016;14.54918033;168.0;10016.0;53.0;3117.0;57.0;3309.0;92.98245614;94.19764279;0.083636027;93.4278554;89.21435202;96.314771;70.9998712;90.93609997;0.0;
54;5421;Norte de Santander;Santiago;54680;2016;3236;5.243098475;0.030902349;48.79480841;136;411.0;170;1;0;0;0;0;56.95067265;40.96732864;72.99201503;690923.3333;64.40049444;2084.0;49.72972973;48.56756757;248.4324324;23.05561351;6.401495853;2.943206894;13.71091076;0.712472605;27.76545439;12.76568456;59.46886105;27.5617485;416.0293274;42.84215164;17.30083234;39.41736029;18.54934602;18.5971686;39.44658945;16.73101673;81.0;104322.0;27.0;2104.0;32.0;2493.0;84.375;84.39631;0.325353583;83.16878761;75.76424739;88.8089144;64.347343;85.13700815;0.0;
54;5421;Norte de Santander;Santiago;54680;2021;3741;8.155127862;0.507885592;46.83239775;141;411.0;170;1;0;0;0;0;55.3051127;41.67124794;71.89914599;929877.1667;63.05800588;2359.0;49.90697861;48.860466;235.0697632;36.68593633;13.45946387;2.891865896;20.33460656;0.980645184;36.68834769;7.882764311;55.428888;27.5617485;416.0293274;42.84215164;16.29979036;39.77987421;20.23060797;17.94871795;39.11620295;18.93071468;84.0;86350.0;22.0;48335.0;27.0;57183.0;81.48148;84.52687;0.563477771;82.63192602;75.83318062;89.0004075;82.5058106;85.67241372;0.0;
54;5458;Norte de Santander;Sardinata;54720;2011;23792;3.726042367;;63.26496301;105;300.0;1435;1;0;0;0;0;68.12395709;40.06197855;103.0683602;547758.3333;74.0963349;17629.0;43.37556561;45.42986425;212.2036199;217.5073103;141.9827752;12.11205958;63.41247551;0.914203557;65.27724288;5.568575862;29.15418126;31.57483101;466.8666687;31.57483101;18.92772041;34.23351867;11.76330421;18.51455097;34.54740225;11.88180682;;;;;;;;;;86.42058515;84.83135247;87.9362702;65.6747432;85.42556122;0.0;
54;5458;Norte de Santander;Sardinata;54720;2016;24166;3.403542167;0.045518497;62.86932053;110;300.0;1435;1;0;0;0;0;67.87985388;39.53907906;89.80874682;688563.3333;72.01853844;17404.0;49.17061611;48.41706161;241.8862559;253.1486582;142.1084352;22.88068336;88.15953967;1.047540587;56.13635726;9.038437541;34.8252052;31.57483101;466.8666687;31.57483101;19.6700707;36.44147683;12.64728987;18.91395593;35.56313396;13.0115425;;;;;;;;;;83.69874432;81.83154353;85.3348727;64.7573683;81.1798814;0.0;
54;5458;Norte de Santander;Sardinata;54720;2021;27962;5.888050449;0.776053215;61.0471354;115;300.0;1435;1;0;0;0;0;66.44901095;39.769541;85.39088784;906105.0;72.39467849;20243.0;50.76649857;51.08629608;242.7005005;263.383708;113.5126352;19.10157887;130.7694939;0.94193444;43.09781956;7.252376775;49.64980367;31.57483101;466.8666687;31.57483101;18.54694997;38.12200137;13.92049349;18.10499551;36.46425366;14.42566557;;;;;;;;;;81.12283554;79.15772411;83.0629669;80.9990233;78.12949821;0.0;
54;5483;Norte de Santander;Silos;54743;2011;5843;1.568828798;;85.00770152;431;2750.0;376;1;0;0;0;0;88.47583643;36.72215937;77.39382749;1335301.375;76.87831593;4492.0;42.50943396;44.28301887;210.7358491;36.10094109;15.14289664;2.970557046;17.98748741;0.617849411;41.9459886;8.22847537;49.82553603;27.10221481;341.9443665;37.61608887;18.74589626;39.98686802;14.05121471;17.76903826;38.97032535;15.65963532;;;;;;;;;;88.59179592;87.1546125;89.9713356;67.3247402;91.88766181;0.0;
54;5483;Norte de Santander;Silos;54743;2016;5913;1.685551609;0.033823778;85.72636564;436;2750.0;376;1;0;0;0;0;89.20955588;36.57206991;82.0335374;1715236.125;71.7233215;4241.0;50.0;48.4375;248.21875;67.13478003;34.11617705;9.015814774;24.00278821;1.135375952;50.81744073;13.42942476;35.75313451;27.10221481;341.9443665;37.61608887;15.88634162;41.10429448;14.69163707;16.22869318;38.63636364;17.68465909;;;;;;;;;;84.17575705;82.37956217;85.6531941;65.1264311;85.1747979;0.0;
54;5483;Norte de Santander;Silos;54743;2021;6871;2.415951099;0.072769611;85.00946005;441;2750.0;376;1;0;0;0;0;88.66666667;36.32653061;79.0;1183943.458;62.62552758;4303.0;55.32653046;54.87755203;263.5306091;71.8792188;28.86872918;6.26212286;36.74836676;1.046124564;40.16283101;8.712007399;51.12516159;27.10221481;341.9443665;37.61608887;14.68220927;42.60338607;16.23646961;15.39167687;39.16768666;19.33904529;;;;;;;;;;80.67828844;78.69086485;82.6389006;80.5551547;85.36669846;0.0;
54;5460;Norte de Santander;Teorama;54800;2011;15150;1.127062706;;84.3630363;194;1000.0;865;1;0;0;0;0;87.63782867;37.78625954;107.4373576;1155196.125;83.89438944;12710.0;38.36936937;39.36936937;194.8378378;69.70932185;29.19735348;6.365776187;34.14619218;0.460127537;41.88443196;9.131886551;48.98368149;112.2991104;525.4004517;112.2991104;18.82189357;34.19289597;10.34003287;19.83699406;33.63724271;9.324492333;301.0;23371.0;110.0;8546.0;113.0;8855.0;97.34513274;96.51044608;0.063201383;96.09386448;94.08627338;97.8069342;73.0258868;95.657576;0.0;
54;5460;Norte de Santander;Teorama;54800;2016;15494;1.444645239;;84.62630696;199;1000.0;865;1;0;0;0;0;87.39398874;37.84517267;100.914037;1495070.542;89.49270685;13866.0;49.11666667;47.38333333;243.45;117.8900072;45.10953775;15.85560782;56.92486163;0.760875224;38.2640894;13.44949262;48.28641798;112.2991104;525.4004517;112.2991104;18.54495367;35.3618833;10.84397696;18.9664358;35.45551412;9.576451785;262.0;298729.0;90.0;6170.0;100.0;6738.0;90.0;91.5702;0.104391319;91.15129284;87.37010807;93.949521;70.5233739;;0.0;
54;5460;Norte de Santander;Teorama;54800;2021;18048;2.044547872;0.077570922;83.53280142;204;1000.0;865;1;0;0;0;0;86.65065202;37.88034775;95.53800955;1630737.667;88.82424645;16031.0;49.40983582;46.64754105;230.2541046;114.9360262;32.61397214;10.04263814;72.27941595;0.636835252;28.37576103;8.737589485;62.88664949;112.2991104;525.4004517;112.2991104;17.39413681;37.26384365;11.87839305;18.20547635;36.67119258;10.5227427;244.0;339542.0;58.0;91924.0;64.0;109825.0;90.625;83.70043;0.218744297;84.08559563;79.82233712;87.7858055;83.9572615;84.24233265;0.0;
54;5458;Norte de Santander;Tibú;54810;2011;47709;4.722030085;;62.40332013;34;55.0;2737;1;0;0;0;0;68.44445513;40.22016055;102.8562316;692787.7083;55.09442663;26285.0;42.10231023;43.97359736;208.980198;368.3361448;232.9170404;22.4739688;112.9451356;0.772047506;63.23491291;6.101483418;30.66360367;68.28213501;500.0376282;68.28213501;18.97505814;34.18878819;10.60229369;19.27012428;36.00193228;8.444951913;741.0;38016.0;225.0;10820.0;265.0;13557.0;84.90566038;79.81116766;0.084573723;79.86923388;76.99942495;82.8273212;60.6960878;84.00838727;0.0;
54;5458;Norte de Santander;Tibú;54810;2016;50659;5.713364522;0.300045402;63.12797331;39;55.0;2737;1;0;0;0;0;69.20677362;39.59447415;94.23367278;819554.125;63.43394066;32135.0;50.13712375;47.23411371;242.9063545;481.4957688;237.1195167;54.12774212;190.24851;0.950464417;49.24643829;11.24158209;39.51197962;68.28213501;500.0376282;68.28213501;19.31083455;36.54744553;9.332137385;19.83516024;37.21864279;8.321479374;591.0;514258.0;169.0;9900.0;205.0;12128.0;82.43903;81.62929;0.08976484;81.44548779;78.44748908;84.4912161;63.0140332;79.76607172;0.0;
54;5458;Norte de Santander;Tibú;54810;2021;60007;6.445775771;1.82645358;62.78434183;44;55.0;2737;1;0;0;0;0;69.1014975;39.55259752;89.09851574;951672.0833;77.15099905;46296.0;47.65914154;45.51692963;221.3092499;573.3015035;273.968873;44.71291047;254.6197201;0.955391044;47.78792159;7.799196443;44.41288197;68.28213501;500.0376282;68.28213501;18.22483328;38.43442363;10.23181963;19.11842059;38.45425536;9.138408669;604.0;582671.0;107.0;34887.0;142.0;44791.0;75.35211;77.88841;0.14835567;78.08253161;74.80302792;80.9927835;77.9633596;78.20854454;0.0;
54;5484;Norte de Santander;Toledo;54820;2011;15094;4.088821165;;66.79475288;125;1644.0;1486;1;0;0;0;0;72.88227702;39.80028531;88.19668603;763774.0;80.97257188;12222.0;42.45652174;44.09565217;214.6695652;76.00451086;23.61747711;9.010166751;43.376867;0.503541214;31.07378344;11.85477895;57.07143761;43.57212448;378.8180847;88.57228851;16.70332514;37.18462932;16.8973994;16.0353021;37.2029871;17.7460964;695.0;34761.0;224.0;10895.0;273.0;13347.0;82.05128205;81.62883045;0.05894326;81.90479583;79.12087796;84.4652038;62.2429994;84.94640768;0.0;
54;5484;Norte de Santander;Toledo;54820;2016;14966;5.555926767;0.200454363;66.23012161;130;1644.0;1486;1;0;0;0;0;72.66359816;39.04342606;82.24726268;972305.6667;78.39101964;11732.0;50.58454106;48.58454106;250.9371981;103.7553532;34.20007012;13.21479656;56.34048647;0.693273775;32.96222226;12.73649615;54.30128158;43.57212448;378.8180847;88.57228851;18.00361104;36.548878;19.02244003;15.86245147;37.21575153;20.00831947;602.0;430994.0;181.0;9593.0;220.0;11471.0;82.27273;83.62828;0.081297307;83.72888323;80.83818211;86.3162741;64.7806867;80.33934393;0.0;
54;5484;Norte de Santander;Toledo;54820;2021;17085;6.195005365;2.663154814;64.67661692;135;1644.0;1486;1;0;0;0;0;71.46819206;39.12867626;79.57048968;925685.3333;71.40766754;12200.0;49.97267914;48.63388062;238.2896118;165.5522087;76.4946753;11.07624994;77.98128351;0.968991564;46.20577151;6.690487564;47.10374093;43.57212448;378.8180847;88.57228851;16.86924912;37.77121436;20.61797115;14.99637769;37.70828302;21.67350881;497.0;437426.0;111.0;141007.0;147.0;196576.0;75.5102;71.73154;0.173915981;72.22524266;68.56235668;76.3084652;72.1150102;73.56940237;0.0;
54;5421;Norte de Santander;Villa Caro;54871;2011;4891;2.231990731;;57.86137804;63;1600.0;396;1;0;0;0;0;63.68433127;42.23445744;99.24111763;1126691.292;76.95767737;3764.0;46.20588235;46.02941176;215.5;24.95287636;7.983861961;3.917993418;13.05102098;0.510179439;31.9957581;15.70157028;52.30267162;60.17815399;417.427002;60.69538879;18.63506334;34.57294647;12.5051083;16.77577741;36.2111293;13.91162029;;;;;;;;;;85.78045811;84.09596;87.297747;65.1882829;90.76364166;1.0;HH
54;5421;Norte de Santander;Villa Caro;54871;2016;4851;2.770906342;;57.12224284;68;1600.0;396;1;0;0;0;0;63.19854612;41.41299409;94.15584416;1592318.667;84.86909915;4117.0;52.5;50.6;258.125;35.51111882;12.33754113;4.8300309;18.34354679;0.732037081;34.74275534;13.60146078;51.65578388;60.17815399;417.427002;60.69538879;18.98373984;34.75609756;14.3495935;16.72940192;35.17356754;16.18569636;;;;;;;;;;85.89558358;84.2960546;87.6241087;66.4570537;;0.0;
54;5421;Norte de Santander;Villa Caro;54871;2021;5548;3.296983898;;54.77649603;73;1600.0;396;1;0;0;0;0;61.36675152;41.55081261;90.10339734;1054275.542;75.25234319;4175.0;50.76086807;49.39130402;241.4347839;42.13695265;14.04432195;3.763786426;24.32884428;0.759498065;33.33017948;8.932270108;57.73755041;60.17815399;417.427002;60.69538879;17.65965037;36.35390653;16.01855155;16.06557377;36.06557377;17.77777778;;;;;;;;;;81.63437664;79.7060989;83.3064889;81.5097837;;0.0;
54;5461;Norte de Santander;Villa del Rosario;54874;2011;95743;2.004324076;;3.168900076;222;435.0;93;1;0;0;0;0;4.269274421;51.18906221;73.37438927;551792.9167;61.78415132;59154.0;44.76700224;45.95287472;215.99217;339.8285517;23.45479219;83.76544822;232.6083113;0.354938274;6.901948666;24.6493262;68.44872514;0.0;416.9649658;43.83697128;18.18975801;40.47801636;12.07183027;17.60077051;43.07260395;13.30969897;2566.0;94455.0;913.0;32754.0;1146.0;40571.0;79.66841187;80.73254295;0.016832516;80.69427447;79.11026448;82.0617583;61.3230719;76.89954912;0.0;
54;5461;Norte de Santander;Villa del Rosario;54874;2016;97909;3.126968239;0.078644456;3.240764383;227;435.0;93;1;0;0;0;0;4.529297243;51.54807511;67.21995438;753945.875;72.55206365;71035.0;52.98986486;52.26238739;260.5551802;504.4172226;19.20833053;101.6111504;383.5977417;0.515189842;3.808024323;20.14426666;76.04770901;0.0;416.9649658;43.83697128;17.85099324;41.34013691;14.14472303;16.85326227;43.44263925;16.44560224;2358.0;1055086.0;765.0;26834.0;1017.0;35374.0;75.22124;75.85797;0.020620604;75.8511642;74.28749926;77.4547552;58.6857284;74.51028125;0.0;
54;5461;Norte de Santander;Villa del Rosario;54874;2021;112536;3.911711215;0.212376484;2.896850786;232;435.0;93;1;0;0;0;0;4.113238607;51.68081788;65.02615219;905965.75;82.04307955;92328.0;53.25944901;50.92010498;249.7783508;704.6825287;30.0419384;92.24907378;582.3915165;0.626184091;4.263187631;13.09087;82.64594236;0.0;416.9649658;43.83697128;16.6467879;42.73813237;15.3733233;16.0650597;44.01350816;17.6605386;2557.0;1324358.0;803.0;494412.0;1019.0;622264.0;78.80275;79.45374;0.019296681;79.43934819;77.77622067;80.924777;79.3181054;76.84027512;0.0;
63;6317;Quindio;Armenia;63001;2011;281880;22.98460338;;2.592947353;122;1483.0;115;1;0;0;0;0;3.645044835;52.27794507;59.79257042;533883.3333;34.60231304;97537.0;48.65477462;48.39993322;228.7301057;2508.897492;134.8913631;448.3736639;1925.632465;0.89005871;5.376519508;17.87134251;76.75213799;0.0;170.8973541;0.0;18.14098519;40.98147667;18.98808419;16.59136461;43.10969188;20.84383599;24907.0;310435.0;6646.0;83942.0;10486.0;131966.0;63.37974442;63.60880833;0.003861339;63.60367244;63.00236301;64.2410421;48.3351836;74.14995237;2.0;LL
63;6317;Quindio;Armenia;63001;2016;289151;34.05020214;2.36900443;2.669193605;127;1483.0;115;1;0;0;0;0;3.763710062;52.52145923;57.30542593;685696.25;32.04484854;92658.0;53.86977945;52.12787424;264.8723604;3674.794267;147.5706483;754.0782251;2773.145393;1.27089108;4.015752654;20.52028414;75.46396321;0.0;170.8973541;0.0;17.4841156;40.94498504;22.02636118;15.83306975;42.14178396;25.03031262;23278.0;3761397.0;5841.0;73442.0;10616.0;132761.0;55.02073;55.31896;0.004111118;55.30797531;54.70266242;56.0289666;42.7915491;61.26557832;2.0;LL
63;6317;Quindio;Armenia;63001;2021;304700;32.72792911;4.273711848;2.491631113;132;1483.0;115;1;0;0;0;0;3.507151013;52.97946337;58.09181209;905965.75;35.49360026;108149.0;55.67036819;52.98519897;264.3185425;4986.823022;238.160094;644.529788;4104.13314;1.636633745;4.775787971;12.92465735;82.29955468;0.0;170.8973541;0.0;15.63083266;42.00072429;23.88500432;13.91268186;41.84728636;28.44108446;22484.0;3803084.0;5193.0;854158.0;9469.0;1571674.0;54.84212;54.34702;0.004285026;54.33608901;53.76319758;54.861769;54.2531596;61.68626721;2.0;LL
63;6317;Quindio;Buenavista;63111;2011;3004;3.925321793;;60.75233023;45;1500.0;39;1;0;0;0;0;66.95392774;38.31620815;66.97834646;602023.625;71.57123835;2150.0;43.61727273;41.48060606;207.2727273;54.58767383;38.46539486;5.553830357;10.56844862;1.81716624;70.46534896;10.17414732;19.36050372;13.31514168;172.2727509;13.31514168;15.48946716;40.39653036;21.7472119;16.97841727;40.50359712;17.26618705;;;;;;;;;;86.94455634;85.42065719;88.484375;66.0729316;89.86194848;0.0;
63;6317;Quindio;Buenavista;63111;2016;3048;3.937007874;0.262467192;60.99081365;50;1500.0;39;1;0;0;0;0;67.33183135;38.65465079;65.1500484;823600.2917;57.44750656;1751.0;49.33333333;44.6969697;237.0606061;68.87112225;44.01769081;8.356106606;16.49732484;2.259551255;63.91313133;12.1329613;23.95390738;13.31514168;172.2727509;13.31514168;17.18555417;38.04483188;23.59900374;15.95006935;40.98474341;19.3481276;;;;;;;;;;79.21272606;77.2742144;81.0029548;61.2865548;84.02092763;0.0;
63;6317;Quindio;Buenavista;63111;2021;3171;6.257226953;1.419110691;59.91800694;55;1500.0;39;1;0;0;0;0;66.43920596;38.24441687;67.24952741;939496.25;55.43992431;1758.0;52.08000183;51.72000122;248.8800049;114.4730236;79.7917123;6.56398949;28.11732178;3.60999759;69.70350726;5.734092876;24.56239986;13.31514168;172.2727509;13.31514168;15.69905213;38.21090047;25.65165877;14.36277815;40.79568442;21.78017532;;;;;;;;;;76.90889017;74.64594694;78.9482296;76.7915094;84.73670077;0.0;
63;6317;Quindio;Calarcá;63130;2011;69790;6.037397908;;21.78249033;106;1537.0;208;1;0;0;0;0;27.81154778;47.67716228;62.79623327;533883.3333;52.35420547;36538.0;46.92568726;45.40157629;219.4665826;438.7644293;110.2761749;66.05744216;262.4308122;0.628692405;25.13334436;15.05533214;59.8113235;4.523538589;169.0141296;4.523538589;17.48412138;40.57574688;19.6953658;16.39371751;42.22793583;20.99938517;1718.0;249439.0;504.0;73462.0;686.0;98561.0;73.46938776;74.53455221;0.034135324;74.55493824;72.6605941;76.6022417;56.6575245;73.43129223;0.0;
63;6317;Quindio;Calarcá;63130;2016;71320;6.214011965;0.27201346;22.20695457;111;1537.0;208;1;0;0;0;0;28.54263103;47.32865462;59.24022979;685696.25;45.59450365;32518.0;52.56280193;50.05797101;256.0277778;630.2532527;127.0002248;92.12201317;411.1310147;0.883697774;20.15066551;14.61666604;65.23266845;4.523538589;169.0141296;4.523538589;17.1959877;40.84442273;22.27459546;15.8950913;41.33928327;24.67763572;1682.0;3177846.0;538.0;23189.0;829.0;36371.0;64.89747;63.75684;0.039019244;63.8709159;61.53193385;66.2229503;49.4166604;65.23932106;0.0;
63;6317;Quindio;Calarcá;63130;2021;75155;7.436630963;0.634688311;21.63395649;116;1537.0;208;1;0;0;0;0;27.9491035;46.95727417;61.35831382;905965.75;43.58725301;32758.0;53.70124435;52.31258774;255.2627869;837.4185068;215.6377466;52.76171059;569.0190496;1.114255215;25.75029628;6.300518816;67.9491849;4.523538589;169.0141296;4.523538589;15.7080663;41.17249398;24.10697385;14.45748415;40.91004349;27.08911825;1475.0;3988026.0;402.0;237117.0;637.0;376593.0;63.10832;62.96373;0.047516904;63.02105868;60.64829016;65.2910122;62.924874;64.06410676;0.0;
63;6358;Quindio;Circasia;63190;2011;26364;3.439981288;;25.75102412;104;1773.0;87;1;0;0;0;0;33.13974739;47.2769362;62.21572091;534033.3333;58.79987862;15502.0;46.42950521;46.33289063;221.2083333;176.8851201;53.28970753;25.66644698;97.92896563;0.670934305;30.12673281;14.51023521;55.36303198;14.27664566;166.2196655;14.27664566;17.00803529;40.17646132;20.80510477;16.06437454;42.87490856;20.61448427;510.0;22558.0;149.0;7034.0;203.0;8964.0;73.39901478;78.46943329;0.097240636;78.49804327;74.98409322;81.8609781;59.6540607;75.02482451;2.0;LL
63;6358;Quindio;Circasia;63190;2016;27461;5.396744474;0.083755144;25.43607298;109;1773.0;87;1;0;0;0;0;32.91889824;47.40244836;59.50461133;685696.25;48.60711555;13348.0;51.75;50.74375;257.215625;294.8471206;71.11637396;36.40353136;187.3272153;1.073694041;24.11974511;12.34657856;63.53367633;14.27664566;166.2196655;14.27664566;16.33242176;39.99544211;23.91370404;15.50674967;41.98083514;24.61355529;540.0;1328102.0;181.0;9477.0;254.0;13451.0;71.25984;70.45573;0.104771694;70.387176;66.74298707;74.1177281;54.4582636;71.04174158;0.0;
63;6358;Quindio;Circasia;63190;2021;29179;6.642619692;0.301586758;24.11323212;114;1773.0;87;1;0;0;0;0;31.46802588;47.35205871;61.77954981;905965.75;47.31827684;13807.0;53.79272842;51.72363663;256.2218323;388.5072143;105.7386917;23.14351318;259.6250095;1.331461717;27.21666105;5.95703563;66.82630332;14.27664566;166.2196655;14.27664566;14.93206232;40.1934979;25.72383866;14.14495437;41.43631795;27.05329983;465.0;1265390.0;121.0;65887.0;188.0;101656.0;64.3617;64.81368;0.141664001;64.95093733;60.75496397;69.0723081;64.8518072;66.28890166;2.0;LL
63;6325;Quindio;Córdoba;63212;2011;5495;3.695784046;;41.32848044;45;1525.0;90;1;0;0;0;0;49.19733751;41.40563821;73.3924612;585046.0417;79.89080983;4390.0;42.78431373;40.78431373;209.0588235;39.72766209;17.77926239;5.301911033;16.64648867;0.722978382;44.75285343;13.34564068;41.90150589;11.93935108;165.4904633;11.93935108;15.54782609;37.25217391;22.43478261;16.94656489;40.6870229;16.06870229;;;;;;;;;;87.37140284;85.8522349;88.6927461;66.3973107;90.89362646;0.0;
63;6325;Quindio;Córdoba;63212;2016;5585;3.960011937;0.089525515;41.03849597;50;1525.0;90;1;0;0;0;0;48.95716946;41.09869646;64.09448819;716510.8333;67.80662489;3787.0;48.3452381;45.0952381;233.9880952;64.56759785;31.60228576;8.252859477;24.71245261;1.156089487;48.94449664;12.78173535;38.27376801;11.93935108;165.4904633;11.93935108;15.68360041;38.86805319;24.20729628;15.95022624;41.1387632;20.21116139;;;;;;;;;;82.71451677;80.88191436;84.3640586;63.9958756;86.38278593;0.0;
63;6325;Quindio;Córdoba;63212;2021;5825;4.381974249;0.25751073;39.00429185;55;1525.0;90;1;0;0;0;0;47.04614832;40.61770515;65.80020387;905965.75;65.32188841;3805.0;49.29487228;48.24359131;234.7307739;87.09191479;43.20541801;5.250235347;38.63626143;1.495140168;49.60898852;6.028384334;44.36262714;11.93935108;165.4904633;11.93935108;14.29491307;38.79587894;26.23953638;14.60095623;41.30194925;22.28760574;;;;;;;;;;80.16288405;78.33691001;82.0826662;80.0405369;84.61213598;0.0;
63;6333;Quindio;Filandia;63272;2011;11768;4.930036257;;46.74541128;133;1800.0;101;1;0;0;0;0;54.7963878;43.21860624;64.3196005;533883.3333;68.35486064;8044.0;44.05699482;44.47150259;214.2694301;111.3600539;49.76162594;14.06329289;47.53513502;0.946295495;44.68534651;12.62866926;42.68598423;10.67784595;166.952652;10.67784595;16.3758853;39.52323372;21.85178787;15.70496739;42.51547081;19.8528182;;;;;;;;;;82.83602957;81.17810423;84.6454949;62.9506843;82.09755609;2.0;LL
63;6333;Quindio;Filandia;63272;2016;11876;5.984759178;0.134725497;45.15830246;138;1800.0;101;1;0;0;0;0;53.17369198;43.45579793;59.45715677;685696.25;61.11485349;7258.0;52.35294118;49.64117647;255.3176471;208.3980366;100.5950256;25.48080828;82.32220274;1.754783064;48.2706206;12.22699057;39.50238883;10.67784595;166.952652;10.67784595;15.49752517;38.88035501;26.26728111;15.20691374;42.51288017;24.89612764;;;;;;;;;;76.0202948;73.90222671;78.10956;58.8165841;76.92871407;0.0;
63;6333;Quindio;Filandia;63272;2021;12455;8.645122441;0.642312324;43.11521477;143;1800.0;101;1;0;0;0;0;51.15218246;43.55485647;61.55571294;905965.75;59.05258932;7355.0;51.25663757;47.72566223;239.3451385;207.29106;83.28154839;12.21671725;111.7927943;1.664320032;40.17614093;5.893508986;53.93035009;10.67784595;166.952652;10.67784595;14.04703974;38.94566099;28.32116788;13.70429253;41.9872814;27.63116057;;;;;;;;;;73.14621893;70.63733959;75.2659486;73.0345809;71.08516296;2.0;LL
63;6325;Quindio;Génova;63302;2011;8061;3.680271265;;42.73663317;74;1500.0;287;1;0;0;0;0;49.33805217;42.01074846;70.24499719;569862.5;91.88686267;7407.0;45.39240506;43.25316456;210.4810127;59.9389527;23.52126394;7.16690877;29.25077999;0.743567209;39.24203357;11.95701367;48.80095276;0.0;177.9100342;32.20528793;16.36147444;37.81212842;22.63971463;15.76763485;40.94917012;19.70954357;458.0;23299.0;183.0;9073.0;207.0;10339.0;88.4057971;87.75510204;0.057985605;87.89602613;84.87777758;90.5660912;66.7959946;86.69243117;0.0;
63;6325;Quindio;Génova;63302;2016;7617;3.424357796;0.026257057;42.77274518;79;1500.0;287;1;0;0;0;0;49.3607859;41.6363881;64.38542071;746089.25;81.04240515;6173.0;49.3814433;45.93814433;238.4948454;109.1831626;49.91467485;13.30405376;45.96443394;1.433414239;45.71645818;12.18507822;42.0984636;0.0;177.9100342;32.20528793;15.96617757;38.19945287;25.73986571;15.01668521;41.29588432;24.11012236;424.0;321698.0;189.0;9707.0;218.0;11512.0;86.69725;84.32071;0.077855092;84.4801262;81.07556973;87.3989439;65.3619202;83.96034536;0.0;
63;6325;Quindio;Génova;63302;2021;7633;4.945630814;0.327525219;42.01493515;84;1500.0;287;1;0;0;0;0;48.41793456;40.98559311;67.14031972;908615.5833;75.30459845;5748.0;47.92523193;44.71028137;224.056076;154.4007948;81.863412;8.98375507;63.55362772;2.022806168;53.02007163;5.818464265;41.1614641;0.0;177.9100342;32.20528793;14.6591742;38.08942096;27.92572685;13.61581921;40.70621469;26.75141243;330.0;366398.0;135.0;97440.0;168.0;127733.0;80.35714;76.28413;0.117614632;76.7856019;72.46629041;80.7173649;76.6684093;76.87792759;0.0;
63;6394;Quindio;La Tebaida;63401;2011;31089;4.471838914;;10.52783943;57;1175.0;88;1;0;0;0;0;14.34599156;49.27667269;66.45986266;533883.3333;72.76850333;22623.0;44.82165829;43.36135678;211.1331658;279.346039;100.0768816;39.54618099;139.7229764;0.898536585;35.82541638;14.1567001;50.01788351;14.61559772;183.6282959;14.61559772;18.3110587;39.83228512;17.16457023;17.7314376;41.97156398;17.33965245;658.0;33605.0;181.0;9873.0;254.0;14367.0;71.25984252;68.7199833;0.148726301;69.25269336;65.33721885;72.4448903;52.6281191;74.01949479;2.0;LL
63;6394;Quindio;La Tebaida;63401;2016;32471;6.594089085;0.360321518;10.66798066;62;1175.0;88;1;0;0;0;0;14.47520386;49.57477339;61.42666072;685696.25;63.74611192;20699.0;49.74137931;47.05747126;242.1915709;463.8954757;152.9385855;85.77792626;225.1789639;1.428645486;32.96832875;18.49078742;48.54088383;14.61559772;183.6282959;14.61559772;18.6695279;39.61752083;19.87503156;17.57984002;41.97389788;20.73134059;599.0;441076.0;180.0;10702.0;274.0;16674.0;65.69343;64.18376;0.114254991;64.74800787;61.12978927;68.4298986;50.0952628;67.60666503;2.0;LL
63;6394;Quindio;La Tebaida;63401;2021;34644;8.736722088;2.136012008;9.248354693;67;1175.0;88;1;0;0;0;0;12.65024435;49.61365738;63.30026287;905965.75;61.56332987;21328.0;50.33985519;47.98532867;236.6723785;688.8881234;264.8984425;106.7821316;317.2075493;1.988477437;38.45304245;15.50064923;46.04630832;14.61559772;183.6282959;14.61559772;17.22817764;40.08128166;21.3806102;16.25155666;41.74119778;22.77821805;658.0;387163.0;170.0;74505.0;279.0;120992.0;60.9319;61.57845;0.199734978;61.89628647;58.12890618;65.0839065;61.8018184;63.93603913;0.0;
63;6394;Quindio;Montenegro;63470;2011;36061;4.154765536;;17.96400544;121;1150.0;141;1;0;0;0;0;23.56679882;46.32496382;67.29939603;534200.0;84.26832312;30388.0;44.58344262;42.9377459;210.6987705;361.2572556;152.2201934;41.37976637;167.6572958;1.001794891;42.13623147;11.45437655;46.40939198;13.24720383;183.8422699;13.24720383;18.15995189;39.37025092;18.84873996;17.54840162;41.06821252;18.15623593;1258.0;66532.0;393.0;20875.0;501.0;26781.0;78.44311377;77.94705201;0.057198387;78.14339357;75.66800681;80.2183936;59.384547;79.17683685;2.0;LL
63;6394;Quindio;Montenegro;63470;2016;36330;5.018809065;0.181668043;18.11725846;126;1150.0;141;1;0;0;0;0;23.90874525;47.14524715;62.92351594;685696.25;70.29176989;25537.0;49.96041667;47.27708333;243.3;510.7015787;190.4095279;62.33631986;257.9557309;1.405729641;37.28391215;12.20601667;50.51007118;13.24720383;183.8422699;13.24720383;17.91597568;39.41956882;21.07794362;17.16008772;41.58442982;21.05263158;1217.0;772035.0;412.0;14080.0;566.0;19450.0;72.79152;72.39075;0.05228339;72.59309605;69.94794235;75.0231389;56.1649747;73.85257024;2.0;LL
63;6394;Quindio;Montenegro;63470;2021;37847;6.301688377;0.702829815;17.08457738;131;1150.0;141;1;0;0;0;0;22.69360858;47.72859809;63.41073794;905965.75;69.10191032;26153.0;49.70789337;47.03421021;232.0973663;771.5497623;368.2757119;44.74748118;358.5265692;2.038602167;47.73194549;5.799688286;46.46836623;13.24720383;183.8422699;13.24720383;15.95391211;40.51982851;22.97427653;15.18215458;41.679262;24.15698129;974.0;869317.0;261.0;146605.0;368.0;204600.0;70.92391;71.65445;0.103970862;71.76757718;68.73896483;74.3293474;71.6580432;71.81415727;2.0;LL
63;6325;Quindio;Pijao;63548;2011;5795;4.410411274;;42.01898188;84;1650.0;238;1;0;0;0;0;49.03249361;42.33296824;69.76024749;533933.3333;86.93701467;5038.0;44.14942529;43.54022989;211.5517241;72.07514792;41.08994192;7.460925878;23.52428012;1.24374716;57.00986139;10.35159288;32.63854574;15.84112358;169.8434906;17.41225052;15.35145889;39.02519894;21.12068966;15.83303347;42.60525369;18.02806765;500.0;25196.0;161.0;7822.0;191.0;9228.0;84.29319372;84.76376246;0.076622184;84.96386014;81.98905227;87.7340493;64.5677148;84.3024719;0.0;
63;6325;Quindio;Pijao;63548;2016;5402;4.041712946;0.148093299;42.76194002;89;1650.0;238;1;0;0;0;0;49.84842743;42.93292914;63.50108225;875101.4583;74.45390596;4022.0;50.86842105;50.15789474;253.9736842;105.0232373;53.48208264;12.74501508;38.7961396;1.944154708;50.92404691;12.13542393;36.94052915;15.84112358;169.8434906;17.41225052;15.26220615;38.08318264;24.99095841;15.32043989;42.28289723;22.52559727;405.0;286475.0;152.0;8801.0;198.0;11213.0;76.76768;78.48925;0.084721966;78.78474302;74.28228878;82.8418187;60.9554261;80.46840022;0.0;
63;6325;Quindio;Pijao;63548;2021;5351;7.065657509;1.308166698;41.67445337;94;1650.0;238;1;0;0;0;0;48.52629551;42.45810056;67.0673749;907683.8333;76.09792562;4072.0;52.30952454;48.40476227;243.2857208;225.9643959;164.2498976;12.93382427;48.78067402;4.222844251;72.68839719;5.723832829;21.58776998;15.84112358;169.8434906;17.41225052;13.72619475;37.94466403;27.16492993;13.97975078;41.62772586;25.27258567;385.0;296090.0;143.0;91860.0;186.0;122945.0;76.88172;74.71634;0.121904409;75.12996243;71.1102295;79.381947;75.0152967;74.69180856;0.0;
63;6394;Quindio;Quimbaya;63594;2011;31263;6.181961637;;20.05885552;89;1315.0;123;1;0;0;0;0;25.66027048;47.68108759;62.90922619;533883.3333;74.00441416;23136.0;46.52183206;45.616743;219.4096692;320.6141535;109.4071592;40.01981197;171.1871824;1.025538667;34.12424497;12.48223496;53.39352006;15.62339878;180.6993713;15.62339878;17.13767177;39.98574021;20.22945294;16.83612251;42.46289864;20.11998737;681.0;31496.0;211.0;10140.0;267.0;12735.0;79.02621723;79.62308598;0.081384549;79.72166047;77.02724823;82.3420813;60.5839404;77.52085735;0.0;
63;6394;Quindio;Quimbaya;63594;2016;30683;8.902323762;0.270508099;19.32340384;94;1315.0;123;1;0;0;0;0;24.84112614;48.6810807;60.97433708;685696.25;67.46080892;20699.0;51.59259259;48.90972222;251.8634259;496.1802219;167.3137101;61.11089247;267.7556193;1.617117693;33.72035054;12.31626933;53.96338013;15.62339878;180.6993713;15.62339878;16.45450259;39.29413349;23.89708359;15.74261177;42.20762819;24.10962364;665.0;487654.0;237.0;12115.0;314.0;15892.0;75.47771;76.23332;0.07445846;76.13744326;73.16965837;79.3003562;58.9072213;74.57393845;0.0;
63;6394;Quindio;Quimbaya;63594;2021;31513;9.025904653;0.380795227;17.85929616;99;1315.0;123;1;0;0;0;0;23.09429505;48.75616705;63.390883;905965.75;67.04534636;21128.0;51.74385834;49.45964813;244.5894775;614.2841685;224.2469128;36.4539408;353.583315;1.949303997;36.50540324;5.934377389;57.56021937;15.62339878;180.6993713;15.62339878;15.00686589;39.46249918;25.78957693;14.3649815;41.7755857;26.43033292;652.0;501597.0;194.0;85930.0;299.0;130894.0;64.88294;65.64854;0.090428477;65.93757516;62.21178606;69.1579479;65.8369392;67.12265146;0.0;
63;6333;Quindio;Salento;63690;2011;8519;3.376765661;;55.5581641;169;1900.0;328;1;0;0;0;0;63.61755918;41.45024132;65.47310154;534000.0;46.89517549;3995.0;45.92160714;41.94089286;216.4821429;61.56749953;15.01314693;10.87104867;35.68330393;0.722708059;24.38485735;17.65712227;57.95802039;20.51942062;154.7848663;20.51942062;15.52532833;40.5956848;20.91932458;14.85311398;43.17273796;20.25851939;;;;;;;;;;78.07743265;76.39398714;79.9397198;59.3344205;75.85042708;2.0;LL
63;6333;Quindio;Salento;63690;2016;8947;5.395663351;0.424723371;57.58354756;174;1900.0;328;1;0;0;0;0;65.29492455;40.13928458;59.18006431;685696.25;37.59919526;3364.0;49.91025641;47.71794872;244.2051282;127.1615435;48.03767574;12.44930309;66.6745647;1.421275774;37.77688947;9.790147823;52.43296271;20.51942062;154.7848663;20.51942062;15.34276387;40.97932535;24.2437432;14.82077206;42.92279412;24.37959559;;;;;;;;;;70.14128946;67.72555235;71.9880794;54.2680222;68.28445465;2.0;LL
63;6333;Quindio;Salento;63690;2021;9626;9.13757878;0.612923333;57.06420112;179;1900.0;328;1;0;0;0;0;64.85347447;39.9490346;60.75162903;905965.75;34.73924787;3344.0;49.27397156;47.30136871;233.4520569;182.4999239;66.9632557;11.02155025;104.5151179;1.895906128;36.69221021;6.039208137;57.26858165;20.51942062;154.7848663;20.51942062;14.01492236;41.19782214;26.11413591;13.60617099;42.12556246;26.97664453;;;;;;;;;;66.38960542;63.9971428;68.7202176;66.2882795;64.60442509;2.0;LL
66;6691;Risaralda;Pereira;66001;2011;445438;31.1947454;;17.30296921;148;1415.0;702;1;0;0;0;0;22.11854469;49.38045125;61.43828061;533883.3333;30.36898513;135275.0;47.97878671;46.46471052;225.6918946;4572.507776;249.4319872;1020.309384;3302.766404;1.026519465;5.455036917;22.31399999;72.2309631;0.0;174.1842346;0.0;18.31866637;41.37531371;17.04888;16.89369883;42.95422634;19.52130992;17319.0;490461.0;4389.0;129306.0;7770.0;216293.0;56.48648649;59.78279464;0.004631043;59.77321828;59.09594636;60.4679123;45.4242557;57.81463805;2.0;LL
66;6691;Risaralda;Pereira;66001;2016;459033;39.49195011;4.542374949;17.36933946;153;1415.0;702;1;0;0;0;0;22.5021527;49.75554918;59.39710483;685696.25;29.28591191;134432.0;54.08074428;52.44127689;267.2297713;7530.928062;278.8125545;1872.331307;5379.784201;1.640607116;3.702233672;24.8618934;71.43587293;0.0;174.1842346;0.0;17.46810599;41.40535434;19.80363743;15.93703702;42.44979603;23.31854569;16259.0;5943913.0;4053.0;116801.0;8026.0;225596.0;50.49838;51.77441;0.004297428;51.7599179;51.02716838;52.5705442;40.0464319;52.00782612;2.0;LL
66;6691;Risaralda;Pereira;66001;2021;479864;40.1074228;7.483578681;15.9203441;158;1415.0;702;1;0;0;0;0;21.09868288;50.29911821;59.2813793;907815.5;33.35320007;160050.0;54.360672;51.42944717;257.1881409;10578.97801;459.3715489;2238.946649;7880.659814;2.204578383;4.342305546;21.164111;74.49358345;0.0;174.1842346;0.0;16.24534344;42.08108719;21.83099527;14.31719709;42.26251146;26.62028201;13094.0;6079050.0;2630.0;1246796.0;5528.0;2530389.0;47.57598;49.2729;0.007267256;49.25559523;48.47554746;50.1778414;49.1804198;50.45263508;2.0;LL
66;6632;Risaralda;Apía;66045;2011;13129;6.846167517;;57.55198416;118;1619.0;175;1;0;0;0;0;64.68085106;40.72948328;69.97034672;533883.3333;63.60728159;8351.0;46.728;44.72;219.464;119.7003922;51.1611549;11.18376567;57.3554716;0.911725129;42.74100859;9.343132021;47.91585939;26.20705986;213.147583;49.27531815;16.56760773;39.13818722;19.6731055;16.48695109;40.78762307;19.04985154;325.0;24272.0;138.0;10121.0;154.0;11314.0;89.61038961;89.45554181;0.066211435;89.01978234;85.74264978;92.3082201;67.6499856;85.94554907;0.0;
66;6632;Risaralda;Apía;66045;2016;12488;9.645259449;0.080076874;56.87860346;123;1619.0;175;1;0;0;0;0;64.45625385;40.41127542;65.46122836;685696.25;69.86707239;8725.0;49.06703911;45.69832402;237.2011173;165.471276;68.82572928;14.35779532;82.28775141;1.325042249;41.59376234;8.676910981;49.72932668;26.20705986;213.147583;49.27531815;16.7005473;38.74902267;23.1118061;15.34547842;41.211226;23.28902019;278.0;316821.0;116.0;7771.0;132.0;8723.0;87.87878;89.08633;0.08247692;88.22343018;84.25223593;91.729103;68.2580989;84.90894443;0.0;
66;6632;Risaralda;Apía;66045;2021;12559;8.373808955;0.087586591;53.71446771;128;1619.0;175;1;0;0;0;0;61.10243598;40.70893192;69.51632406;908526.0;70.76996576;8888.0;48.13924026;46.21519089;226.8544312;269.4305202;146.4330659;16.30561465;106.6918397;2.145318259;54.34910113;6.051881071;39.5990178;26.20705986;213.147583;49.27531815;15.23250425;38.42113394;25.1197281;13.95004929;40.22346369;25.73118633;222.0;309614.0;82.0;93777.0;108.0;135007.0;75.92593;69.46085;0.184863585;70.55888738;64.8603669;76.2385473;70.4511982;71.47368462;0.0;
66;6632;Risaralda;Balboa;66075;2011;6901;3.725305511;;77.0178235;88;1550.0;138;1;0;0;0;0;82.10569551;36.63745893;69.05839259;543401.75;65.41081003;4514.0;44.01298701;41.28571429;207.7012987;148.7465539;34.69200579;83.81387562;30.24067249;2.155434776;23.32289716;56.34676799;20.33033485;9.208691597;203.1531677;30.81952095;15.91770439;39.57769356;20.51976178;15.80916745;42.75023386;16.37043966;230.0;12708.0;81.0;4417.0;104.0;5514.0;77.88461538;80.1051868;0.16497235;79.94095467;74.62564755;84.8151103;60.7505915;87.5452355;0.0;
66;6632;Risaralda;Balboa;66075;2016;6514;4.106539761;0.168867056;76.80380718;93;1550.0;138;1;0;0;0;0;82.53727223;37.14798454;63.69355201;1122188.833;68.22229045;4444.0;48.49450549;46.7032967;237.9340659;283.5495838;53.28099343;183.3059593;46.96263106;4.352925757;18.79071473;64.64688005;16.56240522;9.208691597;203.1531677;30.81952095;15.20141135;38.72390473;24.84563364;15.54770318;42.49919692;21.29778349;127.0;135739.0;48.0;4056.0;58.0;4805.0;82.75862;84.41207;0.317367166;82.68238418;76.57478563;88.125531;63.9710147;86.05338397;0.0;
66;6632;Risaralda;Balboa;66075;2021;6480;6.264146091;0.077160494;74.39814815;98;1550.0;138;1;0;0;0;0;80.21806854;36.98668932;67.64569843;917315.0417;67.26851852;4359.0;48.55172348;43.41379166;224.120697;335.6852496;91.02871995;186.565495;58.09103459;5.180327926;27.11728325;55.57750758;17.30520917;9.208691597;203.1531677;30.81952095;14.07342657;37.96620047;26.86480186;14.40288714;41.46981627;23.19553806;138.0;173603.0;44.0;33233.0;66.0;52739.0;66.66666;63.01409;0.463508349;64.985012;57.68665581;71.4586085;64.8858298;75.73524429;0.0;
66;6632;Risaralda;Belén de Umbría;66088;2011;25099;4.655231948;;51.48013865;100;1500.0;207;1;0;0;0;0;58.75816993;41.78104575;71.43028558;533883.3333;75.86756444;19042.0;44.84492366;43.19396947;212.0725191;248.1202667;107.2782683;26.29905581;114.5429426;0.988566344;43.23639892;10.59931788;46.1642832;26.80047798;204.6897278;50.42047501;17.09381613;39.56422917;17.88541422;16.8719611;40.72933549;17.86871961;564.0;23420.0;234.0;9809.0;249.0;10570.0;93.97590361;92.80037843;0.035811015;92.54394403;90.27123074;94.5660902;70.3281486;90.85380981;0.0;
66;6632;Risaralda;Belén de Umbría;66088;2016;24803;5.369982126;0.137080192;49.88912632;105;1500.0;207;1;0;0;0;0;57.6806804;42.33544278;67.85606836;685750.4167;75.99483933;18849.0;50.23642173;47.0543131;244.9041534;319.409178;118.7949508;28.3640871;172.2501401;1.287784454;37.19209058;8.880172848;53.92773657;26.80047798;204.6897278;50.42047501;15.81097317;38.83860633;22.22667201;15.91167397;40.67218704;22.11397954;379.0;315250.0;161.0;11383.0;185.0;13212.0;87.02702;86.15652;0.094366464;85.85966027;82.1356114;88.7548014;66.42926;84.90369164;0.0;
66;6632;Risaralda;Belén de Umbría;66088;2021;25171;5.969833009;0.194668468;47.12566048;110;1500.0;207;1;0;0;0;0;54.52453988;42.62996448;71.01870347;908526.0;77.53764253;19517.0;49.18032837;46.55327988;231.4467163;427.3345199;166.7937254;27.22102912;233.3197654;1.697725636;39.03118461;6.369957924;54.59885747;26.80047798;204.6897278;50.42047501;14.49548488;38.53945819;24.24028269;14.47410743;40.05307173;24.33258282;401.0;408137.0;163.0;105488.0;180.0;116989.0;90.55556;90.16916;0.060894602;89.68602622;86.6849027;92.2049153;89.5491446;86.27383564;0.0;
66;6691;Risaralda;Dosquebradas;66170;2011;200541;8.919040662;;6.044649224;39;1479.0;80;1;0;0;0;0;8.19883571;51.8806428;58.70005667;533883.3333;28.95318164;58063.0;48.62814235;47.61144876;228.4442201;1559.096333;21.65144421;389.4302397;1148.014649;0.777445177;1.388717538;24.97794598;73.63333648;10.3519125;171.0275421;10.3519125;18.43684856;42.3942762;16.36898838;16.87952037;43.93033879;19.3119528;8078.0;215474.0;1993.0;52698.0;3621.0;96847.0;55.04004419;54.41366279;0.009660576;54.44120966;53.38942406;55.6365238;41.3722316;54.82284521;0.0;
66;6691;Risaralda;Dosquebradas;66170;2016;211592;11.20147107;0.951831827;5.947767401;44;1479.0;80;1;0;0;0;0;8.291582353;52.22317206;56.97248322;687125.0;32.62363416;69029.0;54.90770695;53.38201713;270.5218839;2332.612098;31.2146954;556.5685826;1744.82882;1.102410346;1.338186294;23.86031449;74.80149921;10.3519125;171.0275421;10.3519125;17.402725;42.58243686;19.25749175;15.83116523;43.2484868;23.07754204;7630.0;2506803.0;1883.0;50835.0;3703.0;98352.0;50.85066;51.6868;0.007385356;51.70579709;50.62835902;52.7179254;40.0045589;52.86369418;2.0;LL
66;6691;Risaralda;Dosquebradas;66170;2021;224535;11.38694042;1.386420825;4.476807625;49;1479.0;80;1;0;0;0;0;6.193741633;52.90581676;58.63402806;905965.75;33.98000312;76297.0;55.73073196;53.05121994;262.9531555;3226.764239;40.4449746;684.9998656;2501.319399;1.43708742;1.253422054;21.22869274;77.51788521;10.3519125;171.0275421;10.3519125;16.05516821;42.80012954;20.89095897;14.38095477;42.97891206;25.22104277;6793.0;2811250.0;1322.0;516673.0;2790.0;1090929.0;47.38351;47.36083;0.010907059;47.38489514;46.17222426;48.6117045;47.3125748;49.20177499;0.0;
66;6632;Risaralda;Guática;66318;2011;12617;2.807719743;;72.25964968;90;2150.0;114;1;0;0;0;0;78.40477078;39.20238539;71.0901041;748797.5833;74.94650075;9456.0;43.31446541;42.36477987;208.3836478;80.09647546;26.69129052;8.278380659;45.12680427;0.634829797;33.32392639;10.33551178;56.34056182;37.59276962;205.5952301;62.44328308;16.11067194;40.17391304;18.98814229;16.19516847;40.14621742;18.97647807;291.0;23096.0;120.0;8909.0;136.0;10625.0;88.23529412;83.84941176;0.172216713;84.16868358;79.70610275;87.9751818;63.9634257;88.37975552;0.0;
66;6632;Risaralda;Guática;66318;2016;12195;6.157578242;0.032800328;71.13571136;95;2150.0;114;1;0;0;0;0;77.74130986;38.60211845;63.68889959;696249.5;77.85157852;9494.0;48.18238994;46.66037736;237.6289308;129.40821;55.01817496;10.25258638;64.13744868;1.061157934;42.51521209;7.922670731;49.56211717;37.59276962;205.5952301;62.44328308;15.34477177;40.77371318;22.85529298;15.87169686;40.83430281;22.23699518;241.0;302052.0;96.0;6123.0;107.0;6755.0;89.71963;90.64397;0.186763599;90.03012208;86.40530576;93.1457775;69.6559288;86.51239036;0.0;
66;6632;Risaralda;Guática;66318;2021;12367;6.185817094;0.420473842;68.035902;100;2150.0;114;1;0;0;0;0;74.79326417;38.58066456;67.49696233;917536.5;76.72839007;9489.0;48.78488541;46.1337204;228.1569824;170.6288765;70.67056378;10.60662302;89.35168968;1.379711138;41.41770446;6.21619461;52.36610093;37.59276962;205.5952301;62.44328308;14.09226893;40.30861282;24.73626201;14.57779255;39.89361702;24.31848404;205.0;290177.0;78.0;89960.0;88.0;106812.0;88.63636;84.22275;0.313058961;84.07997554;79.30683402;88.5150123;83.95165;82.63623627;0.0;
66;6632;Risaralda;La Celia;66383;2011;7915;3.590229522;;61.52874289;52;1500.0;107;1;0;0;0;0;68.15286624;38.72861246;67.91994014;560786.7083;74.84523057;5924.0;44.11904762;41.96428571;209.5;73.89758543;30.69018678;8.132963463;35.07443519;0.93363974;41.53070307;11.00572287;47.46357405;17.46616364;211.6355133;40.12811661;16.48898365;40.22743426;19.7583511;16.67569031;41.95993503;17.59610179;316.0;17752.0;122.0;6755.0;147.0;8093.0;82.99319728;83.46719387;0.105686847;83.79973067;79.86898718;87.3792453;63.6830424;84.89469359;0.0;
66;6632;Risaralda;La Celia;66383;2016;7568;4.270172657;0.039640592;62.31501057;57;1500.0;107;1;0;0;0;0;69.91194969;38.91823899;65.13582177;756727.5417;80.80073996;6115.0;48.48684211;46.42105263;238.9473684;97.131004;38.43276816;8.664013453;50.03422238;1.283443499;39.56797169;8.919925767;51.51210255;17.46616364;211.6355133;40.12811661;14.6163522;39.47169811;25.10691824;14.80656833;41.19120512;23.71277484;245.0;271185.0;110.0;9036.0;118.0;9558.0;93.22034;94.5386;0.055176154;93.70602753;90.68360384;96.0881863;72.4999615;90.39368889;0.0;
66;6632;Risaralda;La Celia;66383;2021;7612;4.79068138;0.157645822;59.41933789;62;1500.0;107;1;0;0;0;0;67.06001776;39.18284482;69.74789916;944119.0833;77.57488177;5905.0;46.27397156;42.98630142;216.287674;155.2918126;75.75617297;9.808587091;69.7270525;2.040092125;48.78310821;6.316229381;44.90066241;17.46616364;211.6355133;40.12811661;13.20567023;38.5724944;27.72942054;13.36675021;40.35087719;26.48287385;222.0;258677.0;85.0;50543.0;101.0;57283.0;84.15842;88.23386;0.201917742;87.78425531;83.40464874;91.5835875;87.6502762;85.78976848;0.0;
66;6691;Risaralda;La Virginia;66400;2011;28381;13.42359325;;2.477009267;52;900.0;38;1;0;0;0;0;3.200812905;52.14869385;64.6421384;533883.3333;50.58313661;14356.0;46.14352113;46.29673239;220.6169014;202.9595911;3.358695212;42.59396472;157.0069312;0.715124876;1.654859075;20.98642616;77.35871477;0.0;194.2367554;23.58497238;18.60362675;39.87959768;17.56846047;17.54065041;41.59214092;19.07181572;1445.0;33682.0;399.0;9654.0;596.0;14169.0;66.94630872;68.13466017;0.038644549;68.14027966;65.87124318;70.6777003;51.7827478;68.40112692;0.0;
66;6691;Risaralda;La Virginia;66400;2016;27939;19.8709689;1.055871721;2.534092129;57;900.0;38;1;0;0;0;0;3.250695674;52.68994013;60.7798521;685696.25;56.65557107;15829.0;51.90243902;48.91463415;253.4176829;258.3910367;7.409880831;22.4871792;228.4939767;0.924839961;2.867700414;8.702770608;88.42952898;0.0;194.2367554;23.58497238;18.75094283;40.14180118;19.12807362;17.24678155;41.40726109;21.85818405;1379.0;414003.0;375.0;9340.0;631.0;15689.0;59.42948;59.53216;0.036838779;59.68695858;57.03252993;62.2475986;46.1795502;62.33926925;0.0;
66;6691;Risaralda;La Virginia;66400;2021;28389;15.04279827;1.028567403;2.215646905;62;900.0;38;1;0;0;0;0;2.810411391;53.086471;62.62401819;905965.75;64.70816161;18370.0;50.05191422;46.55464554;233.4398956;347.5607309;18.25238145;21.42338845;307.884961;1.224279583;5.251566078;6.16392663;88.58450729;0.0;194.2367554;23.58497238;17.23053892;40.39670659;20.90568862;15.71628186;41.30015304;23.90045911;1204.0;470606.0;249.0;72809.0;466.0;135990.0;53.43348;53.53997;0.056306826;53.82074039;51.09816027;56.3591688;53.7385975;57.54813878;0.0;
66;6691;Risaralda;Marsella;66440;2011;18132;5.397915288;;51.64901831;151;1600.0;173;1;0;0;0;0;58.9063842;42.06699113;77.78445685;534216.6667;67.91308184;12314.0;43.31162162;43.80016216;214.2432432;143.3954856;45.03007861;13.45582914;84.90957788;0.790842078;31.40271705;9.383718801;59.21356415;0.0;185.6710052;23.82208252;16.94766805;36.57762207;20.18830742;16.61480329;38.60857968;18.61524783;431.0;22863.0;144.0;8280.0;172.0;9139.0;83.72093023;90.60072218;0.039856922;90.24803721;87.44339049;92.8956792;68.5833897;84.05114888;4.0;HL
66;6691;Risaralda;Marsella;66440;2016;17253;6.087830136;0.127514056;50.14200429;156;1600.0;173;1;0;0;0;0;57.37361999;42.53922138;72.43378222;685696.25;70.41673912;12149.0;50.18978102;49.66423358;248.6861314;209.4566733;77.76531095;17.98249565;113.7088667;1.214030449;37.12715844;8.58530567;54.28753589;0.0;185.6710052;23.82208252;16.13990239;36.19567743;25.1568673;15.82051579;38.73019544;23.43009136;398.0;301961.0;146.0;8612.0;184.0;10239.0;79.34782;84.10978;0.055010652;83.8341019;80.42018196;87.4070047;64.8620939;82.23465993;4.0;HL
66;6691;Risaralda;Marsella;66440;2021;17129;5.982057719;0.233522097;46.17899469;161;1600.0;173;1;0;0;0;0;52.98013245;42.95089792;76.17076088;908526.0;65.06509428;11145.0;49.33333206;48.26190567;233.8809509;277.5802256;117.3198487;16.9501777;143.3101991;1.620527909;42.26520405;6.106406774;51.62838918;0.0;185.6710052;23.82208252;14.72570897;35.70432357;27.58019526;14.17008798;38.15835777;26.07624633;297.0;348895.0;97.0;81150.0;127.0;105342.0;76.37795;77.0348;0.196618354;77.01916953;72.17940978;81.4618774;76.9016204;76.27570292;2.0;LL
66;6688;Risaralda;Mistrató;66456;2011;15754;2.77284076;;75.72679954;472;1501.0;755;1;0;0;0;0;78.56114121;39.79836774;103.5632808;668696.9583;78.69747366;12398.0;41.95066176;38.89875;202.4705882;84.04150336;16.93696971;14.68095869;52.42357497;0.533461364;20.15310177;17.4687007;62.37819752;51.58187485;221.9764709;75.27444458;17.63747964;33.85945133;13.15295002;17.73259555;34.13975035;12.40509587;;;;;;;;;;86.36200343;84.77088339;87.9422136;65.6302244;89.12159246;0.0;
66;6688;Risaralda;Mistrató;66456;2016;16512;3.678637758;0.036337209;76.76235465;477;1501.0;755;1;0;0;0;0;78.31019754;40.58328884;111.1809849;791320.0;87.03367248;14371.0;49.90243902;46.02439024;242.8780488;121.0087736;24.90707687;11.56379848;84.53789823;0.732853522;20.58286861;9.556165339;69.86096605;51.58187485;221.9764709;75.27444458;18.04204204;31.77177177;12.62462462;18.63930622;32.58824966;12.6419934;;;;;;;;;;85.13209256;83.31844874;86.8967014;65.8663439;82.99810365;0.0;
66;6688;Risaralda;Mistrató;66456;2021;17462;4.713091284;0.057267209;75.22620547;482;1501.0;755;1;0;0;0;0;76.33326885;40.50428839;115.7520848;926192.5;86.4505784;15096.0;43.6979866;40.35570526;204.4161072;168.4989002;35.12853347;12.23667948;121.1336873;0.96494617;20.84793041;7.262171722;71.88989787;51.58187485;221.9764709;75.27444458;16.77382967;31.8894529;13.75070502;17.12225195;32.27870187;13.88856578;;;;;;;;;;84.62004916;82.89955077;86.3890141;84.4908994;84.32270838;0.0;
66;6629;Risaralda;Pueblo Rico;66572;2011;15036;2.960672165;;82.349029;99;1563.0;632;1;0;0;0;0;84.88698478;39.48884621;121.0500788;640394.7083;80.52008513;12107.0;40.12871287;36.05940594;195.8811881;82.49576083;4.719942644;29.28709117;48.48872702;0.548654967;5.721436588;35.50132864;58.77723477;48.66854858;232.9616089;71.9310379;17.80298035;29.94856917;12.1719636;17.9927546;31.81269288;11.28404669;587.0;25452.0;174.0;7350.0;214.0;9562.0;81.30841121;76.86676428;0.168340956;77.16796124;73.40835211;80.5442678;58.6432738;84.28960936;0.0;
66;6629;Risaralda;Pueblo Rico;66572;2016;15779;4.517079663;0.063375372;82.85062425;104;1563.0;632;1;0;0;0;0;83.75102865;40.36058951;136.43769;901822.9583;91.59008809;14452.0;44.08666667;39.78666667;212.0533333;111.4456207;17.44122001;14.10310844;79.9012922;0.70629077;15.6499824;12.65469953;71.69531807;48.66854858;232.9616089;71.9310379;17.37709041;28.54268829;9.908210738;17.44186047;30.28366982;10.74623051;439.0;357182.0;170.0;10454.0;208.0;13783.0;81.73077;75.84706;0.383652328;76.52103415;72.45442828;80.1628884;59.204004;79.23651717;3.0;LH
66;6629;Risaralda;Pueblo Rico;66572;2021;16671;6.605782497;0.089976606;80.99094235;109;1563.0;632;1;0;0;0;0;81.45449246;40.3410333;142.8672566;1006246.167;94.61340052;15773.0;42.68613052;39.75912476;201.1240845;159.9876805;26.24164975;15.64378102;118.1022498;0.959676567;16.40229402;9.778116023;73.81958996;48.66854858;232.9616089;71.9310379;16.0665801;28.62708063;10.81336324;15.98780488;29.93902439;11.82926829;402.0;354976.0;142.0;99214.0;170.0;119280.0;83.52941;83.1774;0.149567588;83.34801005;79.77621463;86.7617657;83.2208017;82.23459358;1.0;HH
66;6632;Risaralda;Quinchía;66594;2011;28107;3.403659824;;74.33735368;94;1800.0;163;1;0;0;0;0;79.85468504;39.21104942;80.99848883;612164.3333;78.9376312;22187.0;45.44772472;43.32176966;218.6769663;180.8843748;55.91225698;17.69204996;107.2800678;0.64355632;30.91049575;9.780861382;59.30864287;30.58801079;197.1386414;62.10904694;17.63875159;36.5626324;17.78703573;16.9881678;38.2215848;18.24309788;537.0;33087.0;182.0;10736.0;202.0;11981.0;90.0990099;89.60854687;0.064933969;89.52762842;86.92761768;91.7794773;68.0359199;89.91631876;0.0;
66;6632;Risaralda;Quinchía;66594;2016;27229;4.146008545;0.10283154;73.78162988;99;1800.0;163;1;0;0;0;0;79.5527047;39.03886392;74.88677536;819871.3333;80.46200742;21909.0;49.2481203;45.97744361;241.3934837;231.258341;54.61717465;19.43037894;157.2107874;0.849308976;23.61738582;8.402022973;67.9805912;30.58801079;197.1386414;62.10904694;16.66302209;37.50273344;20.84700051;16.35825315;39.05995559;21.19170984;442.0;403836.0;182.0;13632.0;212.0;15564.0;85.84906;87.58674;0.124149001;87.45742648;84.43444792;90.0900962;67.665445;86.93744316;0.0;
66;6632;Risaralda;Quinchía;66594;2021;27755;4.51540263;0.108088633;71.38173302;104;1800.0;163;1;0;0;0;0;77.26805888;39.02430674;78.79183952;953576.125;75.33777698;20910.0;49.33235168;46.88529587;233.3911743;351.7791495;122.0608279;19.77496088;209.9433607;1.267444242;34.69814173;5.621413579;59.68044469;30.58801079;197.1386414;62.10904694;15.42165262;37.1167599;22.72180132;14.94278169;38.24823944;23.35680751;377.0;403778.0;122.0;73871.0;143.0;95087.0;85.31468;77.68781;0.248734187;78.02804867;73.76848912;81.7873496;77.9089598;79.43080821;0.0;
66;6691;Risaralda;Santa Rosa de Cabal;66682;2011;77184;8.367235006;;21.02508292;167;1701.0;630;1;0;0;0;0;26.11060876;47.26395006;67.37575012;533883.3333;40.85043532;31530.0;47.69756364;46.61579394;224.7369697;539.7085956;97.47851131;107.2943261;334.9357582;0.699249321;18.06132274;19.88004767;62.05862959;18.48346329;162.3141327;18.48346329;17.46619069;39.79727441;18.8941293;16.72378695;41.21421393;19.58409565;1412.0;173618.0;435.0;59299.0;614.0;75947.0;70.84690554;78.07945014;0.033433514;77.95871736;75.82644159;80.1363257;59.2442036;70.87128718;2.0;LL
66;6691;Risaralda;Santa Rosa de Cabal;66682;2016;77296;12.40534223;0.48644173;18.34635686;172;1701.0;630;1;0;0;0;0;23.33934605;47.86119224;62.74372601;685696.25;43.30237011;33471.0;54.41301461;53.40903054;270.1301461;797.2636907;136.3242867;138.0236637;522.9157403;1.031442365;17.0990211;17.31217229;65.58880661;18.48346329;162.3141327;18.48346329;16.95101528;40.20828972;21.56949969;16.35875128;41.28198567;22.73029683;1386.0;2165702.0;389.0;20355.0;600.0;31428.0;64.83334;64.76709;0.057165656;64.77360237;62.42732545;67.4444563;50.1150652;64.2476631;2.0;LL
66;6691;Risaralda;Santa Rosa de Cabal;66682;2021;79508;11.07414767;0.603712834;15.75690497;177;1701.0;630;1;0;0;0;0;20.54306051;48.53273764;62.5138858;905965.75;44.74392514;35575.0;53.9903183;51.26832581;254.3125916;1045.381929;199.5544608;131.2894366;714.5380318;1.314813515;19.0891439;12.55899235;68.35186374;18.48346329;162.3141327;18.48346329;15.76127362;40.76447817;23.68549235;14.73296956;41.21379719;26.05367769;1126.0;2309278.0;302.0;206581.0;468.0;298834.0;64.52991;69.12901;0.058637396;68.9910184;66.49805004;71.4376171;68.8857221;67.38720338;2.0;LL
66;6632;Risaralda;Santuario;66687;2011;13662;6.089274386;;51.80061484;105;1600.0;226;1;0;0;0;0;58.27804584;40.92279855;69.97366111;533883.3333;70.26057678;9599.0;45.09150327;44.39869281;219.1633987;148.9525762;65.75076768;13.13382084;70.06798772;1.090269186;44.14208155;8.817451282;47.04046716;15.43826389;207.6415405;39.02190399;16.55220743;39.50946041;20.05606167;16.59261529;40.98360656;17.92554006;;;;;;;;;;85.1394778;83.5576824;86.8413362;64.7011743;85.05356927;0.0;
66;6632;Risaralda;Santuario;66687;2016;12845;6.9462826;0.054495913;50.89918256;110;1600.0;226;1;0;0;0;0;57.78600062;41.63583102;67.39713253;685696.25;69.63799144;8945.0;52.34782609;50.4;261.6086957;186.9595778;75.1372968;16.03384292;95.78843812;1.455504693;40.18905994;8.57610137;51.23483869;15.43826389;207.6415405;39.02190399;16.01342077;37.48665548;25.04193991;16.06234097;40.07633588;22.9802799;;;;;;;;;;81.18630832;79.43219254;82.8951368;62.8135071;82.78609392;0.0;
66;6632;Risaralda;Santuario;66687;2021;12785;6.703167775;0.289401643;47.49315604;115;1600.0;226;1;0;0;0;0;54.01954603;42.10277427;71.09084363;908526.0;67.54008604;8635.0;51.01538467;48.17692184;243.4692383;243.3868917;107.7440463;14.71860775;120.9242377;1.903690979;44.26863153;6.047411857;49.68395661;15.43826389;207.6415405;39.02190399;14.69868461;36.9531967;27.31722239;14.51896911;39.29886345;25.48423243;;;;;;;;;;78.11259793;76.05590725;80.1289739;77.99338;76.21112797;0.0;
68;6879;Santander;Bucaramanga;68001;2011;528984;46.7585346;;1.973405623;388;960.0;154;1;0;0;0;0;2.622663618;52.85667156;62.20744819;533883.3333;30.41585379;160895.0;49.88291403;50.96049025;238.7600934;7934.987848;18.96964773;2062.914201;5853.103999;1.500043073;0.239063349;25.99769831;73.76323834;0.0;327.4837036;0.0;19.43737575;41.54274354;14.7749503;17.84895706;43.28790128;17.83310029;12523.0;508974.0;4025.0;160061.0;6450.0;264863.0;62.40310078;60.43161937;0.004210419;60.39326332;59.61308168;61.2507607;45.8954548;60.8031363;0.0;
68;6879;Santander;Bucaramanga;68001;2016;562123;58.7189251;6.651213347;1.828781245;393;960.0;154;1;0;0;0;0;2.438833902;52.72875413;59.61313969;685696.25;26.83451842;150843.0;57.59414475;57.89121712;287.0792094;12642.7325;23.83989909;3193.45998;9425.432626;2.249104289;0.188566033;25.25925451;74.55217946;0.0;327.4837036;0.0;18.60903169;42.22686485;16.81024334;16.70423759;43.13843981;20.73745391;11356.0;6062843.0;3176.0;141192.0;5974.0;265221.0;53.16371;53.2356;0.004602658;53.17649784;52.27071813;54.0750654;41.1424339;52.43568903;0.0;
68;6879;Santander;Bucaramanga;68001;2021;604462;53.8023482;8.185626226;1.641955987;398;960.0;154;1;0;0;0;0;2.190704501;52.69455304;57.00356741;906148.8333;33.85010141;204611.0;57.75117874;56.21021271;275.6330872;16421.86077;50.81817353;3036.945053;13334.09754;2.716773059;0.309454417;18.49330655;81.19723903;0.0;327.4837036;0.0;17.24444908;43.42739902;19.23565107;15.27720363;43.01776287;24.17441629;11083.0;6386740.0;2848.0;1910466.0;5304.0;3601992.0;53.69532;53.03915;0.00515881;52.99265547;52.04479539;54.0225472;52.9117764;52.97116008;0.0;
68;6898;Santander;Aguada;68013;2011;1942;27.7248541;;84.96395469;236;1650.0;41;1;0;0;0;0;88.27250608;36.49635036;81.42741281;533916.6667;77.60041195;1507.0;47.28;48.48;232.16;11.04616257;0.750665092;1.693905564;8.601591912;0.568803428;6.795709259;15.33478756;77.86950318;41.05423355;212.7089844;115.0538101;15.93780369;39.55296404;17.49271137;15.2245345;37.45892662;20.26286966;;;;;;;;;;80.26732938;78.24552748;81.9233469;60.9986178;80.84987226;0.0;
68;6898;Santander;Aguada;68013;2016;1845;47.87714544;0.379403794;83.63143631;241;1650.0;41;1;0;0;0;0;87.82894737;36.70112782;68.86326194;685700.0;68.7804878;1269.0;53.57575758;51.96969697;266.1818182;15.87948532;2.285965453;2.320191932;11.27332794;0.860676711;14.39571502;14.61125399;70.993031;41.05423355;212.7089844;115.0538101;15.52990556;41.97271773;22.35047219;14.79820628;37.44394619;28.92376682;;;;;;;;;;72.46808491;70.21293147;74.7200413;56.0682541;67.84534106;0.0;
68;6898;Santander;Aguada;68013;2021;1898;50.87811732;0.105374078;81.24341412;246;1650.0;41;1;0;0;0;0;85.96650068;36.57763694;67.6565008;905965.75;62.4341412;1185.0;57.2142868;58.0;277.6428528;18.9525203;3.871828933;1.181895346;13.89879602;0.998552176;20.42909793;6.236085371;73.3348167;41.05423355;212.7089844;115.0538101;14.47502548;41.69215087;25.382263;14.28571429;36.96837514;31.62486369;;;;;;;;;;59.06763936;56.53850667;61.6840007;58.9774885;69.22307718;0.0;
68;6898;Santander;Albania;68020;2011;4458;2.36279348;;88.44773441;92;1640.0;156;1;0;0;0;0;91.62210339;36.26460685;88.43283582;1217341.125;57.33512786;2556.0;42.26829268;44.29268293;211.1707317;81.2108361;6.450732638;10.81114093;63.94896253;1.821687665;7.943192002;13.31243643;78.74437157;20.68912697;156.7197113;156.7197113;15.02388189;35.08467217;25.79244464;13.5962877;35.35962877;27.61020882;25.0;2056.0;9.0;782.0;9.0;782.0;100.0;100.0;;86.74959457;85.16219614;88.2701414;65.9247717;85.61320191;0.0;
68;6898;Santander;Albania;68020;2016;4253;3.125244925;0.094051258;86.3625676;97;1640.0;156;1;0;0;0;0;90.30402629;35.90797042;83.7182448;1046898.0;55.58429344;2364.0;51.52083333;46.75;245.9375;147.2757675;25.49628325;21.22325591;100.5562284;3.4628678;17.31193372;14.41055529;68.27751099;20.68912697;156.7197113;156.7197113;13.52440663;36.49798477;28.07881773;12.62376238;34.9009901;31.13861386;21.0;21561.0;10.0;1038.0;12.0;1209.0;83.33334;85.85608;1.103508938;81.53180792;70.50709252;91.0179897;63.0808187;75.59818498;0.0;
68;6898;Santander;Albania;68020;2021;4209;4.494337531;0.237586125;84.31931575;102;1640.0;156;1;0;0;0;0;88.83435583;36.23721881;83.66705929;934790.4167;57.13946306;2405.0;49.59999847;50.30908966;239.5272675;180.3570276;54.47193983;10.70594176;115.179146;4.285032731;30.20228296;5.935971501;63.86174554;20.68912697;156.7197113;156.7197113;12.2085048;36.53406493;31.13854595;11.07814045;34.52027695;34.86646884;22.0;50836.0;5.0;39938.0;6.0;49340.0;83.33334;80.94447;1.887156628;79.5935122;67.45495166;88.5544871;79.4720341;78.6991788;0.0;
68;6837;Santander;Aratoca;68051;2011;7973;3.847359839;;73.92449517;261;1764.0;170;1;0;0;0;0;80.13140285;38.4474997;81.27709894;557688.25;81.9515866;6534.0;44.04255319;44.04964539;211.0638298;213.7145;33.4072256;88.42082787;91.88644651;2.680477862;15.63170754;41.37334054;42.99495192;22.13594437;290.4474792;46.88219452;17.40082745;38.11146264;16.52470187;17.21014493;39.33747412;16.35610766;296.0;39861.0;190.0;23583.0;202.0;25709.0;94.05940594;91.73052239;0.064481661;91.17208231;87.94491682;93.99344;69.2856115;90.88967816;0.0;
68;6837;Santander;Aratoca;68051;2016;8042;5.334493907;0.248694355;71.43745337;266;1764.0;170;1;0;0;0;0;77.22807018;38.28070175;69.89690722;760781.3333;71.61153942;5759.0;48.06;46.28666667;237.88;194.3010594;33.74262047;37.37501853;123.1834204;2.416078829;17.36615362;19.23562262;63.39822375;22.13594437;290.4474792;46.88219452;17.43452958;40.37342386;19.05916586;16.66666667;40.45431343;18.75957121;265.0;475894.0;156.0;21364.0;176.0;24718.0;88.63636;86.43094;0.146361452;85.90854452;81.8277191;89.3973829;66.4670815;84.66232788;0.0;
68;6837;Santander;Aratoca;68051;2021;8480;5.297759434;0.117924528;69.41037736;271;1764.0;170;1;0;0;0;0;75.66410538;38.47420417;68.1092586;905965.75;66.94575472;5677.0;53.08620834;51.30172348;249.3275909;293.8162703;56.2410162;33.93738274;203.6378714;3.464814508;19.1415595;11.55054576;69.30789475;22.13594437;290.4474792;46.88219452;16.16932686;41.12884571;21.16585704;15.39571807;40.79865287;21.04883329;269.0;480773.0;145.0;99338.0;161.0;117632.0;90.06211;84.44811;0.131188298;84.03599897;79.5392758;87.8875825;83.9077406;82.69443263;0.0;
68;6898;Santander;Barbosa;68077;2011;27933;12.67348059;;25.20674471;75;1579.0;57;1;0;0;0;0;32.88579748;47.79602071;75.91280953;533883.3333;52.84430602;14761.0;45.882494;47.1822542;222.441247;255.170705;18.64996298;45.99368111;190.5270609;0.913509845;7.30881822;18.02467141;74.66651037;45.38821411;183.8520813;143.7077637;17.28349371;38.27535159;15.98815692;17.02835748;41.53088816;17.21555848;349.0;62864.0;132.0;23852.0;161.0;27749.0;81.98757764;85.95625068;0.067776116;85.21919252;81.26055152;88.6523684;64.7617529;73.02170659;0.0;
68;6898;Santander;Barbosa;68077;2016;29784;14.70084609;1.071044856;24.97313994;80;1579.0;57;1;0;0;0;0;32.44022322;47.57382017;69.03484583;685696.25;47.10247113;14029.0;53.19621343;52.62822719;262.4561102;428.8073331;36.40997519;64.44978963;327.9475683;1.439723788;8.490987066;15.03001107;76.47900186;45.38821411;183.8520813;143.7077637;17.74729842;38.88196176;17.89276808;16.65363565;41.99244201;19.67683086;383.0;663260.0;142.0;21672.0;191.0;28765.0;74.34555;75.34156;0.119088893;74.34800662;70.39191144;78.5888025;57.5227417;66.69346017;0.0;
68;6898;Santander;Barbosa;68077;2021;32328;12.68972202;1.945681762;24.34112843;85;1579.0;57;1;0;0;0;0;31.8722415;47.4781847;67.53342554;905965.75;51.26206385;16572.0;54.12366867;52.63965988;256.5415649;486.1752913;46.00304185;31.48791642;408.684333;1.503882985;9.462233617;6.476659136;84.06110725;45.38821411;183.8520813;143.7077637;16.48379689;39.67848941;19.88389895;15.40355513;42.04299784;22.02137881;354.0;714520.0;106.0;163147.0;136.0;203784.0;77.94118;80.05878;0.098864641;79.15558109;75.07187175;83.1103615;79.0347713;70.79989595;0.0;
68;6837;Santander;Barichara;68079;2011;9725;5.581833762;;70.09768638;212;1284.0;134;1;0;0;0;0;76.1565489;40.88424751;78.91332471;533883.3333;47.00257069;4571.0;47.42553191;49.38297872;229.7978723;101.4822928;27.83230183;26.6851453;46.9648457;1.043519721;27.42577159;26.2953709;46.27885752;13.03571987;270.6934814;57.68336105;15.35069299;39.05921882;19.34061319;15.69615152;38.58553294;22.38565384;198.0;24929.0;97.0;12391.0;117.0;14398.0;82.90598291;86.06056397;0.100260531;84.95048939;80.4484912;89.1865005;64.5575538;80.02261672;0.0;
68;6837;Santander;Barichara;68079;2016;10061;7.722890369;0.228605506;70.26140543;217;1284.0;134;1;0;0;0;0;76.39286704;40.27533955;76.9254902;685696.25;41.21856674;4147.0;55.58730159;55.31746032;275.3571429;121.8738541;18.5887174;19.54328636;83.74185032;1.21134931;15.25242435;16.03566779;68.71190786;13.03571987;270.6934814;57.68336105;14.89795918;38.16326531;23.67346939;14.24142608;37.95776012;25.38267778;227.0;357338.0;91.0;10900.0;127.0;14566.0;71.65354;74.8318;0.149159972;73.99608203;69.3581345;79.144132;57.2504591;71.39670093;0.0;
68;6837;Santander;Barichara;68079;2021;10873;9.633189246;0.450657592;69.32769245;222;1284.0;134;1;0;0;0;0;75.71898457;40.10289281;75.12315271;905965.75;41.06502345;4465.0;54.84210587;55.82894897;267.578949;160.0569372;36.84552619;12.60304994;110.6083611;1.472058652;23.02026194;7.874104155;69.10563391;13.03571987;270.6934814;57.68336105;13.62695276;38.71635611;26.21870883;12.91366906;37.6618705;28.63309353;218.0;389990.0;84.0;377406.0;116.0;533795.0;72.4138;70.70242;0.143053196;70.33844153;64.331414;75.7125423;70.2310888;69.03318737;0.0;
68;6848;Santander;Barrancabermeja;68081;2011;191231;22.58437875;;12.47391898;89;81.0;1274;1;0;0;0;0;16.19240296;49.67006372;71.24801663;914020.0417;42.23582996;80768.0;46.2354023;46.94115709;222.1747126;9049.495419;2123.985647;5369.646075;1555.863697;4.732232441;23.47076327;59.33641409;17.19282264;0.0;289.286438;80.69659424;18.90504613;39.93613305;13.18488196;17.37580685;42.80987009;14.54367187;1313.0;298628.0;386.0;87705.0;602.0;138306.0;64.11960133;63.41373476;0.04669214;63.26411658;60.51731124;66.108611;48.0771404;64.30506572;0.0;
68;6848;Santander;Barrancabermeja;68081;2016;198513;23.14529359;2.560537597;12.76742581;94;81.0;1274;1;0;0;0;0;16.39802135;49.68751885;70.27205921;735372.6667;44.83686207;89007.0;54.49342891;52.94344883;266.8458781;11139.99384;1249.375624;7351.055961;2539.562252;5.611720057;11.21522725;65.98797152;22.79680123;0.0;289.286438;80.69659424;18.11080723;40.1396486;14.5812614;16.63676031;42.05128205;16.83090651;1467.0;3906493.0;463.0;58958.0;763.0;101796.0;60.68152;57.9178;0.040501947;57.71587608;55.08994283;60.0514249;44.6545319;58.77195421;0.0;
68;6848;Santander;Barrancabermeja;68081;2021;210805;21.97587818;6.85182989;12.63537392;99;81.0;1274;1;0;0;0;0;16.38828262;49.48129113;68.2968435;1103294.333;47.69289153;100539.0;54.30864334;51.90341187;255.4480743;15009.74574;2279.51361;9193.655024;3536.577111;7.120203859;15.18689023;61.25123757;23.56187221;0.0;289.286438;80.69659424;16.76099005;41.23474348;16.33823945;15.37856931;42.33429501;18.91829413;1332.0;4282018.0;323.0;1004893.0;548.0;1670406.0;58.9416;60.15861;0.056419539;59.98074707;57.31842417;62.1662549;59.8892026;60.17192846;0.0;
68;6848;Santander;Betulia;68092;2011;5862;4.856135562;;79.73387922;137;1620.0;441;1;0;0;0;0;83.23630137;37.41438356;86.32268632;609500.0;52.01296486;3049.0;44.11764706;43.94117647;215.7941176;63.66944933;30.44277819;8.52043408;24.70623706;1.086138678;47.81379219;13.38229586;38.80391195;33.67565918;302.1329041;33.67565918;16.32191338;38.00904977;16.28959276;16.90751445;38.69219653;14.16184971;56.0;14414.0;28.0;6040.0;30.0;6853.0;93.33333333;88.13658252;0.630264496;85.85242998;77.5883842;93.0466531;65.2429775;89.82320215;4.0;HL
68;6848;Santander;Betulia;68092;2016;5868;4.374005908;0.102249489;78.34014997;142;1620.0;441;1;0;0;0;0;81.97518444;36.9047619;81.90604027;1090797.5;48.21063395;2829.0;52.53968254;51.88888889;258.1746032;168.396271;37.08461737;90.06709264;41.24456103;2.86973877;22.02223193;53.4852061;24.49256196;33.67565918;302.1329041;33.67565918;16.352;38.464;17.696;16.15020051;39.11775428;16.40539555;40.0;72823.0;20.0;2506.0;22.0;2690.0;90.90909;93.15985;1.474093646;83.64930548;74.61514785;91.71028;64.7191177;86.09429105;4.0;HL
68;6848;Santander;Betulia;68092;2021;6110;5.028641571;1.423895254;76.53027823;147;1620.0;441;1;0;0;0;0;80.56436271;37.06404566;78.43638222;1127162.833;48.64157119;2972.0;51.5;49.71875;238.96875;231.1022636;41.07263431;127.1732039;62.85642541;3.782361107;17.7724933;55.02897371;27.19853299;33.67565918;302.1329041;33.67565918;15.1187905;39.55569269;19.83955569;14.98780063;39.63053329;18.96131056;66.0;179735.0;34.0;221350.0;37.0;238166.0;91.89189;92.93938;0.169803086;87.44191742;78.97575531;93.3410825;87.3084608;85.90731817;4.0;HL
68;6898;Santander;Bolívar;68101;2011;13478;2.263565316;;88.75945986;167;2130.0;1491;1;0;0;0;0;91.61999585;36.76968817;86.66906647;1092508.208;65.83320968;8873.0;42.36923077;44.0;211.7846154;75.32023702;13.10532784;11.66863075;50.54627843;0.558838381;17.3994777;15.49202606;67.10849624;63.10457611;188.2631836;159.4817352;17.14490674;36.77187948;18.1061693;16.21081746;36.21696374;19.88322065;247.0;38782.0;88.0;13133.0;92.0;14154.0;95.65217391;92.78649145;0.120125315;92.30618713;88.80085704;95.1860602;70.1474669;92.84479657;0.0;
68;6898;Santander;Bolívar;68101;2016;11769;3.443368171;0.339875945;87.47557142;172;2130.0;1491;1;0;0;0;0;90.86140044;36.92693682;81.32448537;1076103.417;64.10910018;7545.0;50.27692308;48.54615385;246.4;137.2352792;43.59505402;19.99031369;73.64991152;1.166074256;31.76665233;14.5664539;53.66689377;63.10457611;188.2631836;159.4817352;15.54232804;38.06216931;21.37896825;15.55672085;36.33980073;24.12165705;151.0;495121.0;50.0;9639.0;64.0;11672.0;78.125;82.58224;0.483993627;82.39267596;76.77015162;87.243286;63.7468687;84.66910867;0.0;
68;6898;Santander;Bolívar;68101;2021;11604;4.112087786;0.577387108;84.91037573;177;2130.0;1491;1;0;0;0;0;88.99375856;37.24311158;79.59604287;1593363.667;58.73836608;6816.0;49.03759384;48.5263176;234.6917267;165.0543974;67.76515577;10.20493554;87.08430609;1.422392256;41.0562559;6.182771072;52.76097303;63.10457611;188.2631836;159.4817352;14.14295393;38.61788618;24.01761518;14.05263158;36.28070175;27.50877193;123.0;501013.0;33.0;45602.0;39.0;54989.0;84.61539;82.92931;0.928117801;82.12173393;75.903351;87.806422;81.9963972;86.04368779;0.0;
68;6837;Santander;Cabrera;68121;2011;2063;4.774600097;;80.95007271;142;1020.0;68;1;0;0;0;0;86.97368421;37.14912281;74.56993269;539040.0;74.30925836;1533.0;41.45;45.13111111;213.3703704;11.44349762;0.880338877;1.933472521;8.629686219;0.554701775;7.692917906;16.89581792;75.41126417;13.20340824;263.3148804;65.0369873;13.74045802;41.88931298;20.13358779;14.28571429;38.32512315;23.44827586;;;;;;;;;;87.36159888;85.75933333;88.7097846;66.3898603;90.24885511;0.0;
68;6837;Santander;Cabrera;68121;2016;1903;6.375897705;0.262743037;80.08407777;147;1020.0;68;1;0;0;0;0;85.29135338;37.64097744;78.69127517;685696.25;74.09353652;1410.0;57.12;55.72;281.36;20.12793784;4.37190645;2.970350026;12.78568136;1.057695105;21.72058799;14.75734897;63.52206304;13.20340824;263.3148804;65.0369873;13.44537815;39.60084034;24.57983193;12.93375394;37.74973712;25.97266036;;;;;;;;;;83.70419516;81.9519231;85.2834271;64.7615856;79.27802663;0.0;
68;6837;Santander;Cabrera;68121;2021;1976;6.747638327;0.657894737;78.28947368;152;1020.0;68;1;0;0;0;0;83.9715049;37.88958148;77.05977383;963556.125;64.57489879;1276.0;55.05263138;53.36841965;261.5526428;27.97148842;8.067940785;1.746739886;18.15680775;1.415561155;28.84344467;6.244715548;64.91183978;13.20340824;263.3148804;65.0369873;12.06543967;39.57055215;27.91411043;12.2244489;37.5751503;28.45691383;;;;;;;;;;78.80373188;76.83504839;80.672742;78.6834591;79.8600826;0.0;
68;6879;Santander;California;68132;2011;1991;36.14599029;;57.30788548;106;2000.0;45;1;0;0;0;0;65.90555267;40.01037883;74.3335872;738698.4583;32.14465093;640.0;41.96969697;42.39393939;208.4545455;13.5504107;3.554176559;1.324352292;8.671881849;0.680583159;26.2292903;9.773521415;63.99718829;24.94654274;355.8326416;30.4829464;17.5146771;42.56360078;12.42661448;17.54385965;39.42208462;15.27347781;;;;;;;;;;60.35016149;57.95697553;62.7993697;45.8626998;70.10575935;0.0;
68;6879;Santander;California;68132;2016;2074;16.44567663;2.603664417;56.60559306;111;2000.0;45;1;0;0;0;0;64.53755749;40.47010731;77.95100223;887982.0833;33.02796528;685.0;56.38888889;57.11111111;283.9444444;16.97696229;1.057404927;2.435416945;13.48414041;0.818561345;6.228469555;14.34542237;79.42610808;24.94654274;355.8326416;30.4829464;13.67041199;44.00749064;13.48314607;16.10337972;42.54473161;13.71769384;;;;;;;;;;61.58210873;59.33035336;63.8112042;47.6458199;56.79002393;0.0;
68;6879;Santander;California;68132;2021;2207;9.685092886;1.314000906;54.82555505;116;2000.0;45;1;0;0;0;0;63.09297913;40.74952562;75.29493407;1021108.125;39.14816493;864.0;55.34999847;56.65000153;271.3999939;22.4810712;1.075798271;1.33151121;20.07376172;1.018625791;4.785351471;5.922810343;89.29183819;24.94654274;355.8326416;30.4829464;12.31178034;45.96988485;14.7918512;14.56400742;43.04267161;16.32653061;;;;;;;;;;67.14755388;64.92277761;69.625525;67.0450712;60.75659017;0.0;
68;6834;Santander;Capitanejo;68147;2011;5967;2.90765879;;44.02547344;207;1100.0;81;1;0;0;0;0;52.5512888;43.1877959;84.699156;932136.5833;83.22440087;4966.0;42.50793651;47.08730159;214.0793651;42.35047294;5.432880612;6.788228296;30.12936403;0.709744812;12.82838239;16.02869537;71.14292224;48.7624855;287.4285278;84.6472702;15.9144099;34.97158141;23.60414577;15.08736559;36.65994624;24.02553763;;;;;;;;;;88.5060512;87.09469954;89.8826549;67.2595791;87.82899179;0.0;
68;6834;Santander;Capitanejo;68147;2016;5662;5.010008242;0.070646415;39.22642176;212;1100.0;81;1;0;0;0;0;47.46974697;43.87605427;80.92272856;696365.4167;78.66478276;4454.0;50.56470588;49.45882353;253.9176471;58.98081245;9.05808375;8.669374782;41.25335391;1.041695734;15.35767884;14.69863575;69.94368542;48.7624855;287.4285278;84.6472702;15.71929825;35.78947368;24.38596491;14.50924609;37.37553343;27.7027027;;;;;;;;;;82.65051573;80.84027572;84.4480808;63.9463583;81.04115496;1.0;HH
68;6834;Santander;Capitanejo;68147;2021;5598;5.656782184;0.696677385;35.08395856;217;1100.0;81;1;0;0;0;0;43.22018178;44.38879614;81.37113104;908526.0;70.43586995;3943.0;52.31428528;52.7857132;252.8999939;95.13840044;35.75574761;5.919534952;53.46311788;1.699506975;37.58287657;6.222024887;56.19509854;48.7624855;287.4285278;84.6472702;14.20454545;36.07954545;27.23721591;13.15600288;36.44859813;31.34435658;;;;;;;;;;78.16380843;76.22113539;79.9059806;78.0445124;77.59844203;0.0;
68;6834;Santander;Carcasí;68152;2011;4767;2.422907489;;80.28109922;239;2080.0;248;1;0;0;0;0;84.70564435;37.4468946;88.19326301;1246643.5;95.55275855;4555.0;38.6;41.35;198.8666667;67.53660398;39.59624828;8.737834934;19.20252076;1.416752758;58.62931499;12.93792465;28.43276036;58.18470764;305.4818115;78.4950943;16.76022454;36.12670409;18.20368885;16.4100308;36.77958645;19.84161901;;;;;;;;;;92.14413122;90.96081453;93.310134;70.0243136;91.90694845;0.0;
68;6834;Santander;Carcasí;68152;2016;4386;3.925368597;0.045599635;83.6753306;244;2080.0;248;1;0;0;0;0;88.01714898;36.22722401;83.70316479;805800.0833;92.11126311;4040.0;45.74193548;43.61290323;225.1290323;47.10710235;15.82989617;6.777040877;24.5001653;1.074033341;33.60405413;14.38645244;52.00949343;58.18470764;305.4818115;78.4950943;16.63103891;38.05044891;18.51218469;15.19296532;39.37469468;19.44308745;;;;;;;;;;89.66964029;88.1708767;91.0706113;69.3770256;87.19645072;1.0;HH
68;6834;Santander;Carcasí;68152;2021;4350;3.674329502;0.091954023;84.7816092;249;2080.0;248;1;0;0;0;0;88.89830508;35.63559322;82.09831255;1731726.333;86.8045977;3776.0;51.66666794;51.87719345;245.8596497;50.95605603;14.41336338;3.016144002;33.52654864;1.171403587;28.28586925;5.919108027;65.79502272;58.18470764;305.4818115;78.4950943;15.14762516;38.81044074;21.22379119;13.85991058;38.9965226;22.55340288;;;;;;;;;;88.19025423;86.34879796;89.6993823;88.0556555;88.4672648;0.0;
68;6834;Santander;Cepitá;68160;2011;2094;2.435530086;;77.0773639;43;670.0;112;1;0;0;0;0;81.51922186;37.33209819;83.04314913;1246643.5;78.89207259;1652.0;35.79069767;35.3255814;187.3255814;12.86812783;0.918623526;1.654016497;10.29548781;0.614523774;7.138750389;12.85359081;80.0076588;28.68030739;294.9552917;49.80541992;18.29826167;38.15187557;15.91948765;17.78221778;37.76223776;15.38461538;34.0;3586.0;18.0;1851.0;19.0;1988.0;94.73684211;93.10865191;0.461757276;91.20133818;82.52346954;97.3010445;69.3078443;93.02610911;0.0;
68;6834;Santander;Cepitá;68160;2016;1986;3.570829137;0.151057402;74.87411883;48;670.0;112;1;0;0;0;0;79.87747408;38.26578699;73.47254447;1143319.583;72.25579053;1435.0;44.92105263;44.02631579;223.2368421;15.412081;3.232418188;2.214482485;9.96518033;0.776036304;20.97327537;14.3684846;64.65824004;28.68030739;294.9552917;49.80541992;17.30959446;40.75173096;18.29871414;15.58974359;39.79487179;19.17948718;34.0;47983.0;17.0;2889.0;22.0;3710.0;77.27273;77.87062;0.824992079;80.9837212;71.22464356;88.9082929;62.6567663;80.5839722;0.0;
68;6834;Santander;Cepitá;68160;2021;2056;4.38959144;0.145914397;71.692607;53;670.0;112;1;0;0;0;0;77.35426009;38.47533632;71.79104478;1248044.833;69.30933852;1425.0;54.65000153;53.34999847;259.6000061;26.31167765;10.18333409;1.550736392;14.57760717;1.279750858;38.7027168;5.893719181;55.40356402;28.68030739;294.9552917;49.80541992;15.67307692;41.73076923;20.57692308;14.07480315;40.45275591;22.24409449;39.0;60664.0;21.0;56091.0;25.0;66205.0;84.0;84.72321;0.410275999;83.36449472;74.84207435;92.316107;83.2372612;84.56172308;0.0;
68;6834;Santander;Cerrito;68162;2011;6572;2.680564009;;54.09312234;236;2496.0;416;1;0;0;0;0;61.28417038;40.54354736;77.74634606;644800.875;86.10772976;5659.0;43.8961039;44.24675325;216.3766234;90.90413436;47.71254206;12.42417857;30.76741372;1.383203505;52.48665795;13.6673416;33.84600045;49.12351608;330.4499817;59.24677277;18.20324006;39.70544919;15.25773196;16.36764243;39.47119924;17.06011961;;;;;;;;;;89.59832368;88.23760032;90.9938164;68.0896442;89.21291048;0.0;
68;6834;Santander;Cerrito;68162;2016;6596;4.027693552;0.060642814;51.53123105;241;2496.0;416;1;0;0;0;0;58.07017544;40.20733652;74.73268247;685726.25;85.71861734;5654.0;50.87912088;50.3956044;252.5384615;76.27263927;26.56414464;11.06640189;38.64209274;1.156346866;34.82788179;14.50900611;50.66311211;49.12351608;330.4499817;59.24677277;17.49136939;41.6858458;15.82278481;15.92948718;40.03205128;17.72435897;;;;;;;;;;87.45845026;85.72496912;88.8499308;67.6662371;84.34406565;1.0;HH
68;6834;Santander;Cerrito;68162;2021;6931;4.73356418;0.17313519;48.54999279;246;2496.0;416;1;0;0;0;0;55.2484519;40.61320042;72.55506608;909007.1667;82.84518828;5742.0;53.98684311;54.36841965;257.8157959;75.3463075;16.59521058;4.616688325;54.13440859;1.087091437;22.02524733;6.127292071;71.8474606;49.12351608;330.4499817;59.24677277;16.06701456;42.84537215;17.6874485;14.83282675;40.21276596;20.12158055;;;;;;;;;;84.90948318;83.05518149;86.5627124;84.7798917;81.3604509;1.0;HH
68;6837;Santander;Charalá;68167;2011;13032;5.263965623;;47.76703499;134;1285.0;411;1;0;0;0;0;55.71554276;43.31653468;80.33543996;533883.3333;61.54849601;8021.0;49.53881279;50.21004566;238.2100457;88.70605579;10.28968314;18.5003107;59.91606195;0.680678758;11.59975275;20.85574714;67.54450011;31.88636017;230.4064026;106.4248581;15.67026194;37.99691834;20.30816641;14.56741058;38.44390095;22.54662183;295.0;40090.0;143.0;19002.0;152.0;20071.0;94.07894737;94.67390763;0.030846361;93.87719549;91.18751322;96.0981569;71.3413441;89.95622582;0.0;
68;6837;Santander;Charalá;68167;2016;12330;6.007028927;0.478507705;43.42254663;139;1285.0;411;1;0;0;0;0;52.08562484;43.49775785;77.69701607;685696.25;58.02108678;7154.0;54.75257732;56.16494845;275.257732;129.5722162;23.13622243;19.6673601;86.76863365;1.050869555;17.85585144;15.1786862;66.96546235;31.88636017;230.4064026;106.4248581;15.27053455;38.07040417;22.03389831;14.02970617;38.19825638;24.86277042;383.0;494459.0;169.0;18199.0;205.0;22205.0;82.43903;81.95901;0.10359562;81.35650894;77.81552209;85.2323684;62.9451906;78.78337752;0.0;
68;6837;Santander;Charalá;68167;2021;12496;7.239650021;0.232074264;38.8684379;144;1285.0;411;1;0;0;0;0;47.69692924;44.38417891;76.04271357;905965.75;59.58706786;7446.0;55.74359131;56.46154022;269.1602478;169.6500958;35.94853819;11.66749473;122.0340629;1.357635209;21.18981308;6.877387644;71.93279927;31.88636017;230.4064026;106.4248581;14.03992858;38.63009252;24.15192339;12.88082084;38.34254144;27.40331492;327.0;553262.0;143.0;341239.0;169.0;416321.0;84.61539;81.96535;0.095948338;81.36121615;77.23080936;85.2386027;81.2370401;80.00346902;0.0;
68;6879;Santander;Charta;68169;2011;3019;2.47322513;;79.36402782;84;2000.0;125;1;0;0;0;0;84.08037094;37.46522411;79.68503937;1087170.5;73.89864193;2231.0;42.01809524;50.34238095;224.5238095;19.20344539;4.635978917;2.892974701;11.67449177;0.6360863;24.14139141;15.06487321;60.79373537;15.06286812;341.4082031;15.06286812;16.02316602;39.51093951;20.14157014;14.47098976;37.1331058;22.73037543;;;;;;;;;;87.40078977;86.01231182;88.8508254;66.4196431;90.36866173;4.0;HL
68;6879;Santander;Charta;68169;2016;2868;2.684797768;0.10460251;76.15062762;89;2000.0;125;1;0;0;0;0;82.21153846;36.92307692;75.43763676;1172409.542;62.9707113;1806.0;55.51851852;54.37037037;274.5555556;31.13975606;9.556052319;4.533223397;17.05048035;1.085765553;30.68762742;14.55767151;54.75470107;15.06286812;341.4082031;15.06286812;14.70785762;39.69106783;24.11014103;13.70558376;37.34590283;26.10587382;;;;;;;;;;82.69898401;80.94717986;84.5018184;63.983858;83.8309661;4.0;HL
68;6879;Santander;Charta;68169;2021;2938;3.84331745;;73.45132743;94;2000.0;125;1;0;0;0;0;80.21671827;37.08978328;74.59807074;1669739.042;60.82368958;1787.0;52.38709641;50.96774292;251.3548431;43.36920342;16.51199021;2.659753654;24.19745955;1.476147155;38.073077;6.132816479;55.79410652;15.06286812;341.4082031;15.06286812;13.22368421;39.93421053;26.97368421;12.5528914;36.95345557;29.19605078;;;;;;;;;;79.73895977;77.90152011;81.7791704;79.6172597;;0.0;
68;6824;Santander;Chimá;68176;2011;3122;2.41565236;;75.11210762;304;1150.0;152;1;0;0;0;0;81.24203822;37.61146497;84.35582822;892949.0;72.64573991;2268.0;41.42857143;43.14285714;212.6071429;25.36157039;9.046096704;4.014299426;12.30117426;0.812350109;35.66851959;15.82827626;48.50320415;18.2408886;233.4912872;94.06050873;15.02145923;38.56529736;18.45493562;14.15157612;38.83299799;17.16968478;;;;;;;;;;88.12565666;86.52594116;89.5227623;66.9705008;90.29930558;0.0;
68;6824;Santander;Chimá;68176;2016;2939;3.966768742;0.102075536;73.22218442;309;1150.0;152;1;0;0;0;0;79.1151594;37.67078725;77.45879851;695787.0833;68.1524328;2003.0;54.31034483;57.89655172;269.8275862;51.35746846;25.23253673;7.489120607;18.63581112;1.747447038;49.13119258;14.58233989;36.28646754;18.2408886;233.4912872;94.06050873;13.8690862;39.3389501;22.55346727;15.32951289;36.31805158;22.99426934;;;;;;;;;;83.40689865;81.48905975;85.114659;64.5315686;83.50369134;0.0;
68;6824;Santander;Chimá;68176;2021;2936;4.598092643;0.238419619;69.34604905;314;1150.0;152;1;0;0;0;0;75.93187661;38.3033419;74.9071618;956811.1667;66.24659401;1945.0;54.61538315;50.92307663;260.5384521;51.60052408;25.25838321;3.216492534;23.12564835;1.757511038;48.94985788;6.233449351;44.81669277;18.2408886;233.4912872;94.06050873;12.85245902;39.60655738;25.37704918;14.03260099;36.64068037;26.36428065;;;;;;;;;;80.41076462;78.55392836;82.3810438;80.2880392;85.52867218;0.0;
68;6898;Santander;Chipatá;68179;2011;5361;1.922837779;;89.27438911;201;1750.0;85;1;0;0;0;0;92.23811873;35.73425423;79.48260482;1274653.083;69.80041037;3742.0;45.60526316;45.68421053;222.3157895;29.51846461;3.264486797;3.908620627;22.34535719;0.550614897;11.05913482;13.24127348;75.6995917;55.44168091;198.6608276;129.4806976;14.60714286;39.96428571;22.89285714;14.33033971;36.78250683;25.45880515;;;;;;;;;;89.3147434;87.85151424;90.5315829;67.8741393;90.72620564;0.0;
68;6898;Santander;Chipatá;68179;2016;5167;2.79336817;0.03870718;88.19431004;206;1750.0;85;1;0;0;0;0;91.92729654;35.64761749;72.86447329;753744.3333;66.30539965;3426.0;46.86666667;44.66666667;230.7666667;53.87192138;16.14570614;7.757943689;29.96827155;1.042615084;29.97054074;14.40071839;55.62874087;55.44168091;198.6608276;129.4806976;13.45939933;41.63885799;25.65813867;14.21052632;36.88259109;29.47368421;;;;;;;;;;84.69235207;82.86587804;86.3177074;65.5261185;84.56795115;0.0;
68;6898;Santander;Chipatá;68179;2021;5207;3.178413674;0.057614749;86.15325523;211;1750.0;85;1;0;0;0;0;90.49153908;35.53585818;73.23049002;965645.6667;64.12521606;3339.0;50.76271057;51.54237366;246.2711792;54.55256647;14.06960492;3.24104541;37.24191614;1.047677482;25.79091292;5.941141948;68.26794513;55.44168091;198.6608276;129.4806976;12.21570066;41.96625092;28.20983125;13.30108827;35.95324466;32.8496574;;;;;;;;;;81.75216891;79.91439368;83.5903241;81.6273962;84.33317245;0.0;
68;6898;Santander;Cimitarra;68190;2011;29392;5.520209581;;59.57063146;45;159.0;2847;1;0;0;0;0;66.84600843;40.40642722;81.09994712;533883.3333;79.12357104;23256.0;42.88429752;42.65564738;203.3939394;308.1464812;48.94705221;43.83959398;215.359835;1.048402563;15.88434566;14.22686827;69.88878607;73.10295868;224.564682;142.3965302;19.08029293;38.87312793;11.94827472;18.75658588;39.83140148;11.06427819;;;;;;;;;;87.27676539;85.56526033;88.6552778;66.3253916;87.35393143;0.0;
68;6898;Santander;Cimitarra;68190;2016;31660;6.537692146;0.72962729;58.13013266;50;159.0;2847;1;0;0;0;0;65.33489248;40.3689989;71.88730257;685696.25;67.39418825;21337.0;48.53488372;45.77209302;235.7418605;591.0000523;106.8232546;165.6458965;318.5309012;1.866708946;18.07499918;28.02806799;53.89693283;73.10295868;224.564682;142.3965302;22.22766518;38.12381361;13.42844896;18.27907887;40.51144889;14.24098115;;;;;;;;;;78.38789144;76.48236277;80.344665;60.6483837;74.20674153;0.0;
68;6898;Santander;Cimitarra;68190;2021;34795;8.229151698;1.879580399;54.81534703;55;159.0;2847;1;0;0;0;0;62.37236265;40.8262955;69.37918024;905965.75;62.87685012;21878.0;48.48947525;46.5473671;227.121048;789.9525933;142.9873482;200.3688579;446.5963872;2.27030491;18.10075052;25.36466867;56.5345808;73.10295868;224.564682;142.3965302;20.96033169;39.25930076;15.09973106;16.88794477;41.16952853;16.36277807;;;;;;;;;;73.96294208;71.78830348;75.9727485;73.8500575;74.64923468;0.0;
68;6834;Santander;Concepción;68207;2011;6031;2.973525673;;55.86138286;289;2005.0;333;1;0;0;0;0;64.3705066;41.91606755;79.94231778;1005654.792;91.34471895;5509.0;42.98113208;44.33962264;210.8301887;44.59596344;13.82412203;6.411867111;24.3599743;0.739445588;30.99859486;14.37768492;54.62372022;60.54659271;316.6236877;67.72215271;16.30471099;38.2893418;19.31172736;15.60236998;38.64384463;21.39565504;;;;;;;;;;89.82650608;88.34097913;91.1130645;68.2630499;87.48407437;0.0;
68;6834;Santander;Concepción;68207;2016;5803;3.613073698;0.017232466;53.19662244;294;2005.0;333;1;0;0;0;0;62.06536857;41.32475661;80.08174387;854043.1667;92.62450457;5375.0;51.98591549;53.50704225;263.8732394;75.19050065;30.12845523;10.90211018;34.15993523;1.295717743;40.06949678;14.49931852;45.4311847;60.54659271;316.6236877;67.72215271;15.25194454;37.97768008;21.23774095;15.63598032;38.12368236;22.80393535;;;;;;;;;;88.17902084;86.73259519;89.847397;68.2237395;83.34881865;0.0;
68;6834;Santander;Concepción;68207;2021;5894;3.977208461;0.220563285;49.69460468;299;2005.0;333;1;0;0;0;0;58.81549753;41.67946749;79.24071082;1167167.625;89.75229046;5290.0;54.31745911;56.41269684;262.6984253;59.24621681;9.512927445;3.653767705;46.07952166;1.005195399;16.05659898;6.167090326;77.77631069;60.54659271;316.6236877;67.72215271;13.89536821;38.65378207;23.62545818;14.37953681;37.71171794;25.9246457;;;;;;;;;;86.09947105;84.47087829;87.6806754;85.9680633;80.63809599;1.0;HH
68;6824;Santander;Confines;68209;2011;2905;3.146873207;;80.99827883;124;1600.0;73;1;0;0;0;0;85.54376658;35.54376658;77.81316348;983146.4167;68.29604131;1984.0;43.12121212;42.60606061;208.2727273;22.21221657;6.673103295;3.109685638;12.42942764;0.764620192;30.04249159;13.99988888;55.95761953;9.630161285;241.8202362;88.33261108;16.3510101;41.85606061;15.27777778;16.12414837;38.38001514;18.01665405;;;;;;;;;;87.89262535;86.37445871;89.3717361;66.7934103;89.81666598;0.0;
68;6824;Santander;Confines;68209;2016;3108;3.104890605;0.032175032;78.73230373;129;1600.0;73;1;0;0;0;0;84.24507659;36.2300719;80.07045798;906387.1667;65.12226512;2024.0;49.73684211;47.89473684;244.3421053;43.755033;20.24755027;6.32573147;17.18175126;1.407819595;46.27479145;14.45715164;39.26805691;9.630161285;241.8202362;88.33261108;14.67556095;40.14554275;18.07155852;14.87320082;38.79369431;18.23166552;;;;;;;;;;82.47258745;80.57456884;83.9977847;63.8086959;83.84056843;0.0;
68;6824;Santander;Confines;68209;2021;3194;4.417136297;0.062617408;76.48716343;134;1600.0;73;1;0;0;0;0;82.56410256;35.98793363;77.69118363;908526.0;67.09455229;2143.0;49.5625;48.90625;235.28125;62.23463421;33.46162871;3.726710689;25.04629481;1.94848573;53.76689223;5.988161956;40.24494581;9.630161285;241.8202362;88.33261108;13.48182884;41.03165299;20.10550996;13.57526882;39.24731183;20.63172043;;;;;;;;;;82.34678759;80.41051573;84.0690482;82.2211073;81.28517968;0.0;
68;6824;Santander;Contratación;68211;2011;3768;7.349168436;;27.49469214;49;1650.0;117;1;0;0;0;0;33.55184744;47.25864124;92.28353522;921108.75;66.1358811;2492.0;41.12087912;43.91208791;213.6813187;26.81185066;2.472382605;4.82699385;19.51247421;0.711567162;9.221230701;18.00321027;72.77555903;37.34836197;216.2485199;111.4241028;13.81543443;33.72908797;26.2277388;12.68929504;35.77023499;28.25065274;;;;;;;;;;81.84825033;80.12031408;83.6438244;62.2000281;78.58989145;0.0;
68;6824;Santander;Contratación;68211;2016;3599;7.34231731;0.055570992;24.36787997;54;1650.0;117;1;0;0;0;0;30.748422;46.58851818;81.30375736;1190557.792;66.2406224;2384.0;53.9;56.73333333;272.8;35.90600287;4.363581163;5.356072301;26.18634941;0.997666098;12.1527901;14.91692718;72.93028272;37.34836197;216.2485199;111.4241028;13.61607143;34.82142857;30.35714286;12.56225789;37.57609297;30.76923077;;;;;;;;;;76.12084094;74.12962017;78.2677807;58.8943762;74.98392991;0.0;
68;6824;Santander;Contratación;68211;2021;3760;8.58820922;0.425531915;23.00531915;59;1650.0;117;1;0;0;0;0;29.26063374;47.53068798;81.87006146;1270219.417;63.40425532;2384.0;60.48979568;60.02040863;286.6734619;46.20050571;7.143390692;3.046965856;36.01014916;1.228736854;15.46171537;6.595092001;77.94319263;37.34836197;216.2485199;111.4241028;12.24823081;34.89384867;33.47849755;11.12844514;36.8174727;34.06136245;;;;;;;;;;72.39882214;70.30921792;74.7133143;72.2883248;73.44721243;0.0;
68;6837;Santander;Coromoro;68217;2011;5391;2.35114079;;87.7017251;79;1510.0;554;1;0;0;0;0;90.36491102;36.47312601;88.06818182;1172272.333;94.75051011;5108.0;41.44117647;43.27941176;212.4411765;41.11499659;12.2590525;5.875205658;22.98073843;0.762659926;29.81649888;14.28969025;55.89381087;33.14408112;243.5760193;98.66812897;16.14035088;37.71929825;16.38596491;15.23022432;37.50491932;17.15859898;;;;;;;;;;92.41266826;91.259746;93.6138727;70.2283865;93.75474846;0.0;
68;6837;Santander;Coromoro;68217;2016;5125;3.016260163;0.03902439;86.47804878;84;1510.0;554;1;0;0;0;0;89.373297;36.00363306;81.06363357;1221361.292;87.00487805;4459.0;48.76056338;48.26760563;244.3380282;56.31811592;18.00132636;8.183392691;30.13339686;1.098890067;31.96365161;14.53065778;53.50569062;33.14408112;243.5760193;98.66812897;15.63876652;38.69309838;19.05286344;14.91045398;38.60891295;20.82465639;;;;;;;;;;89.06184877;87.53989465;90.5469732;68.9067798;87.08010046;0.0;
68;6837;Santander;Coromoro;68217;2021;5148;3.528878529;0.174825175;83.78010878;89;1510.0;554;1;0;0;0;0;87.33679127;36.14737972;79.12591687;1613795.542;85.91686092;4423.0;51.4629631;52.66666794;252.3703766;70.27264613;29.88088239;4.271518424;36.12024532;1.365047516;42.52135651;6.078493779;51.40014971;33.14408112;243.5760193;98.66812897;14.45341159;39.14159941;21.57006603;13.66639141;38.27415359;24.11230388;;;;;;;;;;87.70113964;86.08006235;89.3305864;87.5672874;87.17539852;0.0;
68;6837;Santander;Curití;68229;2011;11836;3.525965979;;65.6471781;409;1500.0;238;1;0;0;0;0;72.73106788;40.5861234;79.48072592;533883.3333;59.65697871;7061.0;40.85020243;40.74493927;204.388664;108.0536395;23.24916624;25.01339522;59.79107805;0.912923619;21.51631943;23.14905387;55.33462669;10.6831646;277.9784546;57.97422028;16.41130405;38.81511747;17.53489956;16.70580342;39.08084535;17.81281449;;;;;;;;;;80.73835005;78.89078886;82.4397728;61.3565668;84.33916109;0.0;
68;6837;Santander;Curití;68229;2016;12330;4.70262233;0.170316302;64.48499594;414;1500.0;238;1;0;0;0;0;71.56215622;40.27188433;74.53089817;685696.25;54.96350365;6777.0;52.06329114;49.7278481;254.6772152;164.5065168;56.31551264;25.4497099;82.74129427;1.334197217;34.23299802;15.4703354;50.29666658;10.6831646;277.9784546;57.97422028;16.01949634;39.67506093;19.64256702;15.82186235;38.60728745;21.32793522;;;;;;;;;;75.73820105;73.73019152;77.9097434;58.5983293;77.70004667;0.0;
68;6837;Santander;Curití;68229;2021;13010;4.85972329;0.153727902;62.67486549;419;1500.0;238;1;0;0;0;0;70.10309278;40.31664212;72.43945659;905965.75;58.58570331;7622.0;52.92307663;51.36686325;251.5266266;199.4930338;73.56776673;14.20481849;111.7204486;1.533382273;36.87736125;7.120458406;56.00218035;10.6831646;277.9784546;57.97422028;14.67098166;40.43766374;21.9910618;14.52231253;38.6443797;24.15273731;;;;;;;;;;76.17626092;74.34952537;78.2636885;76.0599983;78.21749232;0.0;
68;6848;Santander;El Carmen de Chucurí;68235;2011;19179;2.781253802;;85.89081808;25;500.0;914;1;0;0;0;0;88.57609973;37.11745772;82.48145431;716429.0;61.91146567;11874.0;40.96373057;42.74093264;205.7823834;168.432067;73.28767867;19.81535397;75.32903437;0.878210892;43.51171364;11.76459704;44.72368932;39.45478439;261.9824524;75.4539566;17.82405101;38.8163794;13.37052904;18.13607526;39.71778604;11.21198862;209.0;46869.0;120.0;26042.0;126.0;27558.0;95.23809524;94.4988751;0.06163647;93.57366121;89.82715176;96.3272291;71.1106753;92.29661236;0.0;
68;6848;Santander;El Carmen de Chucurí;68235;2016;20295;3.100106759;0.044345898;86.16900714;30;500.0;914;1;0;0;0;0;89.56904541;36.74235403;74.54695222;747273.2083;57.73343188;11717.0;49.03370787;46.83707865;239.2303371;235.9167035;100.2474042;31.5862104;104.0830889;1.162437563;42.49271151;13.38871302;44.11857547;39.45478439;261.9824524;75.4539566;17.47646667;40.50584768;15.15641343;17.17120065;41.37860503;13.20310902;299.0;600378.0;138.0;21262.0;164.0;24823.0;84.14634;85.65443;0.193066197;84.90512718;80.80373939;88.5378455;65.6907417;83.93035128;0.0;
68;6848;Santander;El Carmen de Chucurí;68235;2021;21977;2.948157923;0.250261637;84.25626792;35;500.0;914;1;0;0;0;0;88.17740232;36.86589229;71.54025511;1017550.75;55.97670292;12302.0;49.65942001;48.86956406;234.7971039;305.9877422;127.180354;17.34972275;161.4576655;1.392308969;41.56387215;5.67007117;52.76605668;39.45478439;261.9824524;75.4539566;16.08403955;41.62252825;17.17867232;16.16114189;41.87247629;15.23147713;238.0;562003.0;106.0;83669.0;129.0;99378.0;82.17054;84.19268;0.296051614;83.62795712;79.28513843;87.8616497;83.5003215;84.0680281;0.0;
68;6824;Santander;El Guacamayo;68245;2011;2251;3.402191619;;74.41137272;55;1950.0;122;1;0;0;0;0;81.40442133;37.75465973;87.15529753;1246301.083;74.90004442;1686.0;47.54166667;44.75;224.5833333;14.28298135;2.517094409;2.023930678;9.74195626;0.634517163;17.62303225;14.17022559;68.20674216;28.16256332;224.7567749;102.7483368;15.90319793;37.77009507;19.79256698;14.25959781;35.92321755;20.93235832;;;;;;;;;;88.94661255;87.47037008;90.2617748;67.5943807;90.61852733;0.0;
68;6824;Santander;El Guacamayo;68245;2016;2151;3.413141175;;69.967457;60;1950.0;122;1;0;0;0;0;78.16291161;37.91161179;73.20782042;1207182.125;67.0385867;1442.0;53.41666667;53.91666667;270.75;24.4309978;5.83694909;3.536629043;15.05741966;1.135797201;23.89157061;14.475991;61.63243838;28.16256332;224.7567749;102.7483368;15.12915129;42.43542435;21.77121771;12.65229616;38.61293346;23.99250234;;;;;;;;;;82.88268632;80.94372243;84.5295328;64.1259877;;0.0;
68;6824;Santander;El Guacamayo;68245;2021;2219;4.544088929;0.045065345;64.75890041;65;1950.0;122;1;0;0;0;0;73.97894737;39.11578947;75.69692638;1275742.792;64.80396575;1438.0;54.13793182;55.06896591;266.0344849;26.95151501;7.73244974;1.633548282;17.58551699;1.214579316;28.69022293;6.061062917;65.24871415;28.16256332;224.7567749;102.7483368;13.5577798;41.76524113;24.47679709;11.51785714;38.125;26.875;;;;;;;;;;79.38788755;77.47783944;81.2998011;79.2667233;82.20644722;0.0;
68;6898;Santander;El Peñón;68250;2011;5494;2.672612547;;88.20531489;21;2650.0;415;1;0;0;0;0;91.10339788;37.02959445;98.14307458;880080.5;73.4619585;4036.0;42.29166667;43.04166667;210.7291667;28.13727426;1.377967491;3.72891351;23.03039326;0.512145509;4.897302695;13.25257548;81.85012182;57.64390564;192.8982391;143.3426971;20.22315202;34.27475593;12.27336123;18.77380046;33.16831683;13.67098248;73.0;14730.0;25.0;4520.0;31.0;5792.0;80.64516129;78.03867403;0.669079879;80.9465891;71.51682031;87.8804725;61.5148167;89.42614403;0.0;
68;6898;Santander;El Peñón;68250;2016;5311;2.974957635;0.018828846;86.93278102;26;2650.0;415;1;0;0;0;0;90.35056017;36.30285508;85.67997598;983141.625;64.30050838;3415.0;45.36923077;43.15384615;225.7076923;38.8574125;6.82858951;5.599455606;26.42936738;0.731640228;17.573454;14.4102637;68.0162823;57.64390564;192.8982391;143.3426971;19.01558074;37.60623229;14.4121813;18.49618014;35.58504222;15.96300764;47.0;206980.0;19.0;3250.0;22.0;3744.0;86.36364;86.80556;0.973430928;85.02341298;77.14221266;92.0766313;65.7822589;84.3941295;0.0;
68;6898;Santander;El Peñón;68250;2021;5277;3.110984777;0.037900322;85.08622323;31;2650.0;415;1;0;0;0;0;88.94075404;36.26570916;83.91186236;1874559.417;69.86924389;3687.0;46.09523773;46.7857132;225.1904755;53.93942723;14.65605101;3.205096285;36.07827994;1.022160834;27.17131375;5.942028772;66.88665748;57.64390564;192.8982391;143.3426971;17.73733048;38.32976445;16.63097787;17.01010101;35.71717172;18.66666667;33.0;148632.0;11.0;58520.0;15.0;65439.0;73.33334;89.4268;1.363638043;86.75112898;75.69851286;94.0662379;86.6187267;87.37439152;0.0;
68;6879;Santander;El Playón;68255;2011;13498;3.067121055;;53.51163135;27;445.0;459;1;0;0;0;0;61.53165473;41.14713217;90.82446809;590976.5833;75.01852126;10126.0;42.65155172;44.93402299;211.545977;106.5421543;30.05531697;17.20432319;59.28251416;0.789318079;28.20978904;16.14790249;55.64230847;40.09800339;362.6633606;40.09800339;17.87301132;35.20137595;16.06707754;17.54332158;37.08020242;15.54976231;273.0;47316.0;94.0;16206.0;108.0;18568.0;87.03703704;87.27919;0.105465867;87.14203633;83.34312112;90.9229636;66.2230052;87.50096703;0.0;
68;6879;Santander;El Playón;68255;2016;13404;3.889386253;0.126827813;50.04476276;32;445.0;459;1;0;0;0;0;57.70054749;41.34729826;81.42454823;691938.3333;75.02984184;10057.0;50.85826772;52.19685039;253.3858268;173.0549039;55.6474764;25.37515334;92.03227412;1.291069113;32.15596621;14.66306517;53.18096862;40.09800339;362.6633606;40.09800339;18.15428983;37.1593367;16.78442682;17.71525738;37.88839079;17.51429896;319.0;497112.0;128.0;14885.0;171.0;20345.0;74.8538;73.16294;0.140078762;74.27503336;69.63018181;78.7290496;57.4662826;78.64781474;0.0;
68;6879;Santander;El Playón;68255;2021;13866;4.575941151;0.266839752;46.55271888;37;445.0;459;1;0;0;0;0;54.53295654;41.93844039;78.37837838;905965.75;75.27044569;10437.0;51.50331116;50.28476715;240.7615967;219.6745756;83.04328253;13.77890356;122.8523895;1.584267817;37.80286468;6.272416153;55.92471917;40.09800339;362.6633606;40.09800339;16.93627796;38.30355887;18.66647911;16.60500222;38.4194169;19.41690099;288.0;529702.0;110.0;316152.0;136.0;418962.0;80.88235;75.46078;0.146300578;75.99739978;71.03856761;80.2300783;75.8814102;77.58802338;0.0;
68;6837;Santander;Encino;68264;2011;2616;3.147298675;;81.95718654;112;1875.0;418;1;0;0;0;0;86.255369;37.9929715;96.63705584;971656.0833;89.71712538;2347.0;40.15789474;45.31578947;215.2631579;15.5833002;2.209795436;2.115275192;11.25822957;0.595691904;14.18053563;13.57398731;72.24547706;22.46107674;221.8779755;116.6154785;16.92420898;35.83517292;13.68653422;16.70644391;36.27684964;13.9220366;;;;;;;;;;90.61711048;89.23790755;91.7645841;68.8638644;92.95156897;0.0;
68;6837;Santander;Encino;68264;2016;2535;3.957922419;0.039447732;80.03944773;117;1875.0;418;1;0;0;0;0;85.28849828;37.79136416;85.1689612;989034.7083;78.97435897;2002.0;51.15384615;51.15384615;256.6923077;25.72429933;6.871220944;3.712753052;15.14032533;1.014765259;26.71101303;14.43286367;58.8561233;22.46107674;221.8779755;116.6154785;16.83018868;37.28301887;15.62264151;17.27272727;37.9338843;18.26446281;;;;;;;;;;84.93697764;83.42004132;86.6715051;65.7153843;85.89095901;0.0;
68;6837;Santander;Encino;68264;2021;2658;4.514672686;0.338600451;77.08803612;122;1875.0;418;1;0;0;0;0;83.05145736;37.92731198;81.74273859;1083654.0;67.79533484;1802.0;51.23529434;50.64706039;249.8235321;35.39820653;12.8537363;2.112237435;20.4322328;1.331760968;36.3118292;5.967074725;57.72109607;22.46107674;221.8779755;116.6154785;15.38461538;38.46153846;18.21480406;15.78125;38.046875;20.859375;;;;;;;;;;80.81783996;78.83510251;82.7694925;80.6944932;84.1681282;0.0;
68;6834;Santander;Enciso;68266;2011;3712;5.524874282;;79.98383621;238;1570.0;79;1;0;0;0;0;85.06979063;36.9890329;76.3969975;1239256.833;94.12715517;3494.0;43.31343284;46.88059701;218.9552239;30.71646385;2.974578235;4.489353596;23.25253202;0.827490944;9.683986573;14.61546361;75.70054982;49.05670166;299.6103821;72.94449615;16.6407465;38.15448419;20.0622084;15.87212563;39.9326977;18.73247336;;;;;;;;;;91.00488923;89.63106688;92.2412877;69.1585543;92.20263781;0.0;
68;6834;Santander;Enciso;68266;2016;3571;3.675441053;0.056006721;76.92523103;243;1570.0;79;1;0;0;0;0;82.03485392;37.5448488;71.30657558;1089887.583;83.50602072;2982.0;53.0;54.88;265.94;34.53808949;6.893630649;5.01671191;22.62774693;0.967182568;19.95950196;14.52515754;65.51534049;49.05670166;299.6103821;72.94449615;16.09570419;38.06416531;23.3278956;14.95381062;41.05080831;21.88221709;;;;;;;;;;87.27045489;85.78026983;88.9207251;67.5207859;86.71082129;0.0;
68;6834;Santander;Enciso;68266;2021;3561;6.124216044;0.112327998;72.84470654;248;1570.0;79;1;0;0;0;0;78.85451291;38.04653541;70.26214009;1220094.458;76.18646448;2713.0;55.33333206;56.79999924;268.8166809;47.99346288;17.63905777;2.692134809;27.6622703;1.347752398;36.75304243;5.609378126;57.63757945;49.05670166;299.6103821;72.94449615;14.99176277;38.16584294;26.1394838;13.79310345;40.63218391;25.17241379;;;;;;;;;;83.05940616;81.33133845;84.8440944;82.9326383;81.45725745;0.0;
68;6898;Santander;Florián;68271;2011;5802;2.591060554;;80.98931403;36;1600.0;191;1;0;0;0;0;85.52165852;37.3841227;92.02157865;1014716.833;84.71216822;4915.0;43.16883117;42.06493506;209.8831169;35.5075123;4.985235177;4.592901414;25.9293757;0.611987458;14.03994494;12.93501323;73.02504182;29.6204319;158.220932;158.220932;17.8583196;35.58484349;16.73805601;16.5160824;36.86302855;17.31116733;;;;;;;;;;91.02298154;89.84604662;92.2682144;69.1723034;92.82105908;0.0;
68;6898;Santander;Florián;68271;2016;5637;3.914611791;0.266098989;78.90722015;41;1600.0;191;1;0;0;0;0;83.95792242;37.62327416;79.83803407;841113.0833;75.3414937;4247.0;51.30769231;49.85897436;253.8717949;68.27678429;26.29824322;9.814758376;32.16378269;1.211225551;38.5171087;14.37495699;47.10793431;29.6204319;158.220932;158.220932;15.66141193;38.41672378;20.25359836;16.07208533;38.1390217;20.8900331;;;;;;;;;;84.54184672;82.86100709;86.1274885;65.4096731;84.30570426;0.0;
68;6898;Santander;Florián;68271;2021;5896;4.470545002;1.170284939;75.93283582;46;1600.0;191;1;0;0;0;0;81.64694894;37.78019925;78.33867521;1096124.458;72.13364993;4253.0;50.11666489;50.0;237.1833344;94.12210042;49.55728636;5.55377423;39.01103983;1.596372124;52.65212542;5.90060592;41.44726866;29.6204319;158.220932;158.220932;14.39369044;39.10614525;22.57640486;14.61619348;37.78478794;24.15001753;;;;;;;;;;82.43847201;80.8233092;84.3288427;82.3126518;83.09989161;0.0;
68;6879;Santander;Floridablanca;68276;2011;259380;6.131929987;;4.060066312;194;930.0;101;1;0;0;0;0;5.592513871;53.18960996;60.8052774;534250.0;25.30341584;65632.0;50.05274992;52.18456749;239.9912487;2350.808561;43.29373078;592.6061089;1714.908721;0.906318359;1.841652762;25.20860775;72.94973949;8.645230293;322.1256714;8.645230293;18.66022417;42.55168787;14.03707721;17.72994015;44.57904828;16.84605775;6891.0;271129.0;2122.0;84607.0;3543.0;141057.0;59.89274626;59.98071702;0.007397913;59.98499886;58.92154065;61.0433181;45.585197;57.81228092;2.0;LL
68;6879;Santander;Floridablanca;68276;2016;280553;8.887239369;0.819453009;4.062690472;199;930.0;101;1;0;0;0;0;5.587978494;52.80547769;58.43129297;685715.0;25.48823217;71508.0;57.28447412;57.84607679;286.4567613;3845.859012;66.08111297;978.974245;2800.803654;1.370813719;1.718240652;25.45528169;72.82647766;8.645230293;322.1256714;8.645230293;18.13115771;42.9547912;16.55312167;16.56237357;44.09979771;20.34389751;6861.0;3583212.0;1831.0;79639.0;3569.0;154713.0;51.30289;51.47531;0.007134159;51.47602055;50.36566954;52.6432014;39.8267818;52.20760114;2.0;LL
68;6879;Santander;Floridablanca;68276;2021;328199;9.020721168;1.115786459;3.930846834;204;930.0;101;1;0;0;0;0;5.450094455;52.53295315;57.51857684;907307.1667;25.71214416;84387.0;57.50310898;55.60876846;273.2047729;5307.866961;75.3063627;1070.218569;4162.34203;1.617270912;1.418768843;20.16287477;78.41835638;8.645230293;322.1256714;8.645230293;16.77703342;43.84874285;18.36399791;15.34188232;43.99564835;22.67776955;6144.0;3584820.0;1484.0;910362.0;2883.0;1779330.0;51.47416;51.16319;0.009669523;51.16692882;49.98476716;52.4068006;51.0888362;51.75831697;2.0;LL
68;6824;Santander;Galán;68296;2011;3025;4.421487603;;75.04132231;124;944.0;209;1;0;0;0;0;80.79744817;38.43700159;81.98529412;1475348.75;92.79338843;2807.0;39.13461538;40.57692308;199.3653846;23.64836493;4.384898017;3.564836118;15.69863079;0.78176413;18.54207693;15.07434501;66.38357806;24.24231911;270.2975464;57.23713684;15.78947368;36.77792041;20.86007702;14.58759373;37.90047716;21.60872529;;;;;;;;;;90.6843355;89.44878228;91.8651179;68.9149516;92.28466751;0.0;
68;6824;Santander;Galán;68296;2016;2900;5.181034483;0.034482759;72.75862069;129;944.0;209;1;0;0;0;0;78.34672021;37.88487282;82.41150442;1394024.5;87.24137931;2530.0;50.45283019;46.77358491;246.5283019;36.78388361;11.5765213;5.354115021;19.85324729;1.26840978;31.47172121;14.55560016;53.97267863;24.24231911;270.2975464;57.23713684;15.29801325;36.68874172;22.91390728;13.16546763;37.55395683;24.24460432;;;;;;;;;;88.05292694;86.55734335;89.4834919;68.1261812;83.50403789;0.0;
68;6824;Santander;Galán;68296;2021;2956;5.717185386;0.236806495;70.0947226;134;944.0;209;1;0;0;0;0;76.48570511;38.48377771;79.87012987;1175217.708;86.43437077;2555.0;52.59999847;49.84444427;247.1999969;52.19246275;21.61069426;3.212431548;27.36933694;1.765644883;41.40577608;6.154972154;52.43925177;24.24231911;270.2975464;57.23713684;13.52242744;36.87335092;26.45118734;12.29166667;37.29166667;27.84722222;;;;;;;;;;85.97089463;84.14967916;87.5530262;85.8396831;80.83971152;0.0;
68;6824;Santander;Gámbita;68298;2011;4250;2.574509804;;86.70588235;212;2100.0;519;1;0;0;0;0;90.0843401;35.7419649;92.16068643;1119087.708;71.01176471;3018.0;41.2037037;41.51851852;206.3888889;25.87352691;1.498625639;5.481216516;18.89368476;0.608788869;5.79211966;21.18465154;73.0232288;29.4767704;201.0633392;130.3807068;16.08638167;36.80035258;18.90700749;14.74003029;35.23472993;19.73750631;119.0;10844.0;51.0;4684.0;51.0;4684.0;100.0;100.0;;88.24303462;86.80736513;89.8020219;67.0597014;90.15932788;0.0;
68;6824;Santander;Gámbita;68298;2016;4107;3.078078078;0.048697346;84.70903336;217;2100.0;519;1;0;0;0;0;88.41860465;36.37209302;86.76703645;1150680.75;69.41806672;2851.0;46.63414634;45.73170732;230.0243902;36.07774469;5.502377877;5.510340497;25.06502632;0.878445208;15.25144635;15.27351708;69.47503657;29.4767704;201.0633392;130.3807068;14.80965645;37.65088208;20.8913649;14.74654378;36.50793651;20.4813108;66.0;96938.0;27.0;3878.0;27.0;3878.0;100.0;100.0;;83.74703414;82.21436515;85.70417;64.79473;85.46056114;0.0;
68;6824;Santander;Gámbita;68298;2021;4112;3.214169909;0.097276265;81.83365759;222;2100.0;519;1;0;0;0;0;86.35008029;36.7974306;86.34010354;1621066.708;72.64105058;2987.0;50.68888855;50.15555573;241.9111176;46.63038475;10.85059449;3.24048886;32.5393014;1.134007411;23.26936513;6.949307575;69.7813273;29.4767704;201.0633392;130.3807068;13.36772983;38.03939962;23.4521576;13.53535354;36.56565657;23.28282828;71.0;161709.0;23.0;44732.0;24.0;46066.0;95.83334;97.10416;0.062208704;94.43954184;88.98663393;97.9574368;94.2954052;93.54571455;0.0;
68;6879;Santander;Girón;68307;2011;136721;5.991154736;;12.85391418;380;703.0;681;1;0;0;0;0;16.57592998;49.41794311;66.83085094;534116.8333;34.15130082;46692.0;47.17114341;48.13200258;225.8921189;1782.335823;291.7456988;470.1055725;1020.484552;1.303629891;16.36872777;26.37581349;57.25545874;21.28215218;314.337738;21.28215218;18.5746202;42.66309205;12.20434912;18.26216927;43.02036475;14.21508745;3414.0;142312.0;1062.0;44750.0;1705.0;71283.0;62.28739003;62.77794144;0.01568867;62.80993775;60.92112096;64.2661558;47.7319903;62.91540699;2.0;LL
68;6879;Santander;Girón;68307;2016;152478;7.674385813;1.19164732;12.23061688;385;703.0;681;1;0;0;0;0;15.945647;49.43235064;61.80612466;685905.4167;37.07813586;56536.0;53.46126582;52.43291139;263.0931646;3189.675463;449.8632257;990.7245195;1749.087718;2.091892249;14.10373033;31.06035491;54.83591476;21.28215218;314.337738;21.28215218;18.33277626;43.45745036;14.07045926;17.65894726;43.2990487;16.89945033;3456.0;1887362.0;1016.0;46767.0;1789.0;80501.0;56.7915;58.09493;0.014348206;58.10885505;56.43585219;59.8331083;44.9585781;58.30446381;2.0;LL
68;6879;Santander;Girón;68307;2021;171211;10.01405673;2.443768216;11.08047964;390;703.0;681;1;0;0;0;0;14.60549013;49.51238064;60.17418778;908526.0;38.52906647;65966.0;55.11975861;52.96298218;259.7033081;4951.519303;1112.959004;1210.113112;2628.447188;2.892056762;22.47712138;24.4392284;53.08365022;21.28215218;314.337738;21.28215218;16.99528504;44.5230271;15.68676478;16.41539502;43.56649049;18.98925742;3326.0;2058839.0;828.0;562489.0;1583.0;1028148.0;52.30575;54.70895;0.018506679;54.7403204;53.21513311;56.5449161;54.656774;55.62552892;2.0;LL
68;6834;Santander;Guaca;68318;2011;6319;2.02959329;;76.3728438;212;2311.0;271;1;0;0;0;0;81.95804196;37.4048174;84.18121994;1234956.167;94.17629372;5951.0;37.56701031;41.63917526;200.0309278;45.87531902;8.181760907;7.166924362;30.52663375;0.725990173;17.83477713;15.62261476;66.5426081;39.11074066;314.5443115;39.11074066;16.69702489;38.37279903;17.57741348;15.80165289;37.12396694;17.61983471;42.0;12175.0;29.0;8056.0;29.0;8056.0;100.0;100.0;;91.65656579;90.45972235;92.9765597;69.6537915;93.66561916;0.0;
68;6834;Santander;Guaca;68318;2016;5999;2.893537812;0.050008335;75.32922154;217;2311.0;271;1;0;0;0;0;81.2638933;36.82121308;75.28438469;1110088.542;88.16469412;5289.0;47.19753086;44.87654321;232.8024691;73.28198093;20.25629171;10.71661392;42.30907529;1.221569944;27.64157226;14.62380491;57.73462283;39.11074066;314.5443115;39.11074066;16.51347068;40.95087163;19.3977813;15.64697609;38.92405063;18.45991561;71.0;181938.0;31.0;5276.0;36.0;6156.0;86.11111;85.705;0.723613799;87.1787286;79.62220271;92.3322726;67.4498176;86.6279459;0.0;
68;6834;Santander;Guaca;68318;2021;6121;3.594183957;0.114360399;72.17774873;222;2311.0;271;1;0;0;0;0;78.65325077;36.84210526;74.51080051;1378701.25;81.06518543;4962.0;50.01666641;49.83333206;241.0;83.88270299;25.79675558;5.24130054;52.84464687;1.370408479;30.7533671;6.248368678;62.99826422;39.11074066;314.5443115;39.11074066;15.34898085;41.26003706;21.80358246;14.36004162;38.91779396;21.50537634;61.0;145070.0;36.0;74642.0;40.0;81027.0;90.0;92.11991;0.362535403;90.51831667;82.49854362;95.540694;90.3801648;90.65793947;0.0;
68;6824;Santander;Guadalupe;68320;2011;5001;4.785709525;;67.4465107;212;1410.0;144;1;0;0;0;0;73.80860132;39.48082139;81.59235669;854662.25;73.84523095;3693.0;45.45652174;48.32608696;224.2173913;45.30163161;8.869289762;9.82184955;26.61049229;0.905851462;19.57830093;21.68100619;58.74069289;29.14463997;220.9872894;106.63517;14.65684374;37.41760372;22.64443583;15.81337737;37.77869529;21.88274154;;;;;;;;;;85.99760416;84.40755867;87.5088605;65.3533016;88.74561692;0.0;
68;6824;Santander;Guadalupe;68320;2016;4624;5.538134371;0.043252595;64.51124567;217;1410.0;144;1;0;0;0;0;71.15582016;39.97125847;78.9129687;791612.8333;74.74048443;3456.0;53.20987654;54.55555556;268.3333333;62.03125954;23.32404337;9.468470739;29.23874543;1.341506478;37.60046716;15.26403109;47.13550176;29.14463997;220.9872894;106.63517;13.85927505;36.8869936;26.26865672;14.34839842;37.73584906;26.10794208;;;;;;;;;;82.85127236;81.00464574;84.6335816;64.1016828;83.49855383;0.0;
68;6824;Santander;Guadalupe;68320;2021;4630;6.229301656;0.064794816;60.82073434;222;1410.0;144;1;0;0;0;0;68.03913575;40.74602528;78.67774316;1038259.125;72.11663067;3339.0;54.51388931;54.98611069;263.055542;76.20931401;30.72743716;5.468497584;40.01337927;1.645989503;40.31979235;7.17562893;52.50457872;29.14463997;220.9872894;106.63517;12.37602415;36.99870634;29.32298404;13.06793596;37.25659887;29.51103418;;;;;;;;;;79.93172627;78.13049118;81.6659087;79.809732;81.09115079;0.0;
68;6824;Santander;Guapotá;68322;2011;2339;3.765854354;;74.81829842;201;1475.0;69;1;0;0;0;0;80.39215686;36.37880684;76.88710755;940423.7917;61.13723814;1430.0;43.0;48.66666667;213.6666667;20.80021436;6.900015246;2.927817363;10.97238175;0.889278083;33.17280835;14.07589995;52.7512917;15.95305634;233.4106293;94.78380585;14.33198381;42.8340081;19.51417004;14.13043478;37.59057971;18.02536232;;;;;;;;;;86.78636518;85.24872702;88.4489802;65.9527153;88.9593486;0.0;
68;6824;Santander;Guapotá;68322;2016;2333;4.361337334;;72.82468924;206;1475.0;69;1;0;0;0;0;78.7854251;36.80161943;69.43174396;698919.5833;55.72224604;1300.0;50.75609756;52.12195122;255.0731707;33.61827088;13.48440939;4.867793943;15.26606754;1.440988893;40.11035974;14.47960831;45.41003195;15.95305634;233.4106293;94.78380585;14.48675497;43.54304636;22.26821192;15.55555556;35.2;20.8;;;;;;;;;;81.8362247;80.08467578;83.662125;63.3163447;;0.0;
68;6824;Santander;Guapotá;68322;2021;2468;6.091301999;0.162074554;69.77309562;211;1475.0;69;1;0;0;0;0;76.25189681;37.13960546;67.77777778;911711.4167;51.98541329;1283.0;51.2857132;52.52381134;251.2380981;44.00805373;19.17848416;2.652358183;22.17721138;1.783146423;43.57948725;6.026983606;50.39352914;15.95305634;233.4106293;94.78380585;13.20754717;43.86792453;25.0;13.87959866;35.53511706;23.57859532;;;;;;;;;;76.06710688;73.84782905;78.0975143;75.9510109;72.17375363;0.0;
68;6898;Santander;Guavatá;68324;2011;4609;2.496926304;;79.71360382;112;1970.0;72;1;0;0;0;0;85.32494759;37.31656184;79.91602519;809076.6667;73.00932957;3365.0;41.86956522;40.65217391;202.3913043;43.56063774;15.61601378;7.923234727;20.02138924;0.945121235;35.84890991;18.1889778;45.9621123;39.90401077;179.0718079;149.460495;13.81663113;37.18550107;27.8891258;13.11837456;37.01413428;28.93109541;;;;;;;;;;89.31234548;87.90594589;90.6217146;67.872317;90.40136464;0.0;
68;6898;Santander;Guavatá;68324;2016;4339;3.059460705;;77.20672966;117;1970.0;72;1;0;0;0;0;83.36290164;37.96570077;73.00036193;716682.5;62.13413229;2696.0;47.09836066;45.32786885;233.8688525;69.35975012;32.24510847;11.02766555;26.0869761;1.598519247;46.4896549;15.89922906;37.61111604;39.90401077;179.0718079;149.460495;12.55115962;37.19872669;31.74170077;14.25233645;37.19626168;31.77570093;;;;;;;;;;80.93593883;79.15302767;82.918694;62.6197973;;0.0;
68;6898;Santander;Guavatá;68324;2021;4326;3.727461859;0.09246417;74.15626445;122;1970.0;72;1;0;0;0;0;81.09972408;38.25384312;73.05016477;914497.5833;64.72491909;2800.0;49.3777771;48.7555542;238.777771;62.9710944;19.63197746;6.48320423;36.8559127;1.455642496;31.17617321;10.29552415;58.52830264;39.90401077;179.0718079;149.460495;11.40229885;37.37931034;34.25287356;13.15667132;36.0297536;34.9604835;;;;;;;;;;79.45536869;77.53170106;81.3477423;79.3341014;82.78075737;0.0;
68;6898;Santander;Güepsa;68327;2011;4765;4.050367261;;43.00104932;125;1440.0;27;1;0;0;0;0;51.34116604;43.0946575;78.78489327;535633.3333;68.70933893;3274.0;40.84810127;43.39240506;206.7468354;34.89245131;3.497232567;5.658401501;25.73681725;0.732265505;10.02289159;16.2166924;73.76041601;53.91892242;192.357605;135.1772919;16.51414309;38.93510815;18.17803661;16.89961881;37.99237611;20.49978823;;;;;;;;;;85.2798875;83.62127451;86.7793204;64.8078777;86.77367206;0.0;
68;6898;Santander;Güepsa;68327;2016;4968;4.190150295;;41.10305958;130;1440.0;27;1;0;0;0;0;49.17896487;42.98482644;68.98428053;689456.875;65.88164251;3273.0;50.67676768;47.28282828;245.2020202;45.1240446;3.570148723;6.654088064;34.89980782;0.908293973;7.911854432;14.74621374;77.34193183;53.91892242;192.357605;135.1772919;16.83876092;40.19062748;19.93645751;17.55102041;38.85714286;22.28571429;;;;;;;;;;80.21401021;78.20347119;82.1025681;62.0612441;;0.0;
68;6898;Santander;Güepsa;68327;2021;5263;4.677306986;0.30400912;38.30514915;135;1440.0;27;1;0;0;0;0;46.42018779;43.50547731;67.66552511;908526.0;60.59281778;3189.0;53.79661179;53.38983154;252.2203369;65.55736192;11.77965154;4.14396014;49.63375024;1.245627245;17.96846486;6.321120952;75.71041419;53.91892242;192.357605;135.1772919;15.54130517;40.85250849;22.06714447;16.1179173;39.05053599;24.73200613;;;;;;;;;;75.77196771;73.86351165;77.8002557;75.6563221;80.94224486;0.0;
68;6824;Santander;Hato;68344;2011;2324;3.180579461;;72.54733219;112;1300.0;172;1;0;0;0;0;79.5329087;37.36730361;81.18678355;1114964.625;83.21858864;1934.0;39.48717949;42.1025641;203.6666667;14.41185263;3.054022775;1.852440566;9.505389289;0.620131352;21.19104915;12.85359081;65.95536003;15.78765297;254.509079;73.00807953;17.30300569;39.39886271;15.51584078;16.28545288;38.33485819;17.29185727;;;;;;;;;;90.0865987;88.62715818;91.3799261;68.4607056;91.38874476;0.0;
68;6824;Santander;Hato;68344;2016;2310;4.33982684;0.043290043;72.03463203;117;1300.0;172;1;0;0;0;0;78.06799337;37.47927032;73.80170716;686575.0;72.25108225;1669.0;53.1875;51.375;261.8125;27.86126486;9.656592123;4.003241551;14.20143119;1.206115362;34.65956112;14.3684846;50.97195429;15.78765297;254.509079;73.00807953;15.78947368;40.08097166;18.3805668;15.1627907;41.86046512;19.53488372;;;;;;;;;;83.31262194;81.44247046;85.1180833;64.4586271;82.17252011;0.0;
68;6824;Santander;Hato;68344;2021;2359;4.489896849;0.169563374;69.56337431;122;1300.0;172;1;0;0;0;0;75.96930533;37.15670436;71.95121951;912354.8333;73.76006783;1740.0;51.77272797;51.27272797;250.6363678;37.4176763;16.5566636;2.205292765;18.65571994;1.586166863;44.24824104;5.893719181;49.85803978;15.78765297;254.509079;73.00807953;14.62264151;41.19496855;20.51886792;13.7074517;41.49034039;22.3551058;;;;;;;;;;83.82339553;82.00304019;85.5535216;83.6954616;81.30839951;0.0;
68;6898;Santander;Jesús María;68368;2011;3488;3.055714832;;79.95986239;268;1890.0;109;1;0;0;0;0;85.86470124;38.74703869;85.82750583;1114001.125;82.48279817;2877.0;46.56;41.78;213.08;29.57703113;10.20588003;4.829534148;14.54161695;0.847965342;34.50610032;16.32866439;49.16523529;31.30814552;168.5948639;162.2011414;15.73751452;36.93379791;20.26713124;14.60928652;36.40996602;24.00906002;84.0;9191.0;33.0;3411.0;37.0;3799.0;89.18918919;89.786786;0.255259639;89.84541358;82.91997625;94.8446595;68.2774185;90.53365764;0.0;
68;6898;Santander;Jesús María;68368;2016;3327;3.804728985;;78.96002405;273;1890.0;109;1;0;0;0;0;84.45873526;37.54019293;76.98149027;833288.8333;73.42951608;2443.0;53.57446809;51.0;258.9148936;35.57040486;7.709231156;5.26124506;22.59992865;1.069143519;21.67316112;14.79107443;63.53576445;31.30814552;168.5948639;162.2011414;15.65064478;37.22157093;25.26377491;13.57186922;36.02714374;28.87106724;55.0;90790.0;18.0;2642.0;21.0;3083.0;85.71429;85.69575;0.662373053;85.52438885;78.17615457;92.3096262;66.1698619;;0.0;
68;6898;Santander;Jesús María;68368;2021;3371;5.124592109;2.017205577;77.12844853;278;1890.0;109;1;0;0;0;0;83.14196242;37.7348643;77.44075829;1146304.333;71.34381489;2405.0;53.0;54.0;257.2368469;46.88822806;12.1819123;3.00296722;31.70334854;1.39092934;25.98074785;6.404522723;67.61472943;31.30814552;168.5948639;162.2011414;14.11078717;37.0845481;28.57142857;12.07729469;35.4468599;32.48792271;51.0;65574.0;18.0;88220.0;22.0;110839.0;81.81818;79.59293;0.784104224;80.36322799;69.79867731;89.3362756;80.2405751;79.75545514;0.0;
68;6837;Santander;Jordán;68370;2011;1308;3.281090724;;92.35474006;112;300.0;33;1;0;0;0;0;94.37971213;37.97121316;86.72456576;1254324.25;89.37308869;1169.0;39.5;40.9;192.6;14.22175188;0.8516829;8.224000315;5.146068663;1.087289899;5.988593439;57.82691461;36.18449195;14.54957008;282.1607971;49.20009995;16.48351648;37.04866562;17.42543171;16.09538003;37.25782414;20.41728763;34.0;3169.0;24.0;2280.0;24.0;2280.0;100.0;100.0;;82.86707883;81.07496301;84.4700076;62.9742799;89.03483586;0.0;
68;6837;Santander;Jordán;68370;2016;1306;3.924196018;0.076569678;91.57733538;117;300.0;33;1;0;0;0;0;94.01114206;36.14206128;78.24019025;1218347.25;86.37059724;1128.0;40.88235294;35.41176471;191.5294118;11.88651855;1.947344214;2.660651659;7.278522673;0.910146902;16.38279709;22.38377577;61.23342714;14.54957008;282.1607971;49.20009995;16.46706587;39.37125749;17.51497006;17.0846395;38.40125392;18.02507837;30.0;33462.0;19.0;1871.0;20.0;2026.0;95.0;92.34946;0.474786945;90.04156191;81.61913375;96.1270167;69.6647798;87.35844228;0.0;
68;6837;Santander;Jordán;68370;2021;1373;4.400339888;0.145666424;90.60451566;122;300.0;33;1;0;0;0;0;93.0654569;36.42255347;74.32735426;1670205.75;81.50036417;1119.0;44.8571434;52.8571434;225.8571472;18.13478523;5.348123841;2.5551063;10.23155508;1.320814656;29.49096874;14.08953163;56.41949964;14.54957008;282.1607971;49.20009995;14.86291486;41.12554113;19.19191919;15.14705882;39.55882353;20.44117647;36.0;51380.0;19.0;51902.0;20.0;54277.0;95.0;95.6243;0.183635706;91.76533845;83.21423382;97.4118539;91.6252833;91.41723069;0.0;
68;6898;Santander;La Belleza;68377;2011;6685;2.208925455;;75.97606582;36;2000.0;259;1;0;0;0;0;81.81021898;38.18978102;85.53927456;1227907.833;78.98279731;5280.0;44.92222222;42.63333333;210.8222222;45.13756612;5.468938242;7.242575557;32.42605232;0.675206673;12.1161567;16.04556067;71.83828263;47.52367783;172.3410492;169.5808105;17.09176195;37.55496922;16.79859279;16.73793525;37.84361637;16.46304215;;;;;;;;;;89.61745946;88.18076384;90.9677328;68.1041864;91.35307079;0.0;
68;6898;Santander;La Belleza;68377;2016;6299;2.877440864;0.127004286;73.72598825;41;2000.0;259;1;0;0;0;0;79.74195462;37.89114637;75.43039843;1280662.458;80.266709;5056.0;49.85245902;48.19672131;243.0491803;65.31792742;10.38975427;9.609740766;45.31843238;1.036957095;15.90643593;14.71225611;69.38130796;47.52367783;172.3410492;169.5808105;16.15289766;38.9025894;20.96177559;15.8101473;39.37806874;20.22913257;;;;;;;;;;86.53729489;84.84887804;87.9285973;66.953543;87.19796283;0.0;
68;6898;Santander;La Belleza;68377;2021;6494;3.840724772;0.354173083;69.95688328;46;2000.0;259;1;0;0;0;0;76.73317066;38.09387111;74.42027253;1063439.583;85.66368956;5563.0;54.01492691;53.44776154;254.5522461;80.72521362;19.12240157;5.074483753;56.5283283;1.243073816;23.68826382;6.286119944;70.02561624;47.52367783;172.3410492;169.5808105;14.71291866;39.65311005;23.26555024;14.6031746;39.07936508;22.95238095;;;;;;;;;;86.66879572;84.91263838;88.083891;86.5365191;85.20010431;0.0;
68;6898;Santander;Landázuri;68385;2011;10415;3.879020643;;72.981277;37;926.0;626;1;0;0;0;0;78.74757282;38.4368932;87.92809546;739346.0833;91.29140663;9508.0;43.03658537;43.07926829;208.2682927;119.3463467;43.00578354;16.76285648;59.57770664;1.145908273;36.03443653;14.04555477;49.9200087;60.59999847;219.4815063;117.720047;17.38728751;36.89948263;15.87213599;17.00979412;38.0571657;15.15090945;;;;;;;;;;90.87220193;89.55776047;92.0617376;69.0577195;91.69939262;0.0;
68;6898;Santander;Landázuri;68385;2016;10251;4.488992944;0.11706175;69.91513023;42;926.0;626;1;0;0;0;0;76.20348563;38.89778615;79.48286414;722257.9167;81.17256853;8321.0;52.96212121;49.93939394;255.2045455;145.2742621;49.34601272;20.81739069;75.1108587;1.417171614;33.96748468;14.32971704;51.70279828;60.59999847;219.4815063;117.720047;16.32691582;37.78784447;19.66779917;15.64708258;39.34988896;20.18978397;;;;;;;;;;85.12444293;83.45163975;86.7080665;65.8604254;85.6824031;0.0;
68;6898;Santander;Landázuri;68385;2021;10440;5.271392082;0.229885057;67.15517241;47;926.0;626;1;0;0;0;0;73.98202494;39.23330888;76.73688929;905965.75;80.21072797;8374.0;50.03355789;48.71141052;236.4563751;193.3671588;84.23500145;10.24712198;98.88503533;1.85217585;43.56220673;5.299308342;51.13848492;60.59999847;219.4815063;117.720047;15.07002801;38.69281046;21.9047619;14.39528024;39.54768928;22.67453294;;;;;;;;;;83.95984875;82.12273167;85.6698025;83.8317066;81.3956415;0.0;
68;6898;Santander;La Paz;68397;2011;5411;2.665865829;;86.67529107;212;1950.0;241;1;0;0;0;0;90.29564055;36.72958076;83.03120357;755499.1667;87.8580669;4754.0;44.11764706;43.92647059;220.0588235;35.90142414;5.053113639;5.303211295;25.5450992;0.663489635;14.07496711;14.77159033;71.15344257;48.42003632;208.0978546;120.4453812;16.02448686;38.17068779;20.56175729;14.23690205;37.09187547;23.27258922;;;;;;;;;;91.66325167;90.27148132;92.8117659;69.6588724;92.1574025;0.0;
68;6898;Santander;La Paz;68397;2016;5071;3.400052587;0.078879905;85.6635772;217;1950.0;241;1;0;0;0;0;89.51890034;35.92783505;76.60436137;756900.4167;73.55551173;3730.0;50.89230769;51.38461538;256.3692308;48.66255648;8.943852305;7.092013065;32.62669111;0.959624462;18.37933095;14.57386043;67.04680862;48.42003632;208.0978546;120.4453812;14.25884123;38.67569601;25.99699022;13.05428927;37.46373809;28.3050145;;;;;;;;;;86.11926862;84.53568198;87.7550068;66.6301179;84.24310974;0.0;
68;6898;Santander;La Paz;68397;2021;5096;3.733320251;0.156985871;83.14364207;222;1950.0;241;1;0;0;0;0;87.63358779;35.8778626;76.07476636;962083.3333;63.79513344;3251.0;50.38596344;51.07017517;246.3684235;55.95225798;12.32833019;3.459309692;40.16461809;1.097964246;22.03365984;6.182609634;71.78373053;48.42003632;208.0978546;120.4453812;13.12453393;38.81431767;28.63534676;11.76470588;37.07539354;31.6072908;;;;;;;;;;81.30087719;79.38035383;83.0202236;81.1767932;87.56456086;0.0;
68;6879;Santander;Lebrija;68406;2011;37393;6.020289002;;49.23648811;112;1013.0;541;1;0;0;0;0;57.17235446;41.51993117;75.65709171;533883.3333;46.72532292;17472.0;46.76302059;46.94187643;222.3157895;825.6191727;519.4391305;113.0000388;193.1800033;2.207951148;62.91510029;13.68670236;23.39819735;22.48399353;327.2351074;22.48399353;17.58601007;41.12396866;13.10777853;18.06092043;41.51307803;12.7138285;458.0;64453.0;177.0;25009.0;235.0;33052.0;75.31914894;75.66561781;0.083617901;75.73599378;71.93046352;79.3347559;57.5550597;74.16102969;0.0;
68;6879;Santander;Lebrija;68406;2016;40177;7.094440434;0.348458073;46.58635538;117;1013.0;541;1;0;0;0;0;54.58713207;41.71659286;66.57544244;685696.25;52.86357866;21239.0;53.81183932;53.5961945;265.3953488;1512.066131;905.0021149;278.1951425;328.8688733;3.763511787;59.85201947;18.39834494;21.74963559;22.48399353;327.2351074;22.48399353;17.95394929;42.58719518;14.53900709;17.87045072;42.6777602;14.42499107;526.0;822105.0;197.0;23186.0;290.0;34748.0;67.93104;66.72614;0.082885718;67.05203778;63.17522837;71.3014177;51.8778811;66.85624749;0.0;
68;6879;Santander;Lebrija;68406;2021;44745;8.454762171;1.19566432;43.46183931;122;1013.0;541;1;0;0;0;0;51.67710249;42.17546147;63.97073171;905965.75;51.59235669;23085.0;53.06858444;51.41814041;250.6681366;2703.686593;1935.706876;273.5171251;494.4625921;6.042432881;71.59509097;10.11645084;18.28845819;22.48399353;327.2351074;22.48399353;16.66300961;43.79251328;16.19344363;16.67729301;43.25985973;16.32662355;454.0;794510.0;142.0;202755.0;226.0;340595.0;62.83186;59.52965;0.117213861;60.19555122;55.94036014;64.8144706;60.1036789;61.19315232;0.0;
68;6879;Santander;Los Santos;68418;2011;12814;2.787315957;;88.59840799;261;1295.0;293;1;0;0;0;0;91.29087017;36.17979187;79.55921531;705604.0417;57.04697987;7310.0;43.27536232;43.45652174;211.2173913;216.7356638;108.6595936;30.03609274;78.03997745;1.691397408;50.13461639;13.85839885;36.00698476;27.1414814;293.7601013;36.60054779;16.99122937;40.65705366;14.19652148;17.93987186;39.93757187;13.47133235;111.0;28915.0;47.0;11700.0;59.0;15164.0;79.66101695;77.15642311;0.38914152;78.24585103;71.65645948;85.1346314;59.4624089;82.94395474;2.0;LL
68;6879;Santander;Los Santos;68418;2016;13593;5.004414037;0.198631649;88.35430001;266;1295.0;293;1;0;0;0;0;91.14858459;36.3876473;75.7971831;686670.4167;51.16604134;6955.0;50.70860927;49.29801325;248.807947;283.4989736;134.4953749;41.09379246;107.9098063;2.08562476;47.4412211;14.49521737;38.06356154;27.1414814;293.7601013;36.60054779;16.26361194;40.70145665;16.30603875;17.03465195;41.09168967;15.5473781;137.0;238938.0;53.0;8398.0;72.0;11158.0;73.61111;75.26438;0.438693957;75.18801751;68.23287766;81.1644806;58.1726546;75.52518848;0.0;
68;6879;Santander;Los Santos;68418;2021;15062;6.562320188;0.663922454;87.0136768;271;1295.0;293;1;0;0;0;0;90.21647625;36.44016837;72.6291364;905965.75;44.98074625;6775.0;51.74264526;50.74264526;248.6911774;378.487658;216.9371257;22.77061358;138.7799187;2.512864547;57.31682952;6.016210331;36.66696015;27.1414814;293.7601013;36.60054779;14.95627572;41.97530864;18.28703704;15.71507;41.53170464;17.86988746;149.0;310250.0;50.0;117744.0;71.0;173913.0;70.42254;67.70282;0.413929811;68.51417119;61.94932626;75.4232969;68.4096027;68.58178904;0.0;
68;6834;Santander;Macaravita;68425;2011;2697;2.929180571;;89.58101594;239;2270.0;97;1;0;0;0;0;92.80798348;36.1321404;98.97632758;1099923.25;80.57100482;2173.0;40.03278689;43.39344262;211.1311475;13.42629175;1.071033686;1.859670183;10.49558788;0.497823202;7.977136991;13.85095913;78.17190388;59.15141678;290.6775513;93.17021942;17.56272401;31.1827957;23.5125448;15.05376344;32.94930876;23.11827957;;;;;;;;;;90.0830546;88.75890498;91.4580149;68.4580122;90.67474649;0.0;
68;6834;Santander;Macaravita;68425;2016;2323;4.197158846;0.043047783;88.0757641;244;2270.0;97;1;0;0;0;0;91.04012466;36.1511492;88.88888889;805954.7917;85.70813603;1991.0;46.66666667;45.07843137;230.6862745;20.58671919;4.146608372;2.976822472;13.46328835;0.886212621;20.14215249;14.45991682;65.39793069;59.15141678;290.6775513;93.17021942;15.24440762;34.7970174;25.68351284;15.50179211;34.94623656;24.10394265;;;;;;;;;;88.85168957;87.23872303;90.2161248;68.7441805;84.39456404;0.0;
68;6834;Santander;Macaravita;68425;2021;2203;5.205023453;0.226963232;85.11121198;249;2270.0;97;1;0;0;0;0;88.64754098;35.94262295;89.96937213;944734.25;77.16749887;1700.0;51.94594574;52.02702713;249.2432404;22.04833486;3.786422524;1.331754537;16.9301578;1.000832268;17.1732811;6.040159246;76.78655965;59.15141678;290.6775513;93.17021942;14.07599309;34.45595855;28.92918826;14.35406699;34.92822967;26.69856459;;;;;;;;;;84.74647178;83.06761751;86.4195046;84.617129;79.22707119;0.0;
68;6834;Santander;Málaga;68432;2011;19866;10.37031444;;15.45857244;469;2206.0;61;1;0;0;0;0;20.13158668;51.00158609;77.48411889;533883.3333;55.68307661;11062.0;47.08941176;49.92705882;231.1811765;144.6584439;1.903442882;27.07284963;115.6821514;0.728170965;1.315818718;18.71501511;79.96916617;46.46633148;304.1326294;63.17293549;17.33361866;37.25658036;17.92210571;16.57794677;39.89543726;19.93346008;278.0;40846.0;111.0;20224.0;136.0;22864.0;81.61764706;88.45346396;0.066439115;87.29522138;83.35418332;90.7749881;66.3394171;78.25909028;0.0;
68;6834;Santander;Málaga;68432;2016;20422;11.03058793;0.685535207;14.00940163;474;2206.0;61;1;0;0;0;0;18.37746479;50.36619718;70.63656551;685707.5;63.28469298;12924.0;54.18867925;54.0916442;269.9514825;196.0033445;3.522683662;29.45935819;163.0213027;0.959765667;1.797256915;15.03002832;83.17271476;46.46633148;304.1326294;63.17293549;18.77814163;37.98608269;18.17437577;16.90140845;40.1314554;21.37089202;364.0;447458.0;138.0;13470.0;186.0;18786.0;74.19355;71.70233;0.135340495;71.60267376;67.36607988;76.0033558;55.3986891;70.67568433;3.0;LH
68;6834;Santander;Málaga;68432;2021;21226;13.71431264;2.774898709;13.2243475;479;2206.0;61;1;0;0;0;0;17.51048049;50.13973987;69.62097464;907328.6667;62.82389522;13335.0;55.52229309;56.01592255;269.8694153;279.7291849;25.61330345;18.39465569;235.7212258;1.317861043;9.156464477;6.57588006;84.26765546;46.46633148;304.1326294;63.17293549;17.43388834;38.72673849;20.26444662;15.54103123;40.05083515;23.95606391;349.0;514953.0;126.0;206947.0;150.0;254245.0;84.0;81.39668;0.0608031;80.54793966;76.42559986;84.2358834;80.4250049;77.50121894;1.0;HH
68;6879;Santander;Matanza;68444;2011;5154;2.755141638;;72.93364377;124;1580.0;113;1;0;0;0;0;78.06705376;38.22813261;79.17174178;1246643.5;76.52308886;3944.0;42.16438356;42.93150685;208.6027397;30.54676292;5.594272287;4.200946165;20.75154447;0.592680693;18.31379745;13.75250849;67.93369406;14.49965477;341.9621582;14.49965477;15.7972623;38.29078801;20.60673326;15.87107303;39.04528764;20.19583843;;;;;;;;;;87.2678983;85.81123405;88.8800155;66.3186531;90.16310737;0.0;
68;6879;Santander;Matanza;68444;2016;4945;3.847320526;0.020222447;72.01213347;129;1580.0;113;1;0;0;0;0;78.09869931;38.04514155;74.96871089;1223239.958;66.61274014;3294.0;50.84615385;48.50769231;246.6615385;55.58785706;19.13578797;8.148049147;28.30401994;1.124122489;34.42440307;14.65796593;50.91763101;14.49965477;341.9621582;14.49965477;14.20323326;39.91531948;22.40184758;14.82743928;39.88069876;23.26374095;;;;;;;;;;81.67160511;79.90806223;83.5865689;63.1889792;85.25929848;0.0;
68;6879;Santander;Matanza;68444;2021;5196;4.161855273;0.076982294;70.11162433;134;1580.0;113;1;0;0;0;0;76.5915239;38.0342651;73.61359571;1673595.458;67.35950731;3500.0;53.52238846;51.20895386;254.1044769;78.32970788;30.88096061;5.836376886;41.61237038;1.507500152;39.42432756;7.451038749;53.12463369;14.49965477;341.9621582;14.49965477;12.85714286;40.4029304;25.09157509;13.58475264;39.6999189;26.15571776;;;;;;;;;;80.98972333;79.23565902;82.7907153;80.8661143;83.04127148;0.0;
68;6837;Santander;Mogotes;68464;2011;10801;3.775113415;;64.3366355;212;1682.0;484;1;0;0;0;0;70.88571429;41.01904762;89.42511346;618219.625;74.72456254;8071.0;38.67149758;39.70048309;197.1207729;65.03880065;8.387096431;11.26771527;45.38398894;0.602155362;12.89552751;17.32460495;69.77986754;22.26387215;272.6061401;73.25476074;17.3473142;36.00073584;17.07137601;16.43988816;34.76234856;20.05591799;;;;;;;;;;85.81830576;84.12274898;87.3052101;65.217045;87.24737096;0.0;
68;6837;Santander;Mogotes;68464;2016;10531;3.879023834;0.047478872;61.51362644;217;1682.0;484;1;0;0;0;0;68.1574065;40.87491456;88.01986344;973549.4167;76.66888235;8074.0;49.40559441;51.12587413;246.8741259;93.3798308;15.87231939;13.85766556;63.64984585;0.886713805;16.9975885;14.84010567;68.16230583;22.26387215;272.6061401;73.25476074;16.87700132;37.05029196;17.96948578;15.64534661;35.25469169;21.31367292;;;;;;;;;;83.53484792;81.63722403;85.2504469;64.6305624;84.13103377;0.0;
68;6837;Santander;Mogotes;68464;2021;10631;4.471984448;0.084658075;58.95023986;222;1682.0;484;1;0;0;0;0;65.93427589;41.12533435;85.32292623;1088975.75;75.50559684;8027.0;50.84000015;50.04000092;242.5919952;146.6642666;48.78100713;9.305538461;88.57772101;1.379590505;33.26032186;6.344789141;60.394889;22.26387215;272.6061401;73.25476074;15.48109322;38.31898165;20.16098839;14.29381736;35.37530724;24.40915107;;;;;;;;;;81.62200541;79.7503331;83.4020369;81.4974313;84.72079013;0.0;
68;6834;Santander;Molagavita;68468;2011;4824;2.100608071;;87.45854063;302;2180.0;186;1;0;0;0;0;90.95592444;36.69147109;86.61284897;1233119.708;97.55389718;4706.0;39.58333333;42.69444444;208.0416667;36.66545496;2.669565656;5.465266105;28.5306232;0.760063328;7.280874215;14.90576378;77.81336201;32.85681152;287.8223877;67.3190155;15.92814371;35.28942116;21.59680639;14.57524795;37.99051315;21.04355326;115.0;14555.0;68.0;8481.0;69.0;8603.0;98.55072464;98.58189004;0.020224982;97.79526909;94.92767106;99.6040337;74.3188578;95.84421802;0.0;
68;6834;Santander;Molagavita;68468;2016;4314;3.936794931;;86.09179416;307;2180.0;186;1;0;0;0;0;89.76715686;36.00898693;77.19810288;849560.6667;87.4594344;3773.0;49.8490566;48.75471698;244.8113208;43.5356301;10.37156304;6.358899525;26.80516754;1.009170841;23.82316051;14.60619615;61.57064334;32.85681152;287.8223877;67.3190155;17.10411199;35.21434821;25.59055118;15.48323471;37.37672584;25.04930966;137.0;136001.0;79.0;7514.0;93.0;9004.0;84.94624;83.4518;0.163429568;84.93002425;79.88597391;89.5190123;65.7100045;;0.0;
68;6834;Santander;Molagavita;68468;2021;4188;3.798551417;0.095510984;83.61986628;312;2180.0;186;1;0;0;0;0;87.89583333;36.10416667;75.87504705;1154435.125;81.13658071;3398.0;49.55555725;51.58333206;240.1666718;69.58496283;32.64547816;4.275974862;32.66350981;1.661532064;46.91455859;6.144969673;46.94047173;32.85681152;287.8223877;67.3190155;15.8013544;35.53047404;28.35214447;14.34363913;36.94880892;28.3324886;126.0;152652.0;81.0;77349.0;83.0;79183.0;97.59036;97.68385;0.023376058;96.36045002;93.08088617;98.7303831;96.2133817;94.12232766;0.0;
68;6837;Santander;Ocamonte;68498;2011;5492;2.749453751;;87.12672979;112;1430.0;74;1;0;0;0;0;90.67551472;36.12387272;79.27519819;728061.875;74.78150036;4107.0;44.36111111;49.19444444;230.6666667;31.76053811;6.303870687;4.56207803;20.89458939;0.578305501;19.84812306;14.36398217;65.78789477;18.48052979;245.6763916;89.12025452;15.93652984;40.60020697;16.21248706;15.50327806;38.95102198;18.20285384;;;;;;;;;;88.54111915;87.10217822;89.9011571;67.2862288;90.5433577;0.0;
68;6837;Santander;Ocamonte;68498;2016;5570;2.883004189;;85.90664273;117;1430.0;74;1;0;0;0;0;89.97707173;35.88273829;74.54046639;859720.2917;65.02692998;3622.0;53.34285714;54.48571429;271.9428571;55.98661638;17.38043014;8.115926338;30.4902599;1.005145716;31.04390168;14.4961901;54.45990823;18.48052979;245.6763916;89.12025452;15.36643026;40.12158055;19.31779804;15.4848601;38.8654657;21.34917593;;;;;;;;;;83.13511614;81.30919374;84.611773;64.3212916;;0.0;
68;6837;Santander;Ocamonte;68498;2021;6028;3.04136253;0.066357001;84.15726609;122;1430.0;74;1;0;0;0;0;88.70267844;35.91201556;72.95517853;1165785.5;59.9203716;3612.0;54.203125;54.46875;263.25;81.40505508;36.89899951;4.908237733;39.59781784;1.350448823;45.3276513;6.029401649;48.64294705;18.48052979;245.6763916;89.12025452;14.07129456;40.68167605;21.60725453;14.06360424;38.69257951;24.38162544;;;;;;;;;;80.23860988;78.06254398;82.3276539;80.1161472;86.14890189;0.0;
68;6824;Santander;Oiba;68500;2011;10329;4.902862491;;58.0307871;154;1420.0;285;1;0;0;0;0;66.63021869;41.08349901;83.88888889;533897.1667;71.19759899;7354.0;45.225;47.28125;223.40625;80.08572443;12.61575552;12.44267436;55.02729456;0.775348286;15.75281439;15.53669452;68.7104911;25.99769211;224.4884186;105.5733414;16.07655502;38.12440191;17.30143541;16.26175549;37.98981191;18.78918495;;;;;;;;;;85.48479689;83.83680763;87.0091709;64.9635972;87.74880879;0.0;
68;6824;Santander;Oiba;68500;2016;10530;6.080246914;0.218423552;56.03038936;159;1420.0;285;1;0;0;0;0;63.88025981;41.54193731;71.62435084;685696.25;68.48053181;7211.0;53.71511628;53.3255814;264.627907;115.2160416;28.8616774;16.89742741;69.45693678;1.094169436;25.05005119;14.66586351;60.28408529;25.99769211;224.4884186;105.5733414;15.75757576;39.54545455;20.43560606;15.61904762;39.82857143;21.73333333;;;;;;;;;;79.68852333;77.91072041;81.593594;61.6546771;79.89592065;0.0;
68;6824;Santander;Oiba;68500;2021;10868;10.99021592;1.536621273;53.91976445;164;1420.0;285;1;0;0;0;0;62.028067;41.76550475;69.71723081;906416.6667;63.54435039;6906.0;53.37588501;53.09219742;254.7446747;145.6414997;38.14758452;9.058932333;98.43498285;1.340094771;26.19279848;6.220021321;67.5871802;25.99769211;224.4884186;105.5733414;14.49862006;40.18399264;22.63109476;14.41192711;39.83066446;24.36959323;;;;;;;;;;74.61617411;72.56413799;76.5240652;74.5022926;72.98594222;0.0;
68;6837;Santander;Onzaga;68502;2011;4928;2.988027597;;76.80600649;124;1945.0;482;1;0;0;0;0;82.08301599;38.42345773;94.34872502;1139019.583;91.37581169;4503.0;42.025;43.25;212.05;33.99365835;3.91394432;5.920601431;24.1591126;0.689806379;11.51374847;17.41678218;71.06946934;39.75374222;267.8497925;90.42002106;14.48874852;33.20173707;25.85866561;13.44467641;35.24008351;27.47390397;183.0;36510.0;89.0;17190.0;95.0;18230.0;93.68421053;94.29511794;0.06013966;93.9401715;90.28836514;97.0317205;71.3892023;92.72662012;1.0;HH
68;6837;Santander;Onzaga;68502;2016;4377;4.095270733;0.022846699;72.67534841;129;1945.0;482;1;0;0;0;0;78.68678283;38.05779856;88.50094877;785786.5;79.43797121;3477.0;48.14814815;47.30864198;236.6296296;42.11459285;5.38052142;6.271960133;30.4621113;0.962179412;12.77590748;14.89260541;72.33148711;39.75374222;267.8497925;90.42002106;14.76829796;33.47769597;27.67431789;13.78143133;34.96131528;30.70599613;144.0;267260.0;83.0;12869.0;93.0;14443.0;89.24731;89.10199;0.090499874;88.54698146;83.4710132;92.6667932;68.5084291;86.06725589;0.0;
68;6837;Santander;Onzaga;68502;2021;4201;4.2549393;0.142823137;68.12663652;134;1945.0;482;1;0;0;0;0;74.87292818;38.62983425;86.10891871;1415947.958;75.88669364;3188.0;53.52941132;53.23529434;256.1764832;53.03208958;11.39421843;3.499167962;38.1387032;1.262368236;21.48551663;6.598208725;71.91627465;39.75374222;267.8497925;90.42002106;13.3969119;34.15077203;30.42688465;12.55627814;34.56728364;33.66683342;179.0;331668.0;82.0;51006.0;101.0;72446.0;81.18812;70.40554;0.188708433;72.19916806;65.3976092;77.9073561;72.0889754;74.63621536;0.0;
68;6824;Santander;Palmar;68522;2011;1333;4.257314329;;64.66616654;112;870.0;20;1;0;0;0;0;73.3281493;39.42457232;103.022339;928799.625;83.57089272;1114.0;40.84210526;40.84210526;211.1052632;8.200826963;0.574619396;1.054100741;6.572106825;0.615215826;7.006846981;12.85359081;80.1395622;8.915716171;255.3252869;72.54033661;15.65731167;33.82570162;20.82717873;14.17682927;31.70731707;23.93292683;;;;;;;;;;89.91402065;88.49037749;91.2911667;68.329556;86.22941122;0.0;
68;6824;Santander;Palmar;68522;2016;1361;5.865784962;0.146950771;66.56869949;117;870.0;20;1;0;0;0;0;74.45205479;38.49315068;75.51252847;689470.8333;73.62233652;1002.0;53.38461538;50.69230769;263.5384615;14.67477185;2.850986754;2.108542333;9.715242761;1.078234522;19.42780974;14.3684846;66.20370567;8.915716171;255.3252869;72.54033661;16.07396871;38.83357041;21.05263158;16.10942249;39.20972644;23.40425532;;;;;;;;;;83.66626453;82.04041286;85.3472933;64.7322389;78.67731038;0.0;
68;6824;Santander;Palmar;68522;2021;1449;6.153669197;0.138026225;63.90614217;122;870.0;20;1;0;0;0;0;72.40051348;39.0885751;77.77777778;923771.6667;69.49620428;1007.0;53.77777863;55.14814758;265.0740662;16.13983158;2.519799768;0.95123635;12.66879546;1.113860013;15.61230521;5.893719181;78.4939756;8.915716171;255.3252869;72.54033661;14.57489879;37.5168691;24.56140351;13.84180791;39.26553672;26.55367232;;;;;;;;;;80.43700182;78.6044592;82.2722636;80.3142363;72.51721827;0.0;
68;6824;Santander;Palmas del Socorro;68524;2011;2414;3.393399613;;70.7953604;226;1190.0;62;1;0;0;0;0;77.20081136;38.01217039;81.52031455;769678.1667;75.10356255;1813.0;41.52380952;41.11904762;207.2380952;26.26217629;11.56962892;3.485707805;11.20683956;1.087911197;44.05434187;13.27273021;42.67292792;5.643580437;243.5821838;85.04234314;14.55696203;39.16139241;19.77848101;14.43478261;38.34782609;20.34782609;;;;;;;;;;88.64947003;87.3213154;90.0482723;67.3685693;89.48316342;0.0;
68;6824;Santander;Palmas del Socorro;68524;2016;2502;3.234079403;0.079936051;69.86410871;231;1190.0;62;1;0;0;0;0;76.43458301;38.86763581;78.6028949;972272.5;75.37969624;1886.0;50.82608696;49.06521739;253.2826087;59.69789896;34.63448771;8.593667132;16.46974412;2.386007153;58.01625904;14.39525893;27.58848202;5.643580437;243.5821838;85.04234314;15.23959152;38.57030636;21.28829537;14.56468674;38.89340928;22.21318145;;;;;;;;;;83.28840965;81.53184296;85.1371706;64.4398941;84.1861238;0.0;
68;6824;Santander;Palmas del Socorro;68524;2021;2597;4.768322423;0.154023874;67.8090104;236;1190.0;62;1;0;0;0;0;74.69967237;39.06079359;77.10989678;908526.0;66.4613015;1726.0;52.80487823;52.31707382;254.5853729;81.39054452;54.45144894;4.823027227;22.11606835;3.134021737;66.90144324;5.925783217;27.17277354;5.643580437;243.5821838;85.04234314;13.91634981;39.39163498;23.72623574;13.49453978;38.61154446;25.27301092;;;;;;;;;;79.85903967;77.80968888;81.7485161;79.7371563;79.16514996;0.0;
68;6837;Santander;Páramo;68533;2011;4312;2.860235003;;75.18552876;243;1406.0;74;1;0;0;0;0;81.41246837;37.9342075;83.88399413;700544.5833;68.22820037;2942.0;49.17021277;52.87234043;230.787234;52.74951153;27.79228175;6.900737797;18.05649199;1.223318913;52.68727793;13.08208853;34.23063354;11.49478149;250.0224152;82.3117218;16.5701559;39.68819599;14.43207127;16.44895985;38.36477987;16.49733914;;;;;;;;;;86.41751707;84.77411084;87.9701749;65.6724116;87.77866373;0.0;
68;6837;Santander;Páramo;68533;2016;4559;3.85683995;0.021934635;73.50296118;248;1406.0;74;1;0;0;0;0;78.87082977;37.9597947;76.48448043;740422.75;64.53169555;2942.0;55.20689655;54.32758621;268.1034483;141.6361428;94.74003512;20.37088798;26.5252197;3.106737065;66.88973114;14.38254924;18.72771962;11.49478149;250.0224152;82.3117218;16.7437947;40.76567101;15.73411864;16.26947754;40.42163153;17.23189734;;;;;;;;;;79.29662279;77.59245672;81.2011642;61.3514653;81.68718986;0.0;
68;6837;Santander;Páramo;68533;2021;4795;4.690649983;0.125130344;71.11574557;253;1406.0;74;1;0;0;0;0;76.91069992;38.11343524;72.92922882;926468.5;66.36079249;3182.0;60.29999924;60.32500076;285.9750061;116.9427892;74.37065085;6.918380353;35.65375797;2.438848575;63.59575599;5.916038433;30.48820558;11.49478149;250.0224152;82.3117218;15.59743384;41.98075381;17.60224539;15.25423729;40.8083442;19.51325511;;;;;;;;;;80.54981718;78.61479611;82.2645141;80.4268795;79.62687095;0.0;
68;6879;Santander;Piedecuesta;68547;2011;144171;7.43821573;;19.03295392;124;1009.0;481;1;0;0;0;0;24.06949683;49.06347805;67.61627137;533883.3333;27.24056849;39273.0;46.613945;47.65225;223.31;1456.868516;219.9108616;343.8035075;893.1541468;1.010514261;15.09476381;23.59880138;61.3064348;27.78236771;310.1260986;27.78236771;18.67522531;41.349419;12.86232144;18.22044153;43.59353572;14.44782059;3100.0;136578.0;1079.0;49876.0;1577.0;70629.0;68.42105263;70.61688542;0.015183284;70.56381109;69.0133392;72.1181592;53.6244943;63.84847509;0.0;
68;6879;Santander;Piedecuesta;68547;2016;161847;8.394450726;0.665443289;18.50822073;129;1009.0;481;1;0;0;0;0;23.71578041;48.73206295;62.15800471;685696.25;29.29989434;47421.0;55.78395385;54.86575773;275.1903513;2326.780645;312.4675739;524.8792726;1489.433798;1.437642122;13.42918056;22.55817598;64.01264346;27.78236771;310.1260986;27.78236771;18.23635808;42.35491924;14.92204616;16.93924813;44.23739186;17.18163165;3178.0;1919398.0;966.0;53943.0;1669.0;89372.0;57.87897;60.35783;0.016490601;60.31319024;59.013638;61.9261109;46.664063;59.54232663;0.0;
68;6879;Santander;Piedecuesta;68547;2021;186850;8.341584158;1.099812684;17.50120417;134;1009.0;481;1;0;0;0;0;22.67942641;48.68392561;60.46224323;905965.75;28.96440995;54120.0;55.90418243;53.75680923;264.2033081;3261.253852;497.6118976;551.8808407;2211.761114;1.745386059;15.25830003;16.92235152;67.81934845;27.78236771;310.1260986;27.78236771;16.88610747;43.42614118;16.67015568;15.69170248;44.46502721;19.31334492;2841.0;1852621.0;823.0;673920.0;1352.0;1055632.0;60.87278;63.84043;0.021631025;63.77841602;61.98393915;65.5105252;63.6810754;61.68009275;0.0;
68;6837;Santander;Pinchote;68549;2011;4819;3.757695234;;80.55613198;124;1170.0;54;1;0;0;0;0;85.76009053;38.21199547;75.04774029;533883.3333;47.10520855;2270.0;49.72463768;51.44927536;235.1304348;51.84489915;21.41739286;7.77745218;22.65005411;1.075843518;41.31051118;15.00138356;43.68810526;8.720664978;260.1295776;70.64764404;14.7662018;41.09926169;17.96554553;15.62368753;41.41117178;19.94960101;;;;;;;;;;79.68704205;77.81626299;81.4583875;60.5576323;81.09377978;0.0;
68;6837;Santander;Pinchote;68549;2016;5062;4.728038983;0.671671276;79.29672066;129;1170.0;54;1;0;0;0;0;84.70712031;37.54822869;69.62852897;685696.25;43.40181746;2197.0;53.64788732;50.95774648;260.2676056;82.09894683;34.63857158;11.98543016;35.47494508;1.621867776;42.19124961;14.59876238;43.20998801;8.720664978;260.1295776;70.64764404;15.49459042;41.30602782;19.74497682;15.31932094;42.03718674;22.59498787;;;;;;;;;;71.93506894;69.99154856;74.029316;55.6558619;68.73386305;0.0;
68;6837;Santander;Pinchote;68549;2021;5379;5.636115759;0.650678565;77.31920431;134;1170.0;54;1;0;0;0;0;83.18845334;37.39544038;68.37391548;905965.75;41.38315672;2226.0;54.46774292;55.0;259.5645142;114.7131086;58.77056625;6.995235691;48.94730669;2.132610311;51.2326507;6.098026437;42.66932287;8.720664978;260.1295776;70.64764404;14.39421338;41.95298373;21.98915009;14.15455241;41.46901301;25.51644989;;;;;;;;;;71.66828943;69.54191751;73.8115928;71.558907;70.66292186;0.0;
68;6898;Santander;Puente Nacional;68572;2011;14620;4.87631099;;65.4377565;249;1625.0;273;1;0;0;0;0;72.72727273;40.91234463;84.47142698;551279.5833;55.73187415;8148.0;44.65217391;46.2;219.2565217;110.6568742;19.3440064;16.97557882;74.33728897;0.756886964;17.48107069;15.3407359;67.17819342;31.26179695;170.1427002;157.6430511;14.69200888;35.41897891;24.90288568;15.28602267;36.09012412;25.68807339;257.0;25633.0;91.0;9162.0;107.0;10745.0;85.04672897;85.26756631;0.12583721;85.05160304;80.61229897;88.6941723;64.6343944;84.37848564;0.0;
68;6898;Santander;Puente Nacional;68572;2016;14439;5.372601981;0.166216497;63.43237066;254;1625.0;273;1;0;0;0;0;71.52871567;40.16335456;79.49519768;685700.0;51.24316088;7399.0;55.74054054;56.22702703;277.2756757;141.5200457;23.70899386;20.71672494;97.09432693;0.980123594;16.75309935;14.6387212;68.60817945;31.26179695;170.1427002;157.6430511;14.90424646;35.83125173;28.22647794;13.70109222;36.43025024;29.32393198;222.0;352333.0;66.0;8961.0;92.0;12249.0;71.73913;73.15699;0.243193982;73.43048974;68.29042868;78.4046205;56.8128627;74.15031446;0.0;
68;6898;Santander;Puente Nacional;68572;2021;15162;5.999648243;0.573802928;61.10671415;259;1625.0;273;1;0;0;0;0;69.59163831;40.25279533;78.8989845;905965.75;50.05935892;7590.0;54.20689774;54.04597855;260.0862122;194.5237504;52.94062421;12.13951053;129.4436157;1.282968938;27.21550664;6.240631547;66.54386181;31.26179695;170.1427002;157.6430511;13.54029062;36.10303831;31.03038309;12.40779768;35.98524763;32.65279241;226.0;322726.0;41.0;56785.0;72.0;96445.0;56.94444;58.87812;0.406090915;60.39586796;54.27301539;66.1162165;60.3036899;62.86112552;0.0;
68;6898;Santander;Puerto Parra;68573;2011;7210;3.832639852;;64.41054092;31;100.0;745;1;0;0;0;0;73.40961098;38.68802441;99.53617811;899927.1667;51.9001387;3742.0;42.59701493;39.01492537;201.0746269;55.54689571;5.874819562;8.045841073;41.62623508;0.770414642;10.57632382;14.48477178;74.9389044;36.56952286;254.108078;106.4849777;16.60990307;36.18024627;12.57532093;17.68346596;37.16475096;10.63955202;;;;;;;;;;81.88910229;80.19122664;83.5932357;62.2310732;86.39017806;0.0;
68;6898;Santander;Puerto Parra;68573;2016;7493;3.624493972;0.040037368;65.56786334;36;100.0;745;1;0;0;0;0;72.864819;39.06957014;87.24358974;755623.0417;53.32977446;3996.0;47.61818182;44.8;234.0181818;100.95517;27.37299107;14.65954702;58.92263195;1.347326439;27.11400621;14.52084823;58.36514556;36.56952286;254.108078;106.4849777;16.61506708;39.55108359;12.79669763;17.00304119;38.73375726;11.99889411;;;;;;;;;;75.11063608;72.88723273;77.0810563;58.1127849;81.11135931;0.0;
68;6898;Santander;Puerto Parra;68573;2021;7779;6.27329991;1.863992801;64.27561383;41;100.0;745;1;0;0;0;0;71.65322581;39.40860215;83.82622884;909483.3333;53.09165703;4130.0;47.71641922;43.62686539;218.8208923;164.7368985;64.88352563;9.898193048;89.95517985;2.117713055;39.38615223;6.008485735;54.60536204;36.56952286;254.108078;106.4849777;15.26870919;41.00954294;14.4148669;15.9599684;39.4521991;13.69502239;;;;;;;;;;74.53651736;72.44193171;76.6059828;74.4227574;76.64301947;0.0;
68;6848;Santander;Puerto Wilches;68575;2011;30190;12.7387656;;52.0867837;124;65.0;1588;1;0;0;0;0;59.87611076;41.27060212;90.01819739;573354.9167;57.12487579;17246.0;40.7100565;40.62788136;199.5706215;790.0110818;515.9422672;99.49529098;174.5735235;2.616797223;65.30823164;12.59416397;22.0976044;87.96453857;377.1705627;98.57717896;17.65083853;37.21004948;12.99877916;18.33595406;38.1349559;11.25316196;;;;;;;;;;78.55396699;76.83245577;80.4766009;59.6965596;78.89187117;0.0;
68;6848;Santander;Puerto Wilches;68575;2016;31762;9.682692106;0.387255211;51.05157106;129;65.0;1588;1;0;0;0;0;58.21939146;41.49676347;85.58490944;705786.0417;54.7761476;17398.0;47.19263456;43.88668555;226.2492918;768.652273;335.5107451;179.4215901;253.7199378;2.420037381;43.64922304;23.34236122;33.00841574;87.96453857;377.1705627;98.57717896;17.28909024;37.09440431;14.77286641;17.50712989;39.26626912;13.00881514;;;;;;;;;;70.86596622;68.72460708;73.050458;54.8287016;71.87558818;0.0;
68;6848;Santander;Puerto Wilches;68575;2021;34876;11.55976412;8.722330542;49.36345911;134;65.0;1588;1;0;0;0;0;56.71804793;41.40664004;82.10953347;910970.3333;52.19061819;18202.0;47.44578171;43.89759064;216.9939728;1442.762639;766.2053775;302.8365619;373.7206998;4.136835185;53.10682136;20.99004741;25.90313123;87.96453857;377.1705627;98.57717896;15.9437215;38.33833834;16.6444222;16.21285664;40.01420623;14.89286137;;;;;;;;;;68.97307541;66.80519704;71.4459698;68.8678065;69.6885017;0.0;
68;6879;Santander;Rionegro;68615;2011;26594;3.227858414;;77.93111228;112;655.0;1253;1;0;0;0;0;82.80948851;37.3647146;82.64242568;737762.0;65.4207716;17398.0;42.5504886;43.92833876;211.0423453;599.383242;399.2347374;67.0860544;133.0624502;2.253828841;66.60759084;11.19251419;22.19989497;52.88251114;356.5483704;52.88251114;16.41281139;38.54092527;16.59074733;17.02806122;39.85969388;14.31760204;;;;;;;;;;85.22909361;83.58565841;86.8137647;64.7692772;65.18243408;4.0;HL
68;6879;Santander;Rionegro;68615;2016;26229;4.633865823;0.457508864;76.64798505;117;655.0;1253;1;0;0;0;0;81.34751251;37.22770091;76.19914284;748675.4167;65.21026345;17104.0;50.62790698;50.69435216;249.0332226;725.9108363;444.2073653;92.2957336;189.4077374;2.767588685;61.19310294;12.71447249;26.09242457;52.88251114;356.5483704;52.88251114;15.99162515;39.47007436;18.74954877;15.93957021;40.4992729;17.26450153;;;;;;;;;;80.30596861;78.34177574;81.9973333;62.132392;57.65132335;4.0;HL
68;6879;Santander;Rionegro;68615;2021;26487;5.698392922;3.409219617;74.49314758;122;655.0;1253;1;0;0;0;0;79.65265016;37.35812345;73.44851497;1068043.083;63.28009967;16761.0;50.50306702;49.09509277;238.7515411;824.388333;542.0811229;41.70715144;240.6000587;3.11242622;65.7555549;5.059163233;29.18528187;52.88251114;356.5483704;52.88251114;14.70651473;40.34974557;21.05640364;14.68804851;40.76910803;19.87394288;;;;;;;;;;79.73048783;77.69396498;81.9196585;79.6088007;59.36675956;4.0;HL
68;6848;Santander;Sabana de Torres;68655;2011;30155;8.405184325;;33.42729232;38;135.0;1163;1;0;0;0;0;40.29591285;44.41010585;82.03453103;533883.3333;52.13729066;15722.0;42.94285714;43.0984127;208.568254;683.5350569;489.5719301;43.65674013;150.3063866;2.266738706;71.62352907;6.386905792;21.98956514;54.09343719;339.5697327;57.19090652;18.10854729;38.34254144;13.27916802;18.01624915;40.33852404;12.13270142;;;;;;;;;;78.20132426;76.24727498;80.1851968;59.4285711;76.29110648;2.0;LL
68;6848;Santander;Sabana de Torres;68655;2016;31913;10.68530066;0.726976467;32.27211481;43;135.0;1163;1;0;0;0;0;38.81054341;44.77259303;82.03006414;685696.25;51.35211356;16388.0;53.3100304;51.41033435;259.343465;672.148979;373.6876773;68.92321154;229.5380902;2.106191768;55.59595997;10.25415699;34.14988304;54.09343719;339.5697327;57.19090652;17.41493238;39.32563453;12.54863212;17.79262087;40.3307888;12.09923664;;;;;;;;;;68.74808634;66.70600602;70.8530624;53.1901068;68.3550579;2.0;LL
68;6848;Santander;Sabana de Torres;68655;2021;34069;12.68895477;5.001614371;30.73468549;48;135.0;1163;1;0;0;0;0;37.43379464;44.77703742;78.8046687;905965.75;51.16674983;17432.0;51.08794785;48.85016251;240.9120483;966.8484664;553.6872657;75.47837441;337.6828263;2.837912667;57.26722283;7.806639513;34.92613765;54.09343719;339.5697327;57.19090652;16.05188488;40.70878453;14.21043488;16.54761905;41.17261905;13.7797619;;;;;;;;;;67.95538872;65.5746449;70.3499863;67.8516731;70.55421573;2.0;LL
68;6834;Santander;San Andrés;68669;2011;9508;2.716133782;;68.3845183;124;1607.0;286;1;0;0;0;0;74.88621422;39.41539395;81.7114094;1228738.5;87.26335717;8297.0;41.72121212;43.51515152;210.2121212;58.27651292;6.81486714;10.70645192;40.75519386;0.612920834;11.69402011;18.37181291;69.93416699;39.74581909;304.1708679;50.86226654;15.32771728;37.02486131;22.29299363;15.47080371;37.85822021;22.53824607;178.0;34950.0;93.0;14320.0;108.0;19519.0;86.11111111;73.36441416;0.335428934;75.72111653;70.08037544;81.3751298;57.5437539;77.78564774;3.0;LH
68;6834;Santander;San Andrés;68669;2016;8885;4.576064528;0.11254924;65.09848059;129;1607.0;286;1;0;0;0;0;71.83963789;38.52785861;78.78625134;782841.0;78.221722;6950.0;50.38410596;50.59602649;251.8874172;92.43893858;24.77619283;13.73710788;53.92563786;1.040393231;26.80276647;14.86073736;58.33649617;39.74581909;304.1708679;50.86226654;14.73752151;38.1454389;24.76333907;13.50011801;38.73023366;25.53693651;229.0;434860.0;118.0;12292.0;135.0;14378.0;87.40741;85.49172;0.197767932;85.49580025;80.8158449;89.6899355;66.147743;69.91751164;0.0;
68;6834;Santander;San Andrés;68669;2021;8929;3.828349573;0.772762907;62.06742076;134;1607.0;286;1;0;0;0;0;69.26850075;38.69695031;77.95458609;1373901.125;68.02553477;6074.0;53.35659027;54.53488541;258.341095;108.0430586;28.65222892;7.136995893;72.25383375;1.210024175;26.51926861;6.605695903;66.87503548;39.74581909;304.1708679;50.86226654;13.36612489;38.32335329;27.65183918;12.20315072;38.44345168;28.75617211;224.0;461772.0;99.0;219275.0;111.0;253934.0;89.18919;86.35118;0.230136467;85.85524773;81.20676386;90.2540831;85.7242127;85.22826689;1.0;HH
68;6898;Santander;San Benito;68673;2011;3089;2.365922089;;91.74490126;112;1200.0;50;1;0;0;0;0;94.64902186;35.18411968;75.53776888;1282326.0;76.75623179;2371.0;44.55555556;47.18518519;219.7407407;29.63444924;11.00111748;3.897498213;14.73583355;0.959354135;37.12273305;13.15191715;49.7253498;46.56361389;204.1795197;123.3046646;16.97303922;40.13480392;18.87254902;16.19766644;38.50377488;20.65888813;;;;;;;;;;90.05329383;88.68561723;91.418179;68.4353957;91.14158567;0.0;
68;6898;Santander;San Benito;68673;2016;2944;3.62035779;0.101902174;91.20244565;117;1200.0;50;1;0;0;0;0;93.67681499;33.84074941;67.31557377;775769.5833;74.6263587;2197.0;49.52173913;49.82608696;251.9130435;35.90334896;13.62824508;5.172387404;17.10271648;1.219543103;37.95814451;14.40642044;47.63543505;46.56361389;204.1795197;123.3046646;14.32160804;43.65577889;23.11557789;13.53550296;38.31360947;25.88757396;;;;;;;;;;88.5910704;86.89141487;90.0977729;68.5425406;83.72873259;0.0;
68;6898;Santander;San Benito;68673;2021;2985;3.121161362;0.033500838;89.27973199;122;1200.0;50;1;0;0;0;0;92.38912732;33.8769671;67.49872644;1283573.458;73.63484087;2198.0;49.15000153;50.29999924;236.6499939;97.07959756;70.36579676;5.741045783;20.97275503;3.252247825;72.48257978;5.913751115;21.60366911;46.56361389;204.1795197;123.3046646;12.80298322;43.50528278;26.10316967;12.20930233;37.71802326;29.14244186;;;;;;;;;;85.87872461;84.22032112;87.6078721;85.7476538;83.86456812;0.0;
68;6837;Santander;San Gil;68679;2011;50586;18.29590532;;13.87340371;124;1117.0;150;1;0;0;0;0;18.64785903;50.47247329;67.29607694;533883.3333;31.28335903;15825.0;48.42095535;49.99981308;233.1838006;484.3528533;29.30770782;90.55054027;364.4946052;0.957483994;6.050900211;18.69515987;75.25393992;0.0;268.5490417;63.71326447;17.14452409;41.87364561;15.90265044;16.30688229;42.52726589;18.85671305;352.0;39315.0;130.0;16526.0;173.0;19537.0;75.14450867;84.58821723;0.136505242;83.23926483;79.55073242;86.9260428;63.2571202;70.35259154;0.0;
68;6837;Santander;San Gil;68679;2016;54009;22.27761422;2.634746061;12.77750005;129;1117.0;150;1;0;0;0;0;17.29150727;50.22103205;64.19947364;685696.25;35.98844637;19437.0;56.44101433;55.25799338;276.5016538;752.184863;50.65797724;125.8612221;575.6656637;1.392702814;6.734777544;16.73275125;76.53247121;0.0;268.5490417;63.71326447;17.15900732;42.09222192;17.18998025;16.28814762;42.60823279;20.17388219;453.0;492484.0;166.0;15049.0;237.0;22321.0;70.04219;67.42081;0.120105746;66.47715418;62.33403189;70.5074134;51.4330961;63.36826313;0.0;
68;6837;Santander;San Gil;68679;2021;61613;18.85708644;2.510833753;12.88202165;134;1117.0;150;1;0;0;0;0;17.5488337;49.85179594;63.1674079;905965.75;41.53993475;25594.0;56.28045654;54.37817383;266.1294556;1017.140415;129.2266114;77.57086468;810.3429392;1.650853578;12.70489398;7.626367364;79.66873865;0.0;268.5490417;63.71326447;15.75337838;42.96621622;19.14864865;14.99703246;42.65142286;22.47836816;345.0;501065.0;109.0;124562.0;169.0;202372.0;64.49704;61.55101;0.093951327;61.25943081;56.45185038;66.2961839;61.1659347;60.67914802;0.0;
68;6837;Santander;San Joaquín;68682;2011;2536;3.77891693;;70.30757098;112;1974.0;135;1;0;0;0;0;76.01704766;39.09337466;88.37662338;636750.4167;77.83911672;1974.0;44.37037037;42.33333333;210.7037037;17.37289686;1.482311619;2.392167992;13.49841725;0.685051138;8.532322678;13.76954005;77.69813727;32.33635712;275.696991;78.71784973;16.5767155;34.38704703;22.74479568;14.60855529;35.99677159;22.03389831;99.0;19324.0;45.0;8781.0;51.0;10142.0;88.23529412;86.5805561;0.266334112;86.96465644;81.68988914;92.3540893;66.0882065;88.52168928;1.0;HH
68;6837;Santander;San Joaquín;68682;2016;2281;5.604267134;0.043840421;65.40990794;117;1974.0;135;1;0;0;0;0;71.03873239;39.04049296;92.07407407;755897.75;81.89390618;1868.0;52.34375;51.125;255.71875;22.44297755;2.426817501;3.246679293;16.76948076;0.983909581;10.81325994;14.46634826;74.7203918;32.33635712;275.696991;78.71784973;16.52613828;34.56998314;24.1989882;13.42465753;34.42922374;24.84018265;120.0;292349.0;57.0;9987.0;76.0;13742.0;75.0;72.67501;0.302010449;76.22614379;69.59387343;82.6523378;58.9758486;76.78437445;0.0;
68;6837;Santander;San Joaquín;68682;2021;2251;5.871464534;0.0888494;61.03953798;122;1974.0;135;1;0;0;0;0;67.64064544;39.33711295;88.70605834;908526.0;74.27809862;1672.0;54.15151596;56.09090805;265.969696;28.65855656;5.687050887;1.727853932;21.24365174;1.273147782;19.84416373;6.029103135;74.12673313;32.33635712;275.696991;78.71784973;14.42060086;36.13733906;27.63948498;12.24677716;35.17495396;28.17679558;114.0;266052.0;53.0;111113.0;70.0;162378.0;75.71429;68.4286;0.301092467;71.19607554;62.93659169;78.4523398;71.0874139;71.60451632;0.0;
68;6834;Santander;San José de Miranda;68684;2011;4883;2.496757458;;82.57218923;111;1979.0;80;1;0;0;0;0;87.25378788;37.76515152;89.70088375;1147816.833;87.61007577;4278.0;40.48275862;44.32758621;212.4655172;22.52472031;1.549137272;3.402335205;17.57324784;0.461288559;6.877498366;15.10489434;78.01760729;42.04152679;293.0623779;71.72789001;16.52490887;34.66990684;22.51923856;16.44573322;34.75559238;22.16238608;;;;;;;;;;90.21166286;88.8986812;91.5034216;68.5557472;92.43085242;0.0;
68;6834;Santander;San José de Miranda;68684;2016;4492;3.21682992;;80.76580588;116;1979.0;80;1;0;0;0;0;85.54787759;36.88055281;77.04745167;996078.7083;77.18165628;3467.0;49.47945205;49.67123288;248.4794521;34.23269754;3.627091008;4.988654164;25.61695237;0.762081424;10.59539934;14.57277551;74.83182516;42.04152679;293.0623779;71.72789001;17.21911322;36.41842445;24.58028412;17.19686491;35.82295989;25.31120332;;;;;;;;;;87.38473882;85.73690309;88.9470223;67.6092069;;0.0;
68;6834;Santander;San José de Miranda;68684;2021;4365;2.987781596;0.343642612;77.77777778;121;1979.0;80;1;0;0;0;0;83.17473173;37.0115408;76.04204422;1481262.083;69.82817869;3048.0;54.24074173;55.9629631;267.8333435;62.10203151;29.16986838;3.782679986;29.14948315;1.422726953;46.97087627;6.091072859;46.93805087;42.04152679;293.0623779;71.72789001;16.01769912;36.7699115;26.94690265;15.96199525;35.58194774;28.21852732;;;;;;;;;;82.8137339;80.93672481;84.6997096;82.687341;85.59653562;0.0;
68;6834;Santander;San Miguel;68686;2011;2873;2.555400859;;80.54298643;212;1890.0;71;1;0;0;0;0;85.09296149;36.98539177;89.31428571;1168733.292;80.99547511;2327.0;40.85365854;44.85365854;213.804878;19.11177158;2.028960114;3.443730161;13.63908131;0.665220034;10.61628486;18.01889556;71.36481958;50.90353775;294.898407;80.26063538;16.21975147;34.66317855;22.17135383;16.81547619;34.89583333;21.80059524;;;;;;;;;;89.17369715;87.6399548;90.5045205;67.7669522;92.05082371;0.0;
68;6834;Santander;San Miguel;68686;2016;2646;4.106827916;0.037792895;77.21088435;217;1890.0;71;1;0;0;0;0;82.43097885;36.3212621;82.16019417;795839.5;76.00151172;2011.0;52.36363636;51.25;258.2045455;24.68006679;4.655811912;3.662356047;16.36189883;0.932731171;18.86466496;14.83932794;66.2960071;50.90353775;294.898407;80.26063538;15.8786168;36.34438956;24.13549753;16.19202604;35.96419854;22.62001627;;;;;;;;;;86.9905989;85.26811664;88.5445415;67.3042624;86.38806464;1.0;HH
68;6834;Santander;San Miguel;68686;2021;2609;4.027724543;1.111536987;72.47987735;222;1890.0;71;1;0;0;0;0;78.54295034;36.78869155;81.93069307;1089268.833;70.10348793;1829.0;55.60416794;55.54166794;267.3541565;36.38247194;15.07942952;2.323079553;18.97996286;1.394498733;41.44696256;6.385161395;52.16787604;50.90353775;294.898407;80.26063538;14.68481375;36.67621777;26.36103152;15.2514427;34.87221764;26.62819456;;;;;;;;;;82.96695767;81.00150713;84.7653877;82.8403309;84.16253584;0.0;
68;6848;Santander;San Vicente de Chucurí;68689;2011;34125;6.130647131;;65.47399267;116;652.0;1104;1;0;0;0;0;72.00839958;39.57102145;79.3045378;533883.3333;62.53479853;21340.0;44.39208633;44.10791367;213.6276978;542.3525825;345.9306541;41.99289663;154.4290318;1.589311597;63.78335151;7.742730095;28.4739184;29.24807739;281.2210999;61.34631348;17.92218075;38.66078498;15.51295102;17.44207261;39.51833607;14.44383628;455.0;69789.0;207.0;34333.0;234.0;37458.0;88.46153846;91.65732287;0.028750632;91.26825043;88.36950334;93.5413836;69.3586939;85.76844066;0.0;
68;6848;Santander;San Vicente de Chucurí;68689;2016;33104;6.016896246;0.265828903;63.70227163;121;652.0;1104;1;0;0;0;0;69.7529369;39.43320819;72.50559386;685696.25;60.1739971;19920.0;52.72787611;51.47123894;259.9889381;610.3722305;308.8586152;76.72237486;224.7912404;1.843802049;50.60168202;12.56976825;36.82854973;29.24807739;281.2210999;61.34631348;17.80283319;39.68777103;17.13790113;16.69934847;40.67935986;17.17376178;479.0;848523.0;193.0;27508.0;260.0;35438.0;74.23077;77.62289;0.06860838;77.63410927;73.83426894;80.8421737;60.0651856;76.95407092;0.0;
68;6848;Santander;San Vicente de Chucurí;68689;2021;35408;6.257295903;1.412110258;61.37313601;126;652.0;1104;1;0;0;0;0;67.78239156;39.58251501;70.11508897;905965.75;54.78140533;19397.0;53.40782166;52.03072739;252.9972076;663.3172797;335.7764273;34.88672398;292.6541284;1.873354269;50.62078701;5.259432408;44.11978058;29.24807739;281.2210999;61.34631348;16.45638165;40.61298533;19.2884605;15.40050764;40.93028747;19.71548315;511.0;922397.0;203.0;186567.0;271.0;261067.0;74.90775;71.46326;0.059904583;71.65860924;67.45370176;75.2140433;71.5492416;72.60478266;0.0;
68;6879;Santander;Santa Bárbara;68705;2011;2403;3.408933278;;88.18143987;35;1900.0;185;1;0;0;0;0;90.33412888;35.08353222;82.46073298;975248.3333;72.07657095;1732.0;37.5;44.55555556;207.3888889;14.62685769;2.142551391;1.991106942;10.49319935;0.608691539;14.64806343;13.61267734;71.73925923;29.5025425;314.6557922;29.5025425;17.0325511;36.71461014;18.54655564;16.08133087;39.74121996;17.19038817;24.0;4491.0;12.0;2300.0;13.0;2557.0;92.30769231;89.94915917;0.959891453;88.51476865;76.75174498;95.7971422;67.2662039;86.18387511;0.0;
68;6879;Santander;Santa Bárbara;68705;2016;2366;3.581994928;;89.68723584;40;1900.0;185;1;0;0;0;0;92.16360856;34.82415902;72.45817246;1095172.458;61.70752325;1460.0;49.10344828;49.62068966;244.8275862;45.09558322;12.22819055;6.495870036;26.37152263;1.905984075;27.11616012;14.4046702;58.47916969;29.5025425;314.6557922;29.5025425;16.75802662;39.54581049;20.36021926;14.69237833;42.33241506;19.46740129;27.0;42665.0;14.0;2532.0;17.0;2944.0;82.35294;86.00543;0.827669259;83.1411806;72.61377098;91.5589413;64.3259836;79.43391689;0.0;
68;6879;Santander;Santa Bárbara;68705;2021;2450;3.945578231;0.204081633;87.63265306;45;1900.0;185;1;0;0;0;0;90.55636896;34.48023426;70.57728119;1117758.75;58.7755102;1440.0;48.33333206;49.27777863;234.1111145;30.20870113;8.392589795;1.80647295;20.00963838;1.233008209;27.78202797;5.979975579;66.23799645;29.5025425;314.6557922;29.5025425;15.34431138;40.19461078;23.27844311;13.64452424;42.01077199;22.26211849;33.0;55269.0;13.0;17006.0;15.0;19385.0;86.66666;87.72762;0.26834181;84.75131083;75.39808613;93.0535295;84.6219607;79.90755885;0.0;
68;6824;Santander;Santa Helena del Opón;68720;2011;3648;2.716100146;;81.55153509;36;1150.0;362;1;0;0;0;0;85.0535815;37.11223914;89.39929329;1152147.583;97.83442982;3569.0;44.36;42.12;214.4;31.70789796;9.567585615;4.393587512;17.74672483;0.869185799;30.1741403;13.85644522;55.96941448;36.44845581;231.2500153;98.7710495;18.77275091;38.53354134;11.38845554;17.50724638;37.27536232;10.89855072;;;;;;;;;;92.39102637;91.15293843;93.611926;70.2119399;93.40816213;0.0;
68;6824;Santander;Santa Helena del Opón;68720;2016;3451;4.216169226;;78.90466531;41;1150.0;362;1;0;0;0;0;82.97506449;36.48609917;76.94023194;991097.9583;95.97218198;3312.0;46.078125;45.296875;229.21875;50.81410525;14.37251164;7.34894198;29.09265163;1.47244582;28.28449221;14.46240555;57.25310224;36.44845581;231.2500153;98.7710495;17.89416258;41.24386252;14.34806328;16.44004944;38.81334981;14.33868974;;;;;;;;;;91.44243062;90.14157668;92.6642229;70.748626;;0.0;
68;6824;Santander;Santa Helena del Opón;68720;2021;3490;4.742120344;0.372492837;75.04297994;46;1150.0;362;1;0;0;0;0;80.10047446;37.17555121;73.21116928;1524621.625;93.03724928;3247.0;50.09999847;48.22000122;235.3800049;44.72700252;13.76454699;2.707441345;28.25501418;1.281576003;30.77457959;6.053259089;63.17216132;36.44845581;231.2500153;98.7710495;16.25480505;42.44920373;16.58429434;14.97902936;39.84421809;16.77651288;;;;;;;;;;88.8526608;87.24620575;90.3223485;88.7170511;84.52344178;0.0;
68;6824;Santander;Simacota;68745;2011;9965;2.216925907;;79.43803312;212;1080.0;982;1;0;0;0;0;83.57598724;37.13601915;83.70464672;1246643.5;67.75715003;6752.0;42.64285714;44.72619048;215.8333333;62.77791286;13.73620703;8.235434376;40.80627145;0.629984073;21.88063668;13.11836281;65.00100051;37.56833649;256.1029968;86.14871216;16.84710351;38.8034188;16.12535613;16.19148936;37.78723404;15.74468085;;;;;;;;;;87.04445349;85.35661108;88.3034276;66.1488477;91.99517498;0.0;
68;6824;Santander;Simacota;68745;2016;9884;3.171792796;1.325374342;78.56131121;217;1080.0;982;1;0;0;0;0;82.4362885;36.55416708;76.57403046;1120372.292;60.4815864;5978.0;49.14285714;48.64285714;248.2321429;109.1495983;39.89575493;15.65947034;53.59437307;1.104305932;36.55144457;14.34679612;49.10175931;37.56833649;256.1029968;86.14871216;16.27465857;40.06069803;19.38543247;14.76582827;38.70338248;18.10494363;;;;;;;;;;81.39139214;79.36258626;83.0853184;62.9721796;76.9283277;0.0;
68;6824;Santander;Simacota;68745;2021;10485;4.573994595;2.336671435;76.38531235;222;1080.0;982;1;0;0;0;0;80.64013206;36.56456346;74.06916851;1074968.792;56.2041011;5893.0;50.7444458;48.86666489;241.1888885;173.5081871;83.89184526;9.23697191;80.37936989;1.654822957;48.35036702;5.323651907;46.32598107;37.56833649;256.1029968;86.14871216;14.87765672;40.86444008;21.75388462;13.42611543;39.00941465;20.81457225;;;;;;;;;;78.45371703;76.63865928;80.4859928;78.3339785;81.65280487;0.0;
68;6824;Santander;Socorro;68755;2011;29836;12.68210663;;19.4295482;328;1215.0;131;1;0;0;0;0;24.44067797;47.2693032;64.72495088;533883.3333;43.64861241;13023.0;45.8961039;46.48794063;220.9313544;305.2105552;54.03942008;51.35470642;199.8164287;1.022960702;17.70561967;16.82599293;65.46838741;0.0;249.1989594;79.64904022;22.69412559;39.12221472;15.0033761;17.2234793;40.94236656;19.54612006;;;;;;;;;;72.08128262;69.81960314;73.8643879;54.7776865;70.39157995;0.0;
68;6824;Santander;Socorro;68755;2016;31208;13.82070837;0.538323507;18.69712894;333;1215.0;131;1;0;0;0;0;23.97408976;48.3290031;61.8914512;685696.25;50.00961292;15607.0;54.29880478;53.30876494;266.5956175;414.837573;72.90849529;61.97556255;279.9535151;1.329266768;17.57519088;14.93971776;67.48509136;0.0;249.1989594;79.64904022;20.26216982;40.30696265;17.73927936;16.50340051;41.13059213;22.08148749;;;;;;;;;;66.83401366;64.532425;69.059701;51.7091968;67.368048;0.0;
68;6824;Santander;Socorro;68755;2021;34837;14.19204677;0.990326377;17.27473663;338;1215.0;131;1;0;0;0;0;22.35570066;49.57050937;60.69786878;905965.75;47.35195338;16496.0;54.29108047;52.03990555;258.3802795;608.1294061;125.4877145;39.15516932;443.4865223;1.745642294;20.63503479;6.438624563;72.92634065;0.0;249.1989594;79.64904022;19.01625476;40.89673092;19.78971539;15.26137358;40.95581802;24.71019248;;;;;;;;;;62.08940153;59.9744479;64.5911142;61.9946387;66.11113553;0.0;
68;6824;Santander;Suaita;68770;2011;10099;4.024325841;;79.42370532;312;1750.0;296;1;0;0;0;0;84.00110528;37.92944644;82.44141862;604063.625;76.24517279;7700.0;43.9745;44.55414286;216.4285714;119.7613372;37.54322845;17.17530628;65.04280248;1.185873227;31.34837112;14.34127798;54.3103509;36.5308075;209.6811218;120.1374664;15.35935085;36.8431221;22.02472952;15.09242332;38.00528133;22.18159659;252.0;32404.0;89.0;11191.0;104.0;14211.0;85.57692308;78.74885652;0.29268465;79.7645996;74.69517356;83.9775574;60.6165717;87.5096171;0.0;
68;6824;Santander;Suaita;68770;2016;9908;4.379457677;0.030278563;79.12797739;317;1750.0;296;1;0;0;0;0;83.90929705;37.7414966;78.41818764;694355.0;69.80218006;6916.0;53.96527778;55.36805556;270.3680556;146.2295583;50.61769913;21.27358797;74.33827115;1.47587362;34.61523083;14.54807648;50.83669269;36.5308075;209.6811218;120.1374664;14.5266918;36.97162135;25.44155586;13.65783528;37.91332923;26.74060382;192.0;454709.0;99.0;14683.0;109.0;15877.0;90.82569;92.47969;0.141514943;91.10941133;86.86493006;94.170081;70.4909704;88.60593588;1.0;HH
68;6824;Santander;Suaita;68770;2021;10414;5.166922732;1.065872863;77.3093912;322;1750.0;296;1;0;0;0;0;82.57987763;37.92488103;77.30051972;908962.5;62.1375072;6471.0;51.73553848;51.41322327;247.2479401;208.2692775;97.53627849;12.69042442;98.04257463;1.999897038;46.83181295;6.093277207;47.07490984;36.5308075;209.6811218;120.1374664;13.24200913;37.30974125;28.27245053;12.3303606;37.43699108;30.34121753;195.0;427495.0;58.0;98289.0;75.0;120733.0;77.33334;81.41022;0.303764199;81.09713346;76.17397736;85.9362303;80.9733605;80.39219333;1.0;HH
68;6898;Santander;Sucre;68773;2011;8070;2.508261049;;93.80421314;119;2200.0;609;1;0;0;0;0;95.3724605;36.76072235;88.46620801;1246643.5;80.50805452;6497.0;43.44642857;42.52678571;208.8392857;45.62592939;4.988414649;7.422966374;33.21454837;0.565377068;10.93328885;16.26918393;72.79752722;44.26036453;174.699295;163.0413818;17.49693252;35.73006135;18.08588957;14.89361702;37.37171464;19.7747184;101.0;10847.0;34.0;3797.0;39.0;4317.0;87.17948718;87.9545981;0.295149651;88.36812655;82.50658441;93.4329208;67.1547642;91.52570883;0.0;
68;6898;Santander;Sucre;68773;2016;7325;2.973833902;0.040955631;92.87372014;124;2200.0;609;1;0;0;0;0;94.47646494;35.89097022;82.11239886;1317527.917;72.35494881;5300.0;51.54807692;49.94230769;251.5480769;75.30503437;18.45066332;11.04627091;45.80810014;1.028055077;24.50123484;14.66870177;60.83006339;44.26036453;174.699295;163.0413818;15.85204756;36.22192867;22.85336856;13.53107345;37.82485876;25.28248588;85.0;144621.0;44.0;8728.0;49.0;9594.0;89.79592;90.97353;0.08191024;89.16301227;82.77198963;93.6507722;68.9850496;87.98672061;0.0;
68;6898;Santander;Sucre;68773;2021;7396;3.385839192;0.040562466;90.81936182;129;2200.0;609;1;0;0;0;0;92.9297651;36.04066846;79.11733046;2082129.583;67.91508924;5023.0;51.81428528;51.90000153;247.9714355;72.81206879;15.55623758;4.659454063;52.59637715;0.984479026;21.36491633;6.399288114;72.23579555;44.26036453;174.699295;163.0413818;14.4625922;36.95995785;25.57955743;12.16666667;37.83333333;28.61111111;54.0;93062.0;14.0;17958.0;18.0;22931.0;77.77778;78.3132;0.627977494;79.62376525;70.72279537;87.4988462;79.502241;83.59034712;0.0;
68;6879;Santander;Suratá;68780;2011;4085;2.800897593;;80.09791922;112;1740.0;368;1;0;0;0;0;84.64384829;36.933395;85.00994036;1240675.167;65.8996328;2692.0;43.92105263;49.28947368;218.3421053;25.74517855;3.259687742;3.611105075;18.87438573;0.630236929;12.66135224;14.02633533;73.31231242;34.6112709;363.1071472;35.6275177;16.54812707;36.79468943;21.38454244;14.22064777;37.14574899;21.20445344;;;;;;;;;;86.19286565;84.71956981;87.7308269;65.5016893;90.46435006;0.0;
68;6879;Santander;Suratá;68780;2016;4040;4.143976898;0.495049505;78.04455446;117;1740.0;368;1;0;0;0;0;83.07297738;36.95500117;76.96781698;1022276.792;63.06930693;2548.0;52.18181818;52.75757576;260.1818182;33.54391808;6.060456217;4.863157775;22.62030408;0.830295002;18.06722817;14.49788234;67.43488949;34.6112709;363.1071472;35.6275177;15.70881226;39.08045977;21.50383142;13.93442623;39.19057377;21.31147541;;;;;;;;;;81.35637211;79.27758304;83.2779001;62.9450847;77.81022281;0.0;
68;6879;Santander;Suratá;68780;2021;4042;4.195530266;0.296882731;75.53191489;122;1740.0;368;1;0;0;0;0;81.18675253;37.18951242;74.91289199;1309787.25;65.04205839;2629.0;57.29999924;58.90000153;276.8333435;48.62536083;13.54053294;2.918772603;32.16605528;1.203002495;27.84664774;6.002572636;66.15077962;34.6112709;363.1071472;35.6275177;14.5060241;39.37349398;24.38554217;12.8113879;38.33248602;25.01270971;;;;;;;;;;80.83092968;78.95581664;82.8959228;80.707563;84.07647523;0.0;
68;6879;Santander;Tona;68820;2011;6993;2.128318795;;92.87859288;189;1850.0;342;1;0;0;0;0;94.79989468;35.36071617;77.10074791;1194317.542;60.81796082;4253.0;42.02173913;44.73913043;211.4130435;75.41122241;29.30982558;11.20122837;34.90016846;1.078381559;38.86666287;14.85352977;46.27980737;20.29408836;337.851593;20.29408836;16.58101163;40.81687855;15.688396;16.99029126;40.98907767;14.35072816;;;;;;;;;;83.79640251;82.10596752;85.4513446;63.6805132;88.44060255;2.0;LL
68;6879;Santander;Tona;68820;2016;7156;2.127585243;0.083845724;92.90106205;194;1850.0;342;1;0;0;0;0;94.64968153;35.08280255;75.58263844;1330285.208;63.38736724;4536.0;52.80952381;49.80952381;255.8412698;156.4253467;85.16494912;22.71835532;48.54204228;2.185932738;54.44446882;14.52344891;31.03208227;20.29408836;337.851593;20.29408836;16.0;39.76470588;18.2745098;17.3521465;39.77784449;16.48153708;;;;;;;;;;81.93355048;80.09922173;83.6760727;63.3916452;83.81172525;4.0;HL
68;6879;Santander;Tona;68820;2021;7470;2.716421241;0.361445783;91.49933066;199;1850.0;342;1;0;0;0;0;93.62060664;35.00240732;72.28989038;1520315.917;62.26238286;4651.0;50.29032135;46.95161438;236.4354858;221.0057532;145.0395884;13.35829421;62.60787054;2.958577686;65.62706461;6.044319672;28.32861572;20.29408836;337.851593;20.29408836;14.67636729;40.79277471;20.52182639;16.07347876;40.1836969;18.74282434;;;;;;;;;;81.5799807;79.69473661;83.3808348;81.4554708;83.97706322;4.0;HL
68;6837;Santander;Valle de San José;68855;2011;5755;4.658268173;;63.49261512;249;1230.0;82;1;0;0;0;0;70.90814014;40.14293185;78.83310719;533883.3333;73.74456994;4244.0;47.48648649;48.77027027;231.3243243;56.25460434;15.33192185;9.518337055;31.40434543;0.977490953;27.25451903;16.92010311;55.82537786;16.32299042;255.0134888;79.90306854;15.90130226;40.40438657;16.82659356;15.54458935;38.80860063;19.17518505;;;;;;;;;;86.05270985;84.41520707;87.7053983;65.3951788;85.09970197;0.0;
68;6837;Santander;Valle de San José;68855;2016;5947;4.639594193;0.151336808;61.15688582;254;1230.0;82;1;0;0;0;0;68.82966396;39.99337858;72.05430328;689455.0;63.30923155;3765.0;51.94565217;51.07608696;256.6956522;113.1804777;51.01215495;16.58977574;45.57854698;1.903152475;45.0715141;14.65780679;40.27067911;16.32299042;255.0134888;79.90306854;17.40863787;40.86378738;17.80730897;16.07082057;38.67892407;20.25876745;;;;;;;;;;79.51384587;77.5134702;81.1683203;61.5195299;79.57013315;0.0;
68;6837;Santander;Valle de San José;68855;2021;6269;4.667145212;0.127612059;58.97272292;259;1230.0;82;1;0;0;0;0;67.0345042;40.16164128;70.38564152;905965.75;65.25761684;4091.0;52.0;51.68354416;250.7341766;113.9903422;44.81062737;7.697340397;61.48237441;1.818317789;39.3108982;6.752625047;53.93647675;16.32299042;255.0134888;79.90306854;16.17693523;41.61137441;19.81042654;14.94845361;38.82087629;22.90592784;;;;;;;;;;78.94534212;77.03227423;80.666316;78.8248533;79.48087211;0.0;
68;6898;Santander;Vélez;68861;2011;22479;6.682904044;;46.75030028;472;2133.0;452;1;0;0;0;0;54.80624744;41.43709303;72.36324148;533883.3333;48.93011255;10999.0;44.01694444;44.91358586;214.9292929;158.4139146;17.94279057;33.81632672;106.6547973;0.704719581;11.32652432;21.34681591;67.32665977;55.0295372;210.6655121;121.0101624;20.47619048;38.07792208;17.85281385;15.47259585;39.38146216;21.47497484;;;;;;;;;;79.699181;77.90266493;81.3889513;60.5668573;75.65913496;0.0;
68;6898;Santander;Vélez;68861;2016;23554;8.083906484;0.590133311;46.25965866;477;2133.0;452;1;0;0;0;0;54.74134352;40.25159844;60.92637315;685696.25;46.34881549;10917.0;52.56379822;51.61127596;260.1364985;235.0443071;34.32558439;37.99125109;162.7274717;0.997895505;14.60387823;16.16344235;69.23267942;55.0295372;210.6655121;121.0101624;23.87890562;37.42917274;20.45491339;15.35714286;39.71428571;25.35714286;;;;;;;;;;75.11873886;73.07063697;76.7776711;58.119054;67.89946267;0.0;
68;6898;Santander;Vélez;68861;2021;25586;9.575223429;0.902837489;44.25857891;482;2133.0;452;1;0;0;0;0;53.00041804;40.72511686;60.00228558;905965.75;44.7588525;11452.0;53.20863342;52.57913589;256.5036011;337.3936868;79.16940195;26.21948947;232.0047954;1.318665234;23.4649921;7.77118556;68.76382234;55.0295372;210.6655121;121.0101624;22.9636309;37.55635708;22.70814548;14.05766411;39.3386545;28.31894445;;;;;;;;;;69.91372759;67.81144247;72.2737742;69.8070231;66.84387061;0.0;
68;6879;Santander;Vetas;68867;2011;2011;10.04060998;;66.83242168;28;3350.0;93;1;0;0;0;0;74.64070468;38.24756606;65.37900875;533883.3333;31.82496271;640.0;41.34482759;42.13793103;204.2068966;25.05055345;14.07798753;1.545072068;9.427493854;1.245676452;56.19830938;6.167816094;37.63387452;21.58008385;354.355835;31.32091904;18.35564054;40.91778203;17.49521989;14.40414508;44.35233161;19.89637306;;;;;;;;;;74.89039651;72.91485847;76.8037997;56.9124538;68.86603945;0.0;
68;6879;Santander;Vetas;68867;2016;2063;10.55097754;;66.0203587;33;3350.0;93;1;0;0;0;0;73.79852126;39.04805915;71.12573099;685696.25;30.73194377;634.0;45.32142857;42.46428571;220.2142857;22.83555037;5.390800654;2.648248511;14.79650121;1.106909858;23.60705376;11.59704263;64.79590361;21.58008385;354.355835;31.32091904;16.93625119;40.53282588;17.60228354;15.31620553;41.40316206;20.05928854;;;;;;;;;;65.09655133;62.85117954;67.3945441;50.3649294;;0.0;
68;6879;Santander;Vetas;68867;2021;2285;14.56601021;0.175054705;65.95185996;38;3350.0;93;1;0;0;0;0;73.82605145;38.91384238;68.87721602;905965.75;30.15317287;689.0;52.39130402;50.21739197;245.8260803;33.37025894;11.96949644;1.32224591;20.07851659;1.460405205;35.86875505;3.962348368;60.16889658;21.58008385;354.355835;31.32091904;15.30524506;41.35855546;20.12037833;14.26024955;41.80035651;22.63814617;;;;;;;;;;62.66569257;60.42694753;65.1064155;62.5700502;65.30700179;0.0;
68;6837;Santander;Villanueva;68872;2011;7546;4.291456842;;47.03153989;15;1470.0;113;1;0;0;0;0;55.48921156;44.40222554;77.22199256;533883.3333;74.70182878;5637.0;46.70642202;48.93577982;228.146789;121.7373347;10.16583848;72.51877103;39.05272518;1.613269741;8.350633355;59.56986919;32.07949745;13.888484;278.915741;50.67790604;15.71860401;37.48282495;20.44517725;15.12669567;40.18428462;21.47427694;;;;;;;;;;76.91565314;75.08358293;78.8303344;58.451534;82.40992126;0.0;
68;6837;Santander;Villanueva;68872;2016;7769;4.204745355;0.051486678;43.73793281;20;1470.0;113;1;0;0;0;0;51.96477855;44.36851097;75.02991623;689455.0;72.26155232;5614.0;53.87272727;54.53636364;268.7272727;83.66964232;14.7149487;20.74194762;48.212746;1.076967979;17.5869626;24.79029077;57.62274663;13.888484;278.915741;50.67790604;15.92757806;37.18184204;22.14641826;15.18443658;39.56543709;24.25467408;;;;;;;;;;78.30171491;76.52244033;80.2156413;60.5817093;77.75192495;0.0;
68;6837;Santander;Villanueva;68872;2021;8538;5.791754509;0.093698758;39.00210822;25;1470.0;113;1;0;0;0;0;47.2098884;44.91779671;74.13542046;908526.0;64.83954088;5536.0;52.38983154;54.59321976;255.6355896;125.2075047;17.1307604;23.10716965;84.96957467;1.466473468;13.68189585;18.45509956;67.86300459;13.888484;278.915741;50.67790604;14.52074392;37.672866;24.77348593;13.85819521;39.01933702;27.62430939;;;;;;;;;;73.78362647;71.74221603;75.9895869;73.6710156;81.85307286;0.0;
68;6848;Santander;Zapatoca;68895;2011;9585;5.159972179;;35.00260824;268;1707.0;363;1;0;0;0;0;41.02946234;47.25438496;85.6632045;533883.3333;58.17423057;5576.0;44.64285714;47.76984127;222.6190476;93.78364449;30.56446798;14.61588165;48.60329486;0.978441779;32.59040331;15.58468082;51.82491587;37.25936127;289.8977966;38.55230331;15.9115543;35.85519185;21.52612183;14.48109413;36.74577635;25.16090105;;;;;;;;;;78.48708024;76.52414434;80.3803017;59.6457294;81.65099536;0.0;
68;6848;Santander;Zapatoca;68895;2016;9410;5.706695005;0.318809777;34.19766206;273;1707.0;363;1;0;0;0;0;39.77299321;46.57149544;84.88573407;685696.25;59.22422954;5573.0;52.7761194;52.71641791;260.9925373;135.7926493;43.24966;19.96892986;72.57405945;1.443067474;31.84977995;14.70545715;53.44476289;37.25936127;289.8977966;38.55230331;15.57931486;36.11171722;22.19070478;12.92728403;36.79303915;26.86969132;;;;;;;;;;72.38767196;70.31401868;74.4616934;56.006039;76.11356925;0.0;
68;6848;Santander;Zapatoca;68895;2021;9746;6.913947602;0.41042479;33.28545044;278;1707.0;363;1;0;0;0;0;39.28372817;46.44644645;82.91909925;905965.9167;58.84465422;5735.0;52.4375;50.17708206;246.3020782;179.4882541;63.58947856;11.31200551;104.58677;1.841660723;35.42821166;6.302365336;58.26942301;37.25936127;289.8977966;38.55230331;14.33389545;36.80438449;24.5994941;11.71531387;36.60535786;29.84806078;;;;;;;;;;71.81942379;69.81075272;73.9039144;71.7098107;74.34835892;0.0;
70;7052;Sucre;Sincelejo;70001;2011;253394;14.71752817;;9.702281822;114;213.0;292;0;1;0;0;0;13.11239404;50.68882892;76.25118292;533883.3333;96.29115133;243996.0;44.99750686;46.52904513;222.9384193;1692.911967;28.50301998;236.2128023;1428.196145;0.668094733;1.683668172;13.95304699;84.36328484;0.0;562.208313;197.7003174;18.42995898;38.55701715;13.1209173;18.24765051;41.09410964;14.34011608;29540.0;282176.0;9454.0;90256.0;12478.0;116024.0;75.76534701;77.7908019;0.002520516;77.79785285;77.35117456;78.2893579;59.1219557;75.11501471;0.0;
70;7052;Sucre;Sincelejo;70001;2016;268622;19.20390611;1.014064373;10.08294183;119;213.0;292;0;1;0;0;0;13.64071748;50.24217232;73.51591222;685696.25;91.86552107;246771.0;53.45985011;51.81343683;263.5219486;2838.243979;24.24320363;429.099106;2384.90167;1.056594017;0.854162074;15.11847146;84.02736647;0.0;562.208313;197.7003174;18.23389571;39.27147239;14.39263804;17.34456165;41.17651315;16.33459218;29285.0;3626418.0;9758.0;94682.0;13794.0;131078.0;70.7409;72.23333;0.002811716;72.24217367;71.77995464;72.7457341;55.8934675;70.58280912;0.0;
70;7052;Sucre;Sincelejo;70001;2021;301745;17.92189321;1.513529636;11.84046132;124;213.0;292;0;1;0;0;0;16.02123112;49.89548234;67.89419903;905965.75;74.59742498;225094.0;52.33333206;49.78722382;246.2169495;4053.446335;65.32652964;492.196531;3495.923275;1.343335046;1.611629321;12.142668;86.24570268;0.0;562.208313;197.7003174;18.14265068;40.2669991;15.93432562;17.21518825;41.71310802;18.03508141;26881.0;3836741.0;8030.0;1060677.0;11066.0;1434562.0;72.56461;73.93734;0.002450862;73.93976905;73.48387459;74.4499086;73.8269199;72.48374054;3.0;LH
70;7073;Sucre;Buenavista;70110;2011;9615;3.61674467;;19.05356214;45;87.0;124;0;1;0;0;0;24.01392111;46.41660222;88.64018849;535600.0;88.35153406;8495.0;40.19354839;40.27096774;204.2580645;46.12388884;9.830833209;4.427281707;31.86577392;0.479707632;21.31397299;9.598673959;69.08735305;53.67456436;552.2443848;186.511795;17.41007194;36.32065776;15.39568345;17.57894737;37.09473684;14.29473684;609.0;56291.0;193.0;17337.0;214.0;19078.0;90.18691589;90.87430548;0.038398171;90.85343403;88.48295302;92.8598158;69.0434569;89.86194848;1.0;HH
70;7073;Sucre;Buenavista;70110;2016;10096;3.327225304;0.019809826;20.08716323;50;87.0;124;0;1;0;0;0;25.05060126;46.70794142;83.02716282;744740.2917;83.12202853;8392.0;48.592;46.768;235.816;76.8635942;10.78965635;8.432955141;57.6409827;0.761327201;14.03740804;10.97132554;74.99126642;53.67456436;552.2443848;186.511795;16.84065393;37.32519204;17.05731731;17.55329747;37.63697948;16.01912732;650.0;738128.0;231.0;20371.0;248.0;21775.0;93.14516;93.55224;0.029671506;93.12854581;91.36368358;94.8545601;72.0531663;84.02092763;1.0;HH
70;7073;Sucre;Buenavista;70110;2021;10933;3.763072045;0.100612824;21.22015915;55;87.0;124;0;1;0;0;0;26.36927685;46.6516902;77.17977847;947652.0;83.83792189;9166.0;47.80303192;45.84090805;222.4015198;107.9819675;16.31273682;10.26428552;81.40494514;0.987670058;15.10690831;9.505555198;75.38753649;53.67456436;552.2443848;186.511795;16.88002926;38.00292612;18.72713972;17.23696249;38.2799634;17.71271729;576.0;747496.0;186.0;245902.0;205.0;269924.0;90.7317;91.10046;0.032176235;90.93795693;88.55556924;93.0001819;90.7991646;84.73670077;1.0;HH
70;7074;Sucre;Caimito;70124;2011;13376;1.498953349;;73.51226077;97;20.0;436;0;1;0;0;0;79.42037922;37.79096655;90.91461931;1205323.458;94.64712919;12660.0;39.37903226;39.82258065;199.1370968;41.75622944;9.003545585;3.636880427;29.11580343;0.312172768;21.5621614;8.709791271;69.72804733;71.83177948;493.5043335;250.7273407;18.33806818;36.44886364;14.0625;18.46590909;36.09532828;13.3364899;;;;;;;;;;94.51315763;93.50919288;95.5238022;71.8246393;93.99006856;1.0;HH
70;7074;Sucre;Caimito;70124;2016;14547;1.948855434;0.00687427;74.62707087;102;20.0;436;0;1;0;0;0;80.23058664;37.85011868;83.28436174;1577329.875;75.30762356;10955.0;46.3046875;44.09375;226.0703125;80.00520707;21.90502431;8.75983798;49.34034478;0.549977363;27.3794983;10.94908482;61.67141688;71.83177948;493.5043335;250.7273407;18.78787879;36.89064559;16.06060606;19.43366394;36.30875377;15.03521633;;;;;;;;;;86.1963929;84.48938227;87.6879713;66.6897886;88.10962299;1.0;HH
70;7074;Sucre;Caimito;70124;2021;16488;2.04744865;0.557981562;75.89762251;107;20.0;436;0;1;0;0;0;81.40921723;37.66211209;76.97146076;2178689.708;68.52256186;11298.0;45.7612915;43.74838638;213.8322601;106.4910816;31.68453362;9.839981542;64.96656647;0.645870219;29.75322735;9.240193067;61.00657959;71.83177948;493.5043335;250.7273407;18.7470726;37.63466042;17.81030445;19.4640161;36.83945647;16.82184197;;;;;;;;;;86.99457305;85.15183797;88.5283113;86.8617992;87.15554031;1.0;HH
70;7052;Sucre;Coloso;70204;2011;8635;1.78343949;;55.2866242;104;160.0;127;0;1;0;0;0;63.12814842;39.84518983;85.95807828;977606.0833;72.57672264;6267.0;39.16438356;41.87671233;208.8767123;21.45495548;5.388761358;1.718751431;14.34744269;0.248465032;25.11662801;8.010976451;66.87239554;24.35487747;582.7070923;173.3455658;18.08580858;35.59955996;17.51375138;18.48410758;37.01711491;15.69682152;;;;;;;;;;89.53097177;88.149874;90.856351;68.0384606;91.64972722;1.0;HH
70;7052;Sucre;Coloso;70204;2016;8570;2.660443407;0.011668611;55.41423571;109;160.0;127;0;1;0;0;0;63.40363282;39.81470194;85.7947082;1136459.083;72.87047841;6245.0;49.81632653;45.65306122;238.6938776;39.36382328;13.26483203;4.304738591;21.79425266;0.459321158;33.69802758;10.93577359;55.36619882;24.35487747;582.7070923;173.3455658;16.1039538;36.07285651;19.96890271;17.30580138;38.12684366;17.20747296;;;;;;;;;;83.87841187;82.05317383;85.6306653;64.8963764;87.22318312;1.0;HH
70;7052;Sucre;Coloso;70204;2021;9061;3.2667476;0.165544642;56.98046573;114;160.0;127;0;1;0;0;0;64.96651786;39.34151786;80.14987801;1146802.708;75.85255491;6873.0;52.11290359;48.35483932;241.3871002;41.79770572;6.559022674;3.962372409;31.27631064;0.461292415;15.69230311;9.479880154;74.82781674;24.35487747;582.7070923;173.3455658;16.00504096;36.75698383;22.0541903;17.25581395;38.55813953;19.06976744;;;;;;;;;;88.25024015;86.71370775;89.619024;88.1155499;87.60761213;1.0;HH
70;7073;Sucre;Corozal;70215;2011;63449;4.70049436;;23.94679191;135;150.0;272;0;1;0;0;0;31.13037788;46.61831797;75.42518032;533883.3333;71.84037573;45582.0;43.69537815;45.99054622;218.7163866;244.0758963;33.11726793;49.31765375;161.6409746;0.384680446;13.56843033;20.20586814;66.22570154;24.15339279;544.9633179;204.5939484;19.15429227;38.26715952;14.8365305;17.36676334;40.14719182;16.34702342;672.0;59914.0;198.0;17324.0;255.0;21904.0;77.64705882;79.09057706;0.067378808;79.31887634;76.33705208;82.5008557;60.2778473;79.60418788;3.0;LH
70;7073;Sucre;Corozal;70215;2016;65666;4.664895075;0.207108702;23.81902354;140;150.0;272;0;1;0;0;0;31.01476398;46.50135163;74.0208057;685696.25;64.76106356;42526.0;52.78504673;51.21495327;261.01973;339.1526934;30.95744621;64.02938602;244.1658611;0.516481426;9.127878628;18.87922086;71.99290052;24.15339279;544.9633179;204.5939484;18.26450344;38.91347099;16.64208456;16.39393756;40.0640058;18.50129823;581.0;740810.0;218.0;23162.0;253.0;26961.0;86.16601;85.90928;0.050590688;85.37266125;82.56110813;88.1180681;66.0524709;82.00287988;1.0;HH
70;7073;Sucre;Corozal;70215;2021;68916;5.304404396;0.220558361;24.74461663;145;150.0;272;0;1;0;0;0;32.20997848;46.49500434;68.81448909;917273.8333;65.81200302;45355.0;53.23119354;50.98340607;252.5519867;505.2464552;55.60249532;92.50595108;357.1380088;0.73313375;11.00502433;18.30907474;70.68590093;24.15339279;544.9633179;204.5939484;18.14001474;39.61385409;18.48784083;16.12700409;40.43897002;20.57671973;536.0;817102.0;168.0;222148.0;202.0;263334.0;83.16832;84.35979;0.066133932;84.1575919;80.935257;86.912752;84.0291479;82.99492923;1.0;HH
70;7053;Sucre;Coveñas;70221;2011;16805;4.129227412;;52.22255281;9;2.0;56;0;1;0;0;0;61.99715431;40.2470573;84.35246746;1192199.667;51.36566498;8632.0;37.57954545;36.85984848;193.3484848;88.6766152;1.201771366;7.843076661;79.63176717;0.527679948;1.355229181;8.844582806;89.80018801;24.98199272;576.0456543;199.5279999;19.86348913;38.09578899;10.44655252;18.66192869;39.54172283;10.28060287;;;;;;;;;;83.7711104;82.02013797;85.4346873;63.6612927;79.19344407;0.0;
70;7053;Sucre;Coveñas;70221;2016;17718;6.47881627;1.602889717;43.61666102;14;2.0;56;0;1;0;0;0;51.27977248;37.11340206;64.9035723;1118257.5;50.67163337;8978.0;52.04385965;48.42105263;249.7982456;194.1385621;4.55567312;21.25704099;168.325848;1.095713749;2.346609077;10.94941714;86.70397378;24.98199272;576.0456543;199.5279999;30.97398669;34.71466021;10.1532567;18.75641026;41.71794872;12.37179487;;;;;;;;;;80.38891306;78.52925613;82.1476219;62.1965657;70.02029403;0.0;
70;7053;Sucre;Coveñas;70221;2021;20597;7.420174459;2.699422246;40.78263825;19;2.0;56;0;1;0;0;0;48.662241;36.89901428;57.06455542;930810.7917;50.44423945;10390.0;50.01538467;47.15897369;232.9282074;230.7769961;7.515902752;21.89300828;201.3680851;1.120439851;3.256781603;9.486651031;87.25656737;24.98199272;576.0456543;199.5279999;33.97232012;34.04109;10.89142955;18.7416332;42.659527;13.67692994;;;;;;;;;;82.40064445;80.55662403;84.1745094;82.274882;72.51731359;1.0;HH
70;7052;Sucre;Chalán;70230;2011;4282;1.459598319;;37.10882765;43;280.0;80;0;1;0;0;0;46.42857143;41.11232279;96.26749611;1217123.792;103.339561;4425.0;35.44067797;35.49152542;188.2881356;13.73836809;3.27537564;1.030792728;9.432199722;0.320839983;23.84108228;7.503021618;68.6558961;31.88131332;588.4659424;165.8493958;17.59825328;34.27947598;16.41921397;17.72088353;35.74297189;14.55823293;;;;;;;;;;95.26074759;94.17828794;96.1549766;72.3927653;91.48972918;0.0;
70;7052;Sucre;Chalán;70230;2016;4401;1.959781868;0.022722109;37.12792547;48;280.0;80;0;1;0;0;0;45.43625849;40.8348001;81.59025788;1349068.333;97.75051125;4302.0;47.22580645;40.77419355;224.7741935;23.97618652;5.547134884;2.620038839;15.8090128;0.544789514;23.13601823;10.92767124;65.93631053;31.88131332;588.4659424;165.8493958;18.25095057;37.1356147;18.208703;18.09242871;36.92232055;16.66666667;;;;;;;;;;92.54811691;91.28479032;93.7064716;71.6040909;86.24633472;1.0;HH
70;7052;Sucre;Chalán;70230;2021;4659;3.707877227;0.300493668;36.93925735;53;280.0;80;0;1;0;0;0;45.71625979;40.7646246;75.65505804;1049055.542;96.22236531;4483.0;46.9375;42.40625;216.375;33.05871353;8.256520902;3.129251056;21.67294157;0.709566721;24.97532427;9.465737538;65.55893819;31.88131332;588.4659424;165.8493958;18.33132772;37.26434015;20.61772964;17.77469991;38.04247461;18.51338873;;;;;;;;;;92.9924498;91.62980939;94.1273509;92.8505218;87.06067558;1.0;HH
70;7073;Sucre;El Roble;70233;2011;10169;1.116956764;;56.79024486;13;100.0;201;0;1;0;0;0;65.42231491;39.05109489;87.19987279;838839.9167;88.9467991;9045.0;38.24271845;38.4368932;193.6699029;30.77094829;10.03013133;2.35056713;18.39024984;0.302595617;32.59610731;7.638916771;59.76497592;42.58250809;528.6688232;216.0993195;18.22623074;36.88462984;16.47876738;17.12399422;36.1048071;15.72106458;;;;;;;;;;94.03464364;92.74962179;95.0797312;71.4609958;93.49615164;0.0;
70;7073;Sucre;El Roble;70233;2016;9949;1.774047643;;56.5282943;18;100.0;201;0;1;0;0;0;64.65462944;39.59689271;86.47193211;1768245.917;84.73213388;8430.0;48.95283019;49.85849057;244.8018868;45.006094;12.12890881;4.920354521;27.95683067;0.452368017;26.94948114;10.93264064;62.11787823;42.58250809;528.6688232;216.0993195;16.51394034;37.29771885;19.2045233;16.59751037;35.95435685;17.48962656;;;;;;;;;;88.60834101;87.1702027;90.0770899;68.5559028;;1.0;HH
70;7073;Sucre;El Roble;70233;2021;10054;2.800709502;0.12930177;57.17127511;23;100.0;201;0;1;0;0;0;65.37996372;39.30659141;79.99368886;1592408.0;86.95046748;8742.0;48.2550354;47.44966507;229.4362488;61.75088728;17.56528336;5.84764199;38.33796193;0.614192235;28.44539428;9.469729502;62.08487622;42.58250809;528.6688232;216.0993195;16.32574296;37.90042455;21.38170591;16.46141215;36.55582923;19.39655172;;;;;;;;;;91.1461634;89.67217983;92.419995;91.0070533;88.64521756;1.0;HH
70;7073;Sucre;Galeras;70235;2011;19672;2.229056527;;43.43737292;43;55.0;304;0;1;0;0;0;50.51890941;42.83787746;94.92368665;1115656.667;91.92252948;18083.0;42.35947712;43.88888889;213.8856209;108.2367089;19.65673456;38.87386398;49.70611031;0.550206938;18.16087607;35.91560053;45.92352339;53.93109131;530.3538818;209.6590118;17.67561676;35.44040424;14.66362826;17.94550579;35.77617705;14.32299823;;;;;;;;;;89.18765417;87.74703767;90.5957706;67.7775587;89.89294882;0.0;
70;7073;Sucre;Galeras;70235;2016;21150;2.140661939;0.023640662;44.94089835;48;55.0;304;0;1;0;0;0;52.68489843;42.41772085;88.81478074;1476485.667;79.47044917;16808.0;50.57718121;49.88590604;250.7718121;119.8895869;30.65421952;14.21858207;75.01678528;0.566853839;25.56870894;11.85973064;62.57156042;53.93109131;530.3538818;209.6590118;17.95557194;36.11392755;15.82634344;18.30890205;36.69546646;15.29948549;;;;;;;;;;84.57769941;82.89828773;86.1602293;65.4374122;87.8814702;1.0;HH
70;7073;Sucre;Galeras;70235;2021;23582;2.555621519;0.01696209;46.67118989;53;55.0;304;0;1;0;0;0;54.65702986;42.05645711;82.27507895;1676758.167;81.73606988;19275.0;49.05860901;46.72893906;230.9963379;164.3023094;42.0985435;16.86508735;105.3386785;0.696727629;25.62261216;10.26466847;64.11271937;53.93109131;530.3538818;209.6590118;17.95701602;36.87660775;17.59190109;18.2984997;37.34281502;16.98898621;;;;;;;;;;88.5715877;86.7064455;90.0534788;88.436407;89.27979722;1.0;HH
70;7051;Sucre;Guaranda;70265;2011;15926;1.3390054;;59.48135125;27;25.0;354;0;1;0;0;0;67.01961342;39.49687322;101.3302118;946562.0;99.88697727;15908.0;38.52066116;39.91735537;195.9834711;77.62827951;25.6770221;11.05297204;40.89828538;0.487431116;33.0768919;14.23833184;52.68477626;131.1105347;445.8101807;222.3013916;17.77511962;34.70095694;13.58851675;18.26592651;34.53608247;11.26090404;673.0;56140.0;236.0;20459.0;246.0;21373.0;95.93495935;95.72357647;0.0185518;95.67504808;94.01666702;96.9768685;72.7076101;94.44474586;1.0;HH
70;7051;Sucre;Guaranda;70265;2016;17050;1.793743891;;59.63636364;32;25.0;354;0;1;0;0;0;67.14817668;39.97817155;95.95860992;1178037.917;91.75953079;15645.0;49.26623377;43.99350649;234.4155844;131.2065631;56.2555085;14.52311104;60.42794358;0.76953996;42.87552936;11.06889069;46.05557995;131.1105347;445.8101807;222.3013916;17.37264204;34.82435333;15.58793629;18.12858363;35.9765768;12.72416738;675.0;759001.0;254.0;21875.0;278.0;23938.0;91.36691;91.3819;0.047776877;91.25735651;89.15909524;93.2431473;70.605435;;1.0;HH
70;7051;Sucre;Guaranda;70265;2021;18464;2.397006788;0.016247834;60.57733969;37;25.0;354;0;1;0;0;0;68.15709624;39.75496651;88.30188679;1638789.958;92.47183709;17074.0;44.96694183;41.50413132;206.7190094;132.7963524;41.08075714;12.79655632;78.91903895;0.71921768;30.93515476;9.636225758;59.42861948;131.1105347;445.8101807;222.3013916;17.38355015;35.53294167;17.51993286;18.10344828;36.8674429;14.25212718;607.0;804409.0;216.0;297417.0;231.0;315650.0;93.50649;94.22366;0.031197516;94.14087142;92.29203272;95.8566411;93.9971907;92.53325475;0.0;
70;7074;Sucre;La Unión;70400;2011;11124;2.529066283;;51.24955052;43;80.0;234;0;1;0;0;0;58.63497386;41.34530033;93.13362005;959537.0833;97.47393024;10843.0;49.89215686;46.20588235;230.0784314;34.10361964;9.706962544;2.83107881;21.56557829;0.306576948;28.46314452;8.301402723;63.23545276;59.73582077;502.5417175;248.6271973;17.28416336;35.03360331;16.76718938;17.42153731;36.4405187;16.46307085;;;;;;;;;;94.19096376;93.22244471;95.2555185;71.5797902;81.93500856;1.0;HH
70;7074;Sucre;La Unión;70400;2016;11898;2.334425954;0.008404774;51.62212136;48;80.0;234;0;1;0;0;0;58.98296107;41.52026132;83.96201177;1465673.917;84.15700118;10013.0;52.51694915;51.15254237;256.6440678;70.09711993;25.85452496;7.015028959;37.22756601;0.589150445;36.88386197;10.00758514;53.10855288;59.73582077;502.5417175;248.6271973;17.5557711;35.45101843;18.8490139;17.97969188;37.85014006;18.64495798;;;;;;;;;;86.48799625;84.75436455;88.1313163;66.9154009;78.48349792;1.0;HH
70;7074;Sucre;La Unión;70400;2021;13839;3.296842257;3.338391502;52.82173567;53;80.0;234;0;1;0;0;0;60.34736532;41.16131881;77.54299202;1084042.5;76.92029771;10645.0;48.29268265;46.93292618;228.9512177;100.2806956;42.05701897;7.244643841;50.9790328;0.724623857;41.9392972;7.224365364;50.83633744;59.73582077;502.5417175;248.6271973;17.46274892;36.17880518;20.84667874;17.76809853;38.58516071;20.38149594;;;;;;;;;;87.68121506;85.93306152;89.2364591;87.5473932;81.16763059;1.0;HH
70;7073;Sucre;Los Palmitos;70418;2011;21085;2.260295629;;51.8472848;43;184.0;211;0;1;0;0;0;60.22233451;41.09651339;81.38013087;1103775.875;92.90965141;19590.0;38.55520505;39.16088328;195.8485804;87.58680524;26.31104153;12.03327007;49.24249363;0.415398649;30.03996031;13.73867906;56.22136062;27.60548019;567.982605;179.673172;17.23437644;38.29040894;15.72048371;17.93796332;38.56808428;15.07998439;;;;;;;;;;92.12350776;90.80163416;93.3549173;70.0086409;92.32146427;1.0;HH
70;7073;Sucre;Los Palmitos;70418;2016;22178;1.9850753;0.004508973;51.49697899;48;184.0;211;0;1;0;0;0;59.68653526;41.48183329;81.91655987;1583459.083;88.23608982;19569.0;50.73684211;46.0430622;241.7703349;106.7436408;20.40404611;11.37088787;74.9687068;0.481304179;19.11499922;10.65252018;70.2324806;27.60548019;567.982605;179.673172;16.14785992;37.53979484;18.17297489;16.93652254;39.37442502;16.89052438;;;;;;;;;;87.35512872;85.85013645;88.7366476;67.5862976;87.95100215;1.0;HH
70;7073;Sucre;Los Palmitos;70418;2021;23972;2.873491295;0.141832137;52.2567996;53;184.0;211;0;1;0;0;0;60.58512453;41.25725009;76.21876412;1290123.75;85.2494577;20436.0;46.82283401;43.40550995;217.7047272;158.1010595;32.86921551;15.25117124;109.9806728;0.659523859;20.79000331;9.646469976;69.56352671;27.60548019;567.982605;179.673172;15.97011249;38.36111339;20.00164217;16.83201899;39.90502841;18.68905283;;;;;;;;;;89.66039759;88.27189652;91.0888865;89.5235551;88.21972761;1.0;HH
70;7051;Sucre;Majagual;70429;2011;32891;1.809765589;;72.69161777;73;22.0;959;0;1;0;0;0;79.43134272;37.73297832;94.31658291;1128675.167;108.1906905;35585.0;37.27292111;38.03198294;190.9381663;110.4284231;32.18241123;9.309762156;68.93624975;0.335740546;29.14323171;8.430585072;62.42618322;113.9239578;464.9341431;237.684433;17.32078956;36.28073416;14.79279695;17.5843238;36.23514295;13.44683585;899.0;68349.0;312.0;23321.0;334.0;24879.0;93.41317365;93.73769042;0.017933549;93.82095064;91.96857513;95.324511;71.2986012;93.26967214;0.0;
70;7051;Sucre;Majagual;70429;2016;35299;2.006666856;0.025496473;72.2060115;78;22.0;959;0;1;0;0;0;78.18192366;38.13377422;92.53717385;1448804.292;101.5326213;35840.0;46.36666667;41.21041667;219.8020833;228.8899106;83.52113818;25.04470873;120.3240637;0.648431714;36.48965477;10.9418142;52.56853103;113.9239578;464.9341431;237.684433;16.54270047;36.16917314;17.11819317;16.47511848;37.15047393;15.39691943;816.0;928066.0;324.0;28135.0;356.0;30703.0;91.01124;91.63599;0.02542607;91.6528421;89.72134605;93.4242822;70.9114205;90.40318956;1.0;HH
70;7051;Sucre;Majagual;70429;2021;40322;2.153291007;0.05208075;72.23352016;83;22.0;959;0;1;0;0;0;78.34600153;38.03655327;85.61378263;2040551.25;91.95724418;37079.0;45.16249847;42.17250061;210.7424927;267.1972517;91.8590335;25.33765525;150.0005629;0.662658726;34.37873441;9.482752944;56.13851264;113.9239578;464.9341431;237.684433;16.47610391;37.04252978;18.87767306;16.31906895;37.9834183;17.12240589;828.0;1046894.0;287.0;268419.0;314.0;293198.0;91.40128;91.54871;0.02191099;91.58200879;89.61676675;93.4188684;91.4422334;90.80095509;1.0;HH
70;7052;Sucre;Morroa;70473;2011;13785;1.789989119;;41.87885383;156;160.0;168;0;1;0;0;0;49.57257999;43.41773182;83.0779785;1105726.917;90.1994922;12434.0;42.078125;44.265625;211.4921875;45.78228781;9.466157938;4.078698483;32.23743139;0.332116705;20.6764633;8.908900533;70.41463617;14.79599953;567.7722168;185.8432007;18.41088046;37.33715104;14.14459556;18.17647059;39.33823529;13.63235294;497.0;46351.0;211.0;20049.0;219.0;20777.0;96.34703196;96.49612552;0.015240393;96.28942171;94.50937651;97.676949;73.1744992;92.59917128;0.0;
70;7052;Sucre;Morroa;70473;2016;14566;2.216348574;0.013730606;40.56020871;161;160.0;168;0;1;0;0;0;47.83472084;43.97769801;80.7077748;1165504.5;89.0567074;12972.0;49.83088235;47.25;242.7941176;80.12471076;18.33103768;8.778755772;53.01491732;0.550080398;22.87813273;10.95636501;66.16550227;14.79599953;567.7722168;185.8432007;16.31292517;38.47619048;15.85034014;17.32261641;39.96674058;15.67350333;482.0;572892.0;182.0;19435.0;213.0;22344.0;85.44601;86.98084;0.059857534;86.91146675;84.06781141;89.546817;67.2430382;86.33334996;0.0;
70;7052;Sucre;Morroa;70473;2021;15930;3.121468927;0.006277464;40.48964218;166;160.0;168;0;1;0;0;0;48.20158504;44.02221771;73.58724704;1060953.083;91.84557439;14631.0;48.65048599;46.35922241;230.9417419;102.3985296;20.76188258;9.720917703;71.91572934;0.642803074;20.2755671;9.493220009;70.2312129;14.79599953;567.7722168;185.8432007;16.25863151;39.53546767;17.52667922;17.15003139;40.87884495;17.3383553;426.0;577895.0;164.0;247984.0;179.0;280063.0;91.62011;88.54579;0.054890837;88.63354786;85.63607167;91.3298349;88.4982725;87.77479976;0.0;
70;7052;Sucre;Ovejas;70508;2011;22370;2.710847862;;50.39785427;112;258.0;453;0;1;0;0;0;58.28557784;41.20821394;82.77573008;790653.4167;101.8998659;22795.0;38.49014085;40.12957746;199.7323944;107.5398139;49.41834335;9.817322253;48.30414827;0.480732293;45.95353253;9.129011758;44.91745571;38.15694046;577.4675293;167.8884277;17.98579841;37.18392795;16.99861448;17.36277952;37.10035114;17.44594345;;;;;;;;;;94.13726212;93.13470383;95.1686752;71.53898;91.36323618;1.0;HH
70;7052;Sucre;Ovejas;70508;2016;22554;2.569019538;0.05320564;50.1374479;117;258.0;453;0;1;0;0;0;58.13302217;41.19019837;80.74716664;1236859.167;96.68794892;21807.0;48.20357143;45.925;236.9392857;126.4912236;28.80518092;26.6036629;71.08237975;0.560837207;22.77247394;21.03202274;56.19550333;38.15694046;577.4675293;167.8884277;16.85866575;38.06740028;18.52647868;16.41640725;38.17066471;19.00750778;;;;;;;;;;89.82058241;88.299229;91.0949041;69.4938088;87.23138115;1.0;HH
70;7052;Sucre;Ovejas;70508;2021;23283;3.303554811;0.498217584;50.61632951;122;258.0;453;0;1;0;0;0;58.71535416;41.01627805;75.53099407;1216685.375;98.07584933;22835.0;45.9368782;42.9966774;215.5913696;208.8965977;69.05248244;40.44051834;99.40359695;0.897206536;33.05581957;19.35910818;47.58507225;38.15694046;577.4675293;167.8884277;16.67362096;38.73821247;20.43728616;16.2300885;38.60176991;21.02654867;;;;;;;;;;91.96976352;90.64206711;93.3145628;91.8293964;87.18880859;1.0;HH
70;7053;Sucre;Palmito;70523;2011;11880;1.822390572;;62.1969697;171;40.0;174;0;1;0;0;0;68.77589454;40.48964218;107.284962;979425.8333;99.77272727;11853.0;37.98550725;39.95652174;200.826087;46.63640585;11.6659456;4.066871927;30.90358833;0.392562339;25.01467552;8.720380254;66.26494422;16.40275574;569.8883667;200.0780487;19.54098361;32.21311475;12.6557377;18.85813149;33.09688581;12.97577855;;;;;;;;;;93.77940275;92.61921931;94.8016127;71.2670272;92.75245228;0.0;
70;7053;Sucre;Palmito;70523;2016;13409;2.157754742;0.007457678;64.43433515;176;40.0;174;0;1;0;0;0;70.44350415;39.68030089;88.76850849;1369615.917;88.27653069;11837.0;46.12345679;43.28395062;226.1666667;70.35059935;16.32315415;7.709907076;46.31753813;0.524652094;23.20258008;10.95926282;65.83815711;16.40275574;569.8883667;200.0780487;20.4781106;35.68548387;13.10483871;19.73704563;36.07115236;13.30239753;;;;;;;;;;88.56829344;86.99655832;90.1243662;68.5249181;86.04808019;0.0;
70;7053;Sucre;Palmito;70523;2021;15736;2.184481444;0.146161668;66.5480427;181;40.0;174;0;1;0;0;0;72.56014965;39.2053151;81.63754368;1836582.958;80.59862735;12683.0;44.57954407;40.92613602;207.2272797;128.3526226;50.07878805;12.17164473;66.10218982;0.81566232;39.01656783;9.48297314;51.50045903;16.40275574;569.8883667;200.0780487;20.63706801;36.78514328;14.25408929;19.93425378;36.96252465;14.3721236;;;;;;;;;;89.48883986;87.85900793;90.8015228;89.3522592;86.36401913;0.0;
70;7073;Sucre;Sampués;70670;2011;40561;2.372558205;;47.73057863;80;160.0;209;0;1;0;0;0;55.78339311;42.17154434;88.14641497;849768.625;95.70523409;38819.0;38.78409091;41.14772727;203.3022727;207.1875214;13.03559654;62.12808631;132.0238386;0.510804767;6.291689986;29.98640356;63.72190645;17.3378315;545.5031128;209.6000061;18.90662796;36.86018384;12.82535075;18.88291187;36.97149465;13.53375899;;;;;;;;;;90.55903571;89.28164988;91.7822792;68.8197309;88.3416588;0.0;
70;7073;Sucre;Sampués;70670;2016;44360;2.343139465;0.065374211;49.05770965;85;160.0;209;0;1;0;0;0;57.35587934;41.56717509;82.39349039;1251471.5;85.85211903;38084.0;48.03592814;45.00399202;234.8303393;189.5420979;14.09468411;22.29636328;153.1510505;0.427281555;7.436176062;11.76327767;80.80054626;17.3378315;545.5031128;209.6000061;18.78328009;38.09016684;14.03975861;17.95729472;38.12316716;14.41074047;;;;;;;;;;87.09531232;85.57357622;88.6146609;67.3852788;85.38068336;0.0;
70;7073;Sucre;Sampués;70670;2021;51024;2.419612993;0.256741925;50.20578551;90;160.0;209;0;1;0;0;0;58.68165224;41.31014398;75.90459534;1499578.083;80.42097836;41034.0;47.63936996;45.54960632;224.7070923;281.5814285;41.11564135;28.77164895;211.6941382;0.551860749;14.60168789;10.21787875;75.18043336;17.3378315;545.5031128;209.6000061;18.77348623;39.08108318;15.53480804;17.94851454;38.89572012;15.9017889;;;;;;;;;;88.58536426;87.03747732;90.0527515;88.4501625;86.6442281;1.0;HH
70;7074;Sucre;San Benito Abad;70678;2011;27272;1.433093771;;79.70445879;212;22.0;1592;0;1;0;0;0;83.77138089;37.224561;95.29161604;1137823.417;88.90437078;24246.0;37.45878136;38.4265233;195.702509;74.93706788;18.33132328;5.609226945;50.99651766;0.274776576;24.46229055;7.485250095;68.05245935;72.99493408;497.9372253;242.8900452;17.68745231;36.43615177;13.85863911;18.14858032;35.01361338;13.27887981;587.0;43912.0;203.0;14889.0;220.0;16481.0;92.27272727;90.34039197;0.053008238;90.50072198;88.24062853;92.6031316;68.7754158;92.88720832;1.0;HH
70;7074;Sucre;San Benito Abad;70678;2016;28061;1.627109987;;79.28085243;217;22.0;1592;0;1;0;0;0;83.89009755;37.16752053;85.50815558;1464721.0;79.61583693;22341.0;44.87307692;39.74230769;213.1346154;148.8051676;52.30480762;16.25960637;80.24075361;0.530291749;35.14985969;10.92677535;53.92336496;72.99493408;497.9372253;242.8900452;18.22122875;37.21465827;16.18234776;18.17566551;36.1558129;15.64144984;700.0;645272.0;235.0;16174.0;254.0;17372.0;92.51968;93.10384;0.030703077;92.86343547;90.89152196;94.4467472;71.8480515;;1.0;HH
70;7074;Sucre;San Benito Abad;70678;2021;30147;2.062117845;0.056390354;79.81888745;222;22.0;1592;0;1;0;0;0;84.44064794;36.97798026;79.01452282;2088042.667;69.7250141;21020.0;44.15589523;41.48669052;207.5931549;180.3981812;59.14254751;17.07501248;104.1806212;0.598395134;32.78444778;9.465179951;57.75037227;72.99493408;497.9372253;242.8900452;18.23137876;38.00316957;17.8637084;18.09073198;36.8076816;17.42972446;569.0;628475.0;194.0;242462.0;205.0;260745.0;94.63415;92.98817;0.034098176;92.780167;90.7627091;94.6301052;92.638563;91.37922186;1.0;HH
70;7073;Sucre;San Juan de Betulia;70702;2011;12382;2.155682981;;47.66596673;43;145.0;168;0;1;0;0;0;55.85562414;41.83813443;76.98718746;1086745.5;92.54563075;11459.0;39.08888889;41.28333333;203.2555556;56.65277545;22.13871668;5.349460522;29.16459825;0.457541394;39.07790308;9.442539185;51.47955774;24.83291435;552.4321899;195.4392242;15.87426947;40.24640657;16.44290002;17.17071558;40.47264915;15.83209387;;;;;;;;;;92.6032639;91.41296525;93.7581116;70.3732284;90.52934833;0.0;
70;7073;Sucre;San Juan de Betulia;70702;2016;13039;2.195976174;;48.59268349;48;145.0;168;0;1;0;0;0;56.59497074;41.66534873;73.97100094;1494628.083;89.0712478;11614.0;47.46103896;46.1038961;237.8181818;78.1252809;21.40621684;8.57524781;48.14381625;0.599166201;27.39985904;10.97627773;61.62386323;24.83291435;552.4321899;195.4392242;16.36526678;38.94784038;18.99566582;17.02898551;40.20163831;18.50976686;;;;;;;;;;88.09528106;86.5196519;89.5217113;68.1589504;;0.0;
70;7073;Sucre;San Juan de Betulia;70702;2021;13947;2.625415263;0.021510002;50.29755503;53;145.0;168;0;1;0;0;0;58.50218372;41.21142693;68.51077517;1805804.5;85.22262852;11886.0;47.38636398;45.46022797;224.0;103.8537181;27.22170959;9.882438209;66.74957033;0.744631233;26.21158884;9.515728842;64.27268232;24.83291435;552.4321899;195.4392242;16.28135071;39.54042315;21.01723413;16.84287812;40.55800294;20.41116006;;;;;;;;;;89.8817565;88.35771197;91.3718866;89.7445761;88.93160974;1.0;HH
70;7074;Sucre;San Marcos;70708;2011;52057;2.655422582;;42.01356206;146;20.0;1012;0;1;0;0;0;50.10091153;43.61595955;95.40391306;691771.625;114.6474057;59682.0;42.26837061;43.3913738;208.7300319;239.9541721;28.01861119;25.53243322;186.4031276;0.460945064;11.67665098;10.64054565;77.68280337;84.96378326;477.8527527;261.7652588;17.88438072;34.94508847;14.19310555;18.0970077;35.7759455;14.10211745;626.0;56348.0;188.0;16734.0;206.0;18664.0;91.26213592;89.65923703;0.056429411;89.95978352;87.42926481;92.3743303;68.3643332;90.7203687;0.0;
70;7074;Sucre;San Marcos;70708;2016;55506;3.659214019;0.153136598;43.50520664;151;20.0;1012;0;1;0;0;0;51.96891399;43.47634499;90.53043683;739128.5833;107.9198645;59902.0;48.45147679;44.76371308;233.3066104;363.9963191;47.17911298;88.59621956;228.2209866;0.655778329;12.96142584;24.33986689;62.69870726;84.96378326;477.8527527;261.7652588;17.75596779;35.18119068;15.96563129;17.99927772;36.64860961;15.69880823;656.0;749101.0;229.0;20653.0;256.0;23416.0;89.45313;88.20038;0.044684057;88.32505564;86.00413889;90.6641282;68.336726;86.3574165;1.0;HH
70;7074;Sucre;San Marcos;70708;2021;60108;3.928900202;0.593930924;45.28348972;156;20.0;1012;0;1;0;0;0;54.05997755;43.11933144;83.63057325;934424.0833;99.30624875;59691.0;47.6790123;46.0727005;224.8628235;440.9571997;59.67483635;81.19238492;300.0899785;0.733608172;13.53302234;18.41275865;68.05421901;84.96378326;477.8527527;261.7652588;17.66806863;36.08718873;17.858335;17.84411277;37.30016584;17.62189055;586.0;784901.0;182.0;257767.0;203.0;282745.0;89.65517;91.16589;0.045923324;91.16178271;88.74484479;93.1851279;91.0226487;89.08063846;1.0;HH
70;7053;Sucre;San Onofre;70713;2011;47367;3.008775448;;62.62165643;112;34.0;1089;0;1;0;0;0;69.72197478;40.65825871;108.3072158;1024693.5;100.6502417;47675.0;38.46923077;38.76346154;196.4730769;206.3395075;26.8681608;18.85811472;160.613232;0.435618696;13.02133611;9.139362088;77.8393018;57.94851685;620.0976563;150.6365662;18.76574828;31.74439258;13.74695361;17.96787287;32.98212281;14.62561534;622.0;44355.0;170.0;12769.0;192.0;14314.0;88.54166667;89.20637138;0.052088127;89.37840411;86.8477274;91.5460809;67.9225178;89.3183383;0.0;
70;7053;Sucre;San Onofre;70713;2016;48610;2.383768772;0.16868957;61.94404444;117;34.0;1089;0;1;0;0;0;69.13593885;40.72421183;99.57238214;1405365.583;119.1586093;57923.0;46.60688406;43.05253623;223.1884058;239.8398211;35.10631779;26.33356729;178.3999361;0.493396053;14.63740159;10.97964765;74.38295076;57.94851685;620.0976563;150.6365662;18.44531219;32.99786643;15.17249708;17.69111027;34.40195212;16.26488283;538.0;600378.0;180.0;17460.0;200.0;19310.0;90.0;90.41947;0.047230005;90.74287742;88.43128576;93.0645465;70.2073846;88.83042952;0.0;
70;7053;Sucre;San Onofre;70713;2021;54540;3.131952084;0.122845618;61.92702604;122;34.0;1089;0;1;0;0;0;69.25293388;40.60108768;91.70284612;1287044.75;99.75614228;54407.0;44.0819397;40.96154022;202.8277588;352.630938;77.29459172;33.53590344;241.8004429;0.646554709;21.91940167;9.510198857;68.57039947;57.94851685;620.0976563;150.6365662;18.48700105;33.94872535;16.87880864;17.62226284;35.07665908;18.16689671;534.0;587420.0;177.0;233736.0;190.0;250875.0;93.1579;93.16831;0.028168201;93.15666677;91.08472137;95.0485678;93.0144881;91.34053069;1.0;HH
70;7073;Sucre;San Pedro;70717;2011;17930;2.999628184;;33.30172895;72;137.0;223;0;1;0;0;0;40.73979101;44.0605167;85.11962999;647715.875;86.4305633;15497.0;41.37704918;44.20901639;213.5983607;88.07762596;40.79836897;7.216625561;40.06263143;0.491230485;46.32092263;8.193483285;45.48559409;44.45753479;560.9328613;180.1929169;17.29119148;36.96100793;16.22678397;17.00103176;37.922733;16.61125759;619.0;60452.0;228.0;20822.0;255.0;22581.0;89.41176471;92.21026527;0.023638715;92.15966234;89.92888753;93.986089;70.0361164;83.57753161;1.0;HH
70;7073;Sucre;San Pedro;70717;2016;18272;2.65022986;0.010945709;34.05757443;77;137.0;223;0;1;0;0;0;41.31293189;44.14486673;83.58965397;1148208.0;87.35223292;15961.0;52.40552995;51.49308756;258.1474654;120.2789242;44.27640633;11.04620733;64.95631051;0.658269068;36.81144193;9.183826181;54.00473188;44.45753479;560.9328613;180.1929169;16.63609882;36.24986514;19.34405006;16.36121293;37.62079307;18.72709097;643.0;768813.0;194.0;18260.0;236.0;21524.0;82.20339;84.83553;0.044559359;84.93570503;82.11875771;87.6506122;65.7143997;79.18983373;1.0;HH
70;7073;Sucre;San Pedro;70717;2021;19526;2.656714125;1.055003585;35.64990269;82;137.0;223;0;1;0;0;0;43.31380753;44.0334728;77.10814483;1576237.25;85.85475776;16764.0;51.61290359;49.24193573;243.6128998;140.6675868;34.60925783;13.18566241;92.87266655;0.720411691;24.60357686;9.37363234;66.0227908;44.45753479;560.9328613;180.1929169;16.51385493;37.12306438;21.21026895;16.25128733;38.12564367;20.64881565;680.0;807512.0;224.0;270623.0;255.0;293041.0;87.84314;92.34988;0.021693599;92.23214072;90.01689639;93.976266;92.0913731;81.96179243;1.0;HH
70;7073;Sucre;San Luis de Sincé;70742;2011;31014;2.820769115;;29.36415812;112;140.0;487;0;1;0;0;0;37.05367168;44.95471218;88.11232776;565611.0833;88.79860708;27540.0;42.55945946;43.81081081;213.4540541;126.5176911;27.01152848;19.38353993;80.12262265;0.407937354;21.35000114;15.32081384;63.32918502;39.57090378;545.3874512;197.4024963;16.60302915;36.76975945;17.22667685;16.1372549;36.94117647;18.83006536;743.0;66286.0;228.0;19958.0;256.0;21792.0;89.0625;91.58406755;0.029111389;91.55756139;89.53972446;93.293171;69.5785538;89.08464485;0.0;
70;7073;Sucre;San Luis de Sincé;70742;2016;30602;4.381794218;0.104568329;27.22044311;117;140.0;487;0;1;0;0;0;34.74595157;45.06759768;81.48320896;715337.7917;87.37664205;26739.0;51.50328947;50.20394737;253.3322368;170.0101073;35.33223909;18.92848785;115.7493803;0.555552275;20.78243444;11.13374267;68.08382289;39.57090378;545.3874512;197.4024963;17.00961104;37.10894666;19.17048313;16.47128949;37.00907345;20.37883304;716.0;742987.0;272.0;23410.0;311.0;26808.0;87.45981;87.32468;0.033546041;87.27430613;84.4755265;89.6319326;67.5237655;86.02052751;1.0;HH
70;7073;Sucre;San Luis de Sincé;70742;2021;32217;3.021955282;0.083806686;27.68414191;122;140.0;487;0;1;0;0;0;35.44733862;44.96379423;75.93048516;1110594.583;82.65201602;26628.0;50.58745956;47.94389343;234.5544586;225.1412969;50.58178762;21.74814225;152.811367;0.698827628;22.46668573;9.659774797;67.87353947;39.57090378;545.3874512;197.4024963;16.92090048;37.72296715;21.01734531;16.24161915;37.42089103;22.42621718;709.0;844697.0;223.0;248272.0;255.0;275046.0;87.45098;90.26563;0.035013538;90.1783271;88.19637271;92.2579509;90.0406941;89.55856812;1.0;HH
70;7051;Sucre;Sucre;70771;2011;26805;2.615494622;;75.43368774;162;19.0;1130;0;1;0;0;0;80.52417533;37.06130441;89.15100061;916240.4167;87.93135609;23570.0;39.24829932;40.36734694;197.5442177;73.38451248;8.893806438;8.836353769;55.65435227;0.273771731;12.11945973;12.04116982;75.83937045;96.94231415;490.1769104;245.9281464;17.07503297;36.67661553;17.4429097;17.13179545;36.32037425;16.80109695;;;;;;;;;;93.34973515;92.09554097;94.3986426;70.9405042;91.52570883;1.0;HH
70;7051;Sucre;Sucre;70771;2016;28505;3.51166462;0.115769163;75.61480442;167;19.0;1130;0;1;0;0;0;80.81344254;36.84395543;91.79881931;1116721.417;77.71268199;22152.0;47.9382716;45.83641975;232.9876543;139.035705;40.29693198;15.30060299;83.43817008;0.487759007;28.98315362;11.00480124;60.01204515;96.94231415;490.1769104;245.9281464;15.86475943;35.74122237;19.79843953;15.68;36.85333333;18.81142857;;;;;;;;;;86.42042382;84.95005348;88.0914557;66.8631204;87.98672061;1.0;HH
70;7051;Sucre;Sucre;70771;2021;31637;3.702152543;0.135916806;76.99212947;172;19.0;1130;0;1;0;0;0;82.12145303;36.49400685;85.71501637;1247785.167;69.70003477;22051.0;46.41153717;43.44615555;217.5615387;218.9448663;79.64561636;19.02057483;120.2786751;0.692053186;36.37701933;8.68738105;54.93559962;96.94231415;490.1769104;245.9281464;15.70714496;36.3481329;21.91120259;15.44559869;37.3086386;20.91306725;;;;;;;;;;87.65004884;85.9198398;89.1935222;87.5162746;83.59034712;1.0;HH
70;7053;Sucre;Santiago de Tolú;70820;2011;31452;4.507397516;;22.92382042;112;4.0;282;0;1;0;0;0;29.03607333;46.92686773;91.60230159;534061.6667;67.39476027;21197.0;41.82748538;42.69590643;210.9122807;142.609107;10.50524711;21.77359136;110.3302686;0.453418247;7.366463002;15.26802307;77.36551393;25.01499748;586.8068848;180.5010834;17.99451426;36.25055814;12.50877081;17.8066561;37.48969889;13.40729002;;;;;;;;;;83.69257905;81.95529063;85.2815363;63.6016133;82.82652956;0.0;
70;7053;Sucre;Santiago de Tolú;70820;2016;32165;4.987823203;0.320223846;20.7212809;117;4.0;282;0;1;0;0;0;26.62849776;47.34587093;86.93527476;708318.25;73.66392041;23694.0;51.34180791;48.16384181;247.6892655;226.8610151;18.27565739;25.2024041;183.3829536;0.705303949;8.055882754;11.10918246;80.83493478;25.01499748;586.8068848;180.5010834;18.48850358;36.21686141;13.89621812;17.91715394;37.31765864;14.71656306;;;;;;;;;;79.00175134;77.09792391;80.9735259;61.1233245;78.70762178;0.0;
70;7053;Sucre;Santiago de Tolú;70820;2021;33703;5.321484734;0.317479156;19.74601668;122;4.0;282;0;1;0;0;0;25.58920179;47.64849299;79.75727256;914792.25;75.68762425;25509.0;48.61271667;45.60115433;225.6416168;308.949315;20.07779903;44.64619104;244.2253249;0.916681942;6.498735571;14.4509759;79.05028853;25.01499748;586.8068848;180.5010834;18.5352895;37.2396305;15.34746121;17.87047841;38.13885648;16.3243874;;;;;;;;;;82.85568877;80.92928311;84.6897968;82.7292318;80.44861367;0.0;
70;7053;Sucre;Tolú Viejo;70823;2011;19438;3.168192887;;68.89597695;112;68.0;280;0;1;0;0;0;75.67215506;38.95373072;86.95508313;710966.9167;88.22409713;17149.0;40.1509434;41.12075472;203.4830189;213.2881511;12.34001818;151.0337387;49.91439423;1.097274159;5.785608867;70.81206242;23.40232871;20.21544266;581.6306763;178.4418335;17.55877939;36.95847924;15.5977989;18.03452293;37.66811395;15.06936355;;;;;;;;;;83.42267213;81.75883812;85.2179598;63.3964993;84.34718488;0.0;
70;7053;Sucre;Tolú Viejo;70823;2016;20604;4.309033845;0.271791885;69.30693069;117;68.0;280;0;1;0;0;0;76.10134781;39.08177359;82.17928073;768418.0833;87.1335663;17953.0;50.26368159;47.34328358;245.4477612;560.7162249;17.33587834;458.6437589;84.73658762;2.721394995;3.091738312;81.79605629;15.1122054;20.21544266;581.6306763;178.4418335;17.38799581;37.45838486;16.96946637;17.26290754;38.32127638;17.49083342;;;;;;;;;;80.6018438;78.49969962;82.6590989;62.3613094;79.73408244;0.0;
70;7053;Sucre;Tolú Viejo;70823;2021;22463;4.883215362;0.396207096;70.21323955;122;68.0;280;0;1;0;0;0;77.04703096;38.82591778;76.05478698;911633.5417;83.40381961;18735.0;46.26016235;44.24390411;217.6300812;629.5937578;25.48926541;480.6783025;123.4261899;2.802803534;4.04852575;76.34737424;19.60410001;20.21544266;581.6306763;178.4418335;17.28828434;38.35892935;18.70996051;17.13950126;38.78749548;19.39826527;;;;;;;;;;82.45944334;80.67031404;84.3475435;82.3335911;78.85073555;1.0;HH
73;7341;Tolima;Ibagué;73001;2011;500754;21.71468758;;6.782372183;105;1286.0;1439;1;0;0;0;0;8.749054188;51.72363744;66.19526876;533916.8333;33.28540561;166678.0;47.23497704;46.91927977;226.2223816;4610.430176;288.0221417;1024.908757;3297.499277;0.920697623;6.247185853;22.23021969;71.52259446;0.0;113.833313;57.25344467;18.59436962;40.25381411;16.22922665;17.39562814;41.99047601;18.52473752;25197.0;515735.0;7627.0;159365.0;11816.0;240791.0;64.54807041;66.18395206;0.002168309;66.17673559;65.54231835;66.7301599;50.2905657;65.0707962;0.0;
73;7341;Tolima;Ibagué;73001;2016;520856;28.08682566;2.368408927;6.92072281;110;1286.0;1439;1;0;0;0;0;9.098175244;51.47053585;62.41152588;685696.25;32.89565638;171339.0;53.35273144;52.00305616;264.7197249;7278.968264;375.6635396;1662.289763;5241.014962;1.397501087;5.160944876;22.83688707;72.00216805;0.0;113.833313;57.25344467;18.5128271;40.6988501;18.36838684;16.83172691;41.52559845;21.92785456;22930.0;6545245.0;6212.0;152661.0;10925.0;261847.0;56.86041;58.30161;0.002550133;58.28959296;57.65036739;58.9510298;45.0984142;57.31435265;0.0;
73;7341;Tolima;Ibagué;73001;2021;537856;29.40725151;3.243805033;7.183149393;115;1286.0;1439;1;0;0;0;0;9.547949656;51.4934032;58.70417518;905965.75;35.31447079;189941.0;54.16851044;51.2943306;255.3402405;9549.239749;435.7091717;1542.559865;7570.970712;1.775426833;4.562762933;16.15374528;79.28349179;0.0;113.833313;57.25344467;18.42917393;41.31153169;20.18485356;16.32918361;41.26977925;24.78005292;20827.0;6890934.0;4564.0;1438347.0;8439.0;2632709.0;54.08224;54.63372;0.003705443;54.62437504;54.0162174;55.235081;54.5410056;55.26851284;0.0;
73;7386;Tolima;Alpujarra;73024;2011;4854;6.815684659;;58.15822002;124;1306.0;517;1;0;0;0;0;66.78482068;39.80400334;88.17934783;534150.0;75.09270705;3645.0;42.8852459;42.81967213;209.557377;33.70363467;13.88222081;2.941834523;16.87957934;0.694347645;41.18909116;8.728537891;50.08237095;52.798069;142.1434631;52.798069;14.72466081;35.59457302;23.94253791;14.90630324;35.86030664;23.16865417;;;;;;;;;;87.32723807;85.93081568;88.7918925;66.363748;84.21423549;0.0;
73;7386;Tolima;Alpujarra;73024;2016;4558;15.01755156;0.065818341;57.02062308;129;1306.0;517;1;0;0;0;0;65.55722568;39.48894138;82.85917496;685696.25;65.70864414;2995.0;50.96;47.66;248.18;68.13294362;37.5474638;6.772027427;23.81345239;1.494799114;55.10911728;9.939431745;34.95145098;52.798069;142.1434631;52.798069;14.88372093;33.15010571;28.8372093;14.36388509;36.20611035;26.76698586;;;;;;;;;;78.96939887;76.89117255;80.9525753;61.0982935;73.04094016;0.0;
73;7386;Tolima;Alpujarra;73024;2021;4666;21.07979711;0.064294899;54.69352765;134;1306.0;517;1;0;0;0;0;63.55564733;39.76873839;79.84790875;905965.75;64.42348907;3006.0;51.98113251;48.05660248;241.71698;75.65879687;39.6599617;5.132574899;30.86626027;1.621491575;52.41949825;6.783844194;40.79665755;52.798069;142.1434631;52.798069;14.70099668;33.18106312;31.22923588;14.03897254;35.51815766;29.98228521;;;;;;;;;;72.27383577;70.06487535;74.2809931;72.1635292;72.52260445;3.0;LH
73;7341;Tolima;Alvarado;73026;2011;8769;2.212338921;;64.38590489;471;418.0;347;1;0;0;0;0;70.90379009;39.24198251;86.20435264;1062813.167;69.4149846;6087.0;43.83380952;42.05933333;208.8380952;102.191407;48.54190283;20.04488296;33.60462123;1.165371274;47.50096338;19.61503764;32.88399897;31.17266846;91.34021759;82.62224579;16.17292078;35.9227562;20.40816327;15.74074074;38.10541311;17.87749288;150.0;30058.0;46.0;8908.0;55.0;10736.0;83.63636364;82.97317437;0.330207497;83.44858359;77.63042771;88.9291878;63.4161906;85.85243936;0.0;
73;7341;Tolima;Alvarado;73026;2016;8714;3.594789993;0.195088364;63.18567822;476;418.0;347;1;0;0;0;0;70.65740844;39.63489752;77.01974865;766157.5;63.1168235;5500.0;49.27380952;48.46428571;246.5238095;141.2361205;63.48355566;18.06406599;59.68849882;1.620795507;44.94852694;12.78997606;42.261497;31.17266846;91.34021759;82.62224579;15.50753995;37.0695476;23.27256358;15.07843596;38.70287989;21.84500117;143.0;366712.0;55.0;9130.0;72.0;11954.0;76.38889;76.37611;0.301928911;77.07342964;70.90846792;82.5691725;59.6313901;78.69868505;0.0;
73;7341;Tolima;Alvarado;73026;2021;9153;8.445318475;0.906806512;61.78302196;481;418.0;347;1;0;0;0;0;69.4922323;39.56834532;71.76687941;905965.75;58.37430351;5343.0;49.63736343;48.08791351;236.7472534;154.7695566;63.12294974;14.46894469;77.17766213;1.690916165;40.78512024;9.348702041;49.86617772;31.17266846;91.34021759;82.62224579;15.54603854;37.55888651;25.37473233;14.74459068;38.7463752;24.67097925;135.0;485061.0;47.0;127049.0;60.0;162035.0;78.33334;78.40837;0.415063789;77.8709962;71.96010213;83.9091591;77.752147;76.58773366;0.0;
73;7358;Tolima;Ambalema;73030;2011;7155;4.631959003;;23.35429769;384;238.0;239;1;0;0;0;0;29.82009234;45.16796688;79.30503629;536564.1667;62.08245982;4442.0;41.8902439;40.82926829;200.6463415;89.77638013;54.3282031;6.768884592;28.67929244;1.25473627;60.5150297;7.539716552;31.94525375;40.52022171;84.07962799;84.07962799;16.5704864;37.15306403;20.58257763;15.64277588;38.05460751;20.56313993;68.0;12113.0;32.0;5268.0;39.0;6779.0;82.05128205;77.71057678;0.57612136;79.62347217;70.98796419;86.7370731;60.5093228;81.74901079;0.0;
73;7358;Tolima;Ambalema;73030;2016;6727;6.149348397;0.594618701;21.24275308;389;238.0;239;1;0;0;0;0;27.909699;45.08361204;78.05907173;693864.125;56.29552549;3787.0;47.63333333;47.16666667;240.6333333;101.2907602;52.20651242;10.03314952;39.05109824;1.505734505;51.54123864;9.905295902;38.55346546;40.52022171;84.07962799;84.07962799;16.58408627;34.74205771;24.97814048;15.04854369;36.92354369;24.15048544;61.0;120921.0;14.0;2003.0;24.0;3577.0;58.33333;55.99665;1.209279988;63.92220196;54.31580726;72.4231482;49.4563402;64.00119407;0.0;
73;7358;Tolima;Ambalema;73030;2021;6804;8.575837743;0.558495003;20.60552616;394;238.0;239;1;0;0;0;0;27.37673219;45.19819529;73.28;905965.75;51.73427396;3520.0;46.39622498;45.05660248;221.603775;104.4155921;46.25806348;7.053062989;51.10446567;1.534620696;44.30187344;6.754798631;48.94332793;40.52022171;84.07962799;84.07962799;16.15606936;35.23121387;27.6300578;14.35406699;36.66267943;27.84090909;60.0;151923.0;11.0;21403.0;20.0;47026.0;55.0;45.51312;1.336592808;53.34675379;43.42122669;63.7922505;53.2653343;53.46097278;0.0;
73;7341;Tolima;Anzoátegui;73043;2011;10156;1.448240777;;83.79283182;96;1900.0;475;1;0;0;0;0;87.64281419;36.5504109;95.82651391;1138642.0;88.50925561;8989.0;41.4139759;42.23554217;208.9036145;80.68764581;35.17273062;9.340252243;36.17466294;0.794482531;43.59122176;11.57581455;44.83296369;25.06925011;113.1049271;61.11301041;16.69748521;35.7433432;15.97633136;17.12299916;36.24684078;12.82645324;362.0;35871.0;172.0;14461.0;176.0;15460.0;97.72727273;93.538163;0.125131547;93.38135269;90.84702101;95.6683928;70.9645317;95.09090329;0.0;
73;7341;Tolima;Anzoátegui;73043;2016;10088;2.430280201;;85.35884219;101;1900.0;475;1;0;0;0;0;88.40193935;36.56241088;82.28580363;1198354.333;77.46827914;7815.0;49.82105263;47.94736842;245.7263158;104.7320924;40.76950968;10.76233484;53.20024785;1.038184897;38.92742784;10.27606209;50.79651007;25.06925011;113.1049271;61.11301041;16.53795442;37.54002637;18.21435299;17.51412429;37.28813559;15.58903536;394.0;410467.0;221.0;35682.0;237.0;38225.0;93.24895;93.34728;0.075581961;92.85202582;90.28585215;94.8603567;71.8392239;;0.0;
73;7341;Tolima;Anzoátegui;73043;2021;10419;3.241673865;0.0575871;85.15212592;106;1900.0;475;1;0;0;0;0;88.40463458;36.53297683;75.74008289;1079608.625;79.72934063;8307.0;48.38202286;48.03370667;230.5955048;178.9793886;106.92097;12.11228495;59.94613364;1.71781734;59.73926431;6.767418888;33.4933168;25.06925011;113.1049271;61.11301041;16.62366384;38.20493918;20.1437523;17.32425396;37.59262968;17.88503905;299.0;425520.0;117.0;178572.0;119.0;180463.0;98.31933;98.95214;0.008797301;98.42837702;96.84992198;99.5062357;98.2781525;95.40679498;0.0;
73;7358;Tolima;Armero;73055;2011;13406;3.390273012;;34.2831568;103;331.0;451;1;0;0;0;0;41.50789108;44.00196255;78.60806715;566266.25;58.12322841;7792.0;41.89056738;42.03730496;206.0141844;107.1046138;56.17136514;7.807862929;43.12538577;0.798930433;52.44532717;7.289940787;40.26473205;21.71964264;102.2431183;97.58335114;16.45532721;36.08803381;21.29427197;16.05805959;39.32773109;20.01527884;193.0;28084.0;67.0;9008.0;84.0;11650.0;79.76190476;77.32188841;0.279560918;78.13367164;72.23522473;83.5932325;59.3771589;81.48901179;0.0;
73;7358;Tolima;Armero;73055;2016;12940;5.788897476;0.123647604;34.9072643;108;331.0;451;1;0;0;0;0;42.5194274;44.15541922;75.15572592;686564.1667;51.88562597;6714.0;50.30526316;47.15789474;244.0421053;143.2756936;62.89681159;14.14906032;66.22982174;1.107231017;43.89914994;9.875408705;46.22544135;21.71964264;102.2431183;97.58335114;15.16947864;35.38531692;25.45979632;15.01336268;39.00330137;25.0432322;143.0;357623.0;47.0;8067.0;58.0;9906.0;81.03448;81.43549;0.290262396;79.82708326;73.32442819;84.9092166;61.7618804;78.9739369;0.0;
73;7358;Tolima;Armero;73055;2021;13317;7.118720433;0.533153113;36.89269355;113;331.0;451;1;0;0;0;0;44.79118508;43.69702574;71.5406809;905965.75;54.52429226;7261.0;48.94244766;46.35971069;229.2086334;162.7213072;70.88877876;10.90947159;80.92305685;1.22190664;43.56453373;6.704390335;49.73107593;21.71964264;102.2431183;97.58335114;14.9024246;35.57066824;28.07510349;14.45139631;38.60827102;28.27712498;150.0;437483.0;44.0;114109.0;53.0;137306.0;83.01887;83.10562;0.214707688;81.6333558;75.84084729;86.5871495;81.5087644;80.35831143;0.0;
73;7382;Tolima;Ataco;73067;2011;19881;2.392149959;;76.30400885;233;450.0;1122;1;0;0;0;0;80.36750484;37.83043198;103.0101777;874236.5833;80.49393894;16003.0;42.79070175;40.60766082;206.4795322;110.3533927;43.02750147;8.740359426;58.58553184;0.555069628;38.99064669;7.920335941;53.08901737;53.7702179;174.5721588;53.7702179;16.88286913;34.43342236;15.61426936;16.26050867;34.33010535;14.06831968;;;;;;;;;;89.53783431;88.11305359;90.7960623;68.0436758;91.94469975;0.0;
73;7382;Tolima;Ataco;73067;2016;19463;2.83700697;0.051379541;75.24019935;238;450.0;1122;1;0;0;0;0;79.56659676;38.25885896;99.5026178;1178259.583;81.52391718;15867.0;48.45901639;47.17486339;240.8032787;209.0886343;96.24166957;20.61977356;92.22719114;1.074287799;46.02912536;9.861738123;44.10913652;53.7702179;174.5721588;53.7702179;17.03258836;34.46883922;16.98336123;17.18246293;33.91360413;15.05480335;;;;;;;;;;86.49506404;84.85401153;88.0174793;66.9208692;85.47437487;1.0;HH
73;7382;Tolima;Ataco;73067;2021;19796;3.076800027;0.252576278;74.22711659;243;450.0;1122;1;0;0;0;0;78.84359316;37.81112363;91.07946027;1336083.125;86.06284098;17037.0;45.015625;43.09375;211.7552032;315.5380551;183.5427241;20.60870178;111.3866292;1.593948551;58.16817373;6.53128884;35.30053743;53.7702179;174.5721588;53.7702179;17.01452342;35.58718861;18.93815524;16.87413555;34.73773806;17.53378019;;;;;;;;;;87.10068069;85.30457161;88.7216986;86.9677449;85.32626236;1.0;HH
73;7341;Tolima;Cajamarca;73124;2011;18759;5.277022585;;49.58686497;98;1814.0;520;1;0;0;0;0;56.6630241;41.44475758;80.95436723;588266.6667;74.92403646;14055.0;44.10639706;42.24992647;211.8639706;183.0168957;93.90090122;18.61216984;70.5038246;0.975621812;51.30723089;10.16964569;38.52312342;0.0;145.7300873;27.00458145;17.41935484;37.5422427;16.80491551;17.40048922;39.72648432;15.11007338;;;;;;;;;;85.49652225;83.87832501;86.959205;64.9725078;85.72144201;0.0;
73;7341;Tolima;Cajamarca;73124;2016;18498;6.325909107;0.362201319;48.66472051;103;1814.0;520;1;0;0;0;0;55.95136153;41.57675401;76.31600832;685722.5;72.57541356;13425.0;47.85454545;45.28727273;236.5854545;194.2820904;57.97798505;29.49296182;106.8111435;1.050287006;29.84216658;15.18048409;54.97734933;0.0;145.7300873;27.00458145;16.88081061;37.52219785;19.03269612;17.07563025;40.21288515;17.26610644;;;;;;;;;;81.1254949;79.11613065;83.0232766;62.766456;76.718829;0.0;
73;7341;Tolima;Cajamarca;73124;2021;19103;9.387269015;0.533947548;48.26467047;108;1814.0;520;1;0;0;0;0;55.83158574;41.52282626;70.66582418;905965.75;70.36067633;13441.0;50.20346451;46.75324631;235.3722992;242.4561745;78.64515168;23.06439253;140.7466303;1.269204703;32.43685249;9.512808894;58.05033861;0.0;145.7300873;27.00458145;16.8699187;38.23170732;20.97560976;16.72244413;40.57000972;19.66965346;;;;;;;;;;77.93584375;75.80851991;79.9042384;77.8168956;73.81064195;0.0;
73;7362;Tolima;Carmen de Apicalá;73148;2011;9449;5.163685752;;26.04508414;124;350.0;202;1;0;0;0;0;33.16265778;45.26077638;76.42129477;533883.3333;56.65149751;5353.0;44.50862069;44.94827586;215.9655172;59.26971443;3.152623002;5.054550493;51.06254093;0.627259122;5.31911286;8.528049345;86.15283779;60.43782425;67.95503998;67.95503998;15.77731092;39.62184874;19.24369748;15.54702495;39.62465344;19.72702069;;;;;;;;;;81.73725837;80.00729002;83.3477621;62.1156805;82.03507155;0.0;
73;7362;Tolima;Carmen de Apicalá;73148;2016;9966;5.910094321;0.431466988;24.88460767;129;350.0;202;1;0;0;0;0;31.56562878;45.91264165;69.48434901;685696.25;44.21031507;4406.0;48.12;47.44666667;239.7;101.1120123;5.585810433;10.06359399;85.46260785;1.01456966;5.524378664;9.952916338;84.522705;60.43782425;67.95503998;67.95503998;16.76682692;38.40144231;21.67467949;16.34499397;40.57096904;21.35102533;;;;;;;;;;69.31233019;67.08515584;71.335824;53.6266599;69.78326552;0.0;
73;7362;Tolima;Carmen de Apicalá;73148;2021;11003;8.062952528;0.672543852;24.52058529;134;350.0;202;1;0;0;0;0;31.28595106;46.00760456;65.49391069;905965.75;42.46114696;4672.0;48.35507202;46.57246399;223.7536163;133.5984281;5.306809367;9.038319036;119.2532997;1.214200019;3.972209437;6.76528846;89.2625021;60.43782425;67.95503998;67.95503998;16.63633054;38.8423735;23.75318529;15.88310038;40.29769468;24.46905064;;;;;;;;;;66.13300067;63.76405343;68.5503489;66.0320664;66.62112229;0.0;
73;7355;Tolima;Casabianca;73152;2011;6603;2.207330002;;74.32985007;115;1900.0;123;1;0;0;0;0;78.92293408;37.40328072;87.17386003;923285.2083;83.68923217;5526.0;45.54861111;44.44722222;218.7638889;43.09063582;18.27166748;3.711977528;21.10699081;0.652591789;42.40287276;8.614348472;48.98277877;38.60715485;131.0296021;64.33033752;15.4674221;37.39376771;18.44192635;16.23820371;38.36641718;14.70875366;;;;;;;;;;90.55327371;89.30788088;91.8884395;68.8153521;92.51177988;0.0;
73;7355;Tolima;Casabianca;73152;2016;6385;3.14669799;0.015661707;73.6256852;120;1900.0;123;1;0;0;0;0;78.47547641;37.33208372;81.99652347;931814.7083;78.08927173;4986.0;50.44117647;48.58823529;247.9411765;74.59296183;37.90909308;7.137730362;29.54613838;1.168253122;50.82127342;9.568905949;39.60982063;38.60715485;131.0296021;64.33033752;15.34407028;37.62811127;21.02489019;15.21885522;37.60942761;18.88888889;;;;;;;;;;86.83072356;85.05313187;88.3976249;67.1805676;86.26249851;0.0;
73;7355;Tolima;Casabianca;73152;2021;6354;2.644003777;0.220333648;73.30815234;125;1900.0;123;1;0;0;0;0;78.40024424;37.03251412;76.35383484;1293532.208;85.55240793;5436.0;50.32051468;48.70512772;240.3974304;169.4963733;117.4783506;11.39652721;40.62149548;2.667553877;69.31024442;6.723758736;23.96599684;38.60715485;131.0296021;64.33033752;15.31452087;38.18342152;23.16284539;14.63414634;37.77100271;21.74796748;;;;;;;;;;87.69041949;86.03175355;89.2156531;87.5565836;85.66100818;0.0;
73;7382;Tolima;Chaparral;73168;2011;49927;4.490890033;;44.53902698;425;853.0;2229;1;0;0;0;0;50.59410264;44.18652754;96.1635199;534711.25;81.54705871;40714.0;44.21990689;43.58027933;208.9497207;286.9428043;71.52543417;40.42797622;174.9893939;0.574724707;24.92672166;14.08921068;60.98406766;53.7647171;174.0704651;83.13500214;17.21491666;34.26995483;16.31560014;17.50843103;35.30191103;15.95471335;328.0;52757.0;131.0;20109.0;142.0;22261.0;92.25352113;90.33286914;0.084221078;90.04858215;86.91135749;92.7869468;68.4318151;89.26405964;0.0;
73;7382;Tolima;Chaparral;73168;2016;50157;6.309521436;0.368841837;43.47748071;430;853.0;2229;1;0;0;0;0;50.17018831;43.30076916;87.33556874;710382.1667;76.13094882;38185.0;49.80819672;47.92622951;245.2868852;459.4226356;97.18154778;82.16085923;280.0802286;0.915969128;21.15297337;17.88350265;60.96352398;53.7647171;174.0704651;83.13500214;17.61112199;35.25748972;17.93616605;17.41531963;36.3780359;18.00016246;264.0;570925.0;132.0;18975.0;151.0;23383.0;87.41722;81.1487;0.139949739;81.16415263;76.53843456;85.711348;62.7963653;78.47027114;0.0;
73;7382;Tolima;Chaparral;73168;2021;53754;6.663535117;0.679019236;42.62566507;435;853.0;2229;1;0;0;0;0;49.65034965;42.97793897;80.74751514;912192.8333;75.02325408;40328.0;49.33873749;47.16756821;231.2756805;687.9842185;249.1841869;69.00475227;369.7952794;1.279875393;36.21946263;10.02999057;53.7505468;53.7647171;174.0704651;83.13500214;17.65027522;36.08063281;19.90668173;17.02062992;36.76911971;20.62611603;232.0;757441.0;74.0;250213.0;88.0;329672.0;84.09091;75.89756;0.450191787;76.29033696;71.42596478;80.6666085;76.1739002;76.33430262;0.0;
73;7341;Tolima;Coello;73200;2011;8400;3.14781746;;82.91666667;124;300.0;349;1;0;0;0;0;87.37596472;37.00110254;87.50730852;611320.8333;68.22619048;5731.0;43.12037037;43.36111111;212.1111111;62.15425701;22.13041044;5.752530564;34.271316;0.739931631;35.60562302;9.255247895;55.13912908;33.35049057;81.43058777;81.43058777;14.64425512;35.18305319;23.62422289;14.76460439;37.41681045;22.1345822;;;;;;;;;;87.44389358;86.00335704;88.8554694;66.4523996;88.63528602;0.0;
73;7341;Tolima;Coello;73200;2016;8283;4.228540384;0.205239647;82.26487987;129;300.0;349;1;0;0;0;0;87.16297347;37.12476804;83.49666797;748316.3333;51.0322347;4227.0;49.97468354;47.62025316;245.5696203;271.5152444;31.86512025;191.8716399;47.77848429;3.277981944;11.73603358;70.66698605;17.59698038;33.35049057;81.43058777;81.43058777;14.87094483;35.80393085;25.33743784;14.33497537;37.33990148;24.26108374;;;;;;;;;;69.02839003;66.78740139;71.4077663;53.4069766;77.58246962;2.0;LL
73;7341;Tolima;Coello;73200;2021;8417;6.146291236;1.603896875;81.26410835;134;300.0;349;1;0;0;0;0;86.50909851;37.29345325;79.37022901;905965.75;49.23369372;4144.0;45.88999939;43.52999878;214.3600006;334.7783629;40.64378835;231.8225349;62.31203962;3.977407187;12.14050633;69.24657046;18.61292321;33.35049057;81.43058777;81.43058777;14.73361622;36.11504008;27.48703442;13.86826347;37.19760479;27.35329341;;;;;;;;;;65.45971767;63.12666302;67.5560363;65.359811;69.86937023;2.0;LL
73;7382;Tolima;Coyaima;73217;2011;23491;2.921331574;;84.24077306;233;358.0;667;1;0;0;0;0;87.99813662;37.84356075;109.5194786;807490.3333;102.86067;24163.0;36.41424837;37.38460784;188.8986928;103.6252331;17.3586211;8.977725953;77.28888605;0.441127381;16.75134576;8.6636485;74.58500574;77.87496948;132.4033051;79.28507996;15.87776117;30.84205282;20.68593257;15.65202201;32.33470172;19.80959036;;;;;;;;;;93.46792543;92.24226154;94.5249387;71.0303221;90.32995411;0.0;
73;7382;Tolima;Coyaima;73217;2016;22882;3.551554351;0.048072721;83.43239227;238;358.0;667;1;0;0;0;0;87.22509164;37.50416528;99.8411738;979170.6667;96.21099554;22015.0;43.31339031;39.35897436;209.7407407;141.4903342;19.81881475;13.94107225;107.7304472;0.618347759;14.00718634;9.853020939;76.13979272;77.87496948;132.4033051;79.28507996;16.17257582;31.7300299;23.67364374;15.49610808;33.2468462;22.45683099;;;;;;;;;;90.89041487;89.47344641;92.0560189;70.3215338;83.66965655;0.0;
73;7382;Tolima;Coyaima;73217;2021;23280;3.939003436;0.137457045;82.21219931;243;358.0;667;1;0;0;0;0;86.44444444;37.36904762;93.28276566;1168509.75;89.42439863;20818.0;40.91549301;37.82394409;190.1161957;237.5813242;93.48847081;14.64916682;129.4436866;1.020538334;39.35009249;6.165958907;54.4839486;77.87496948;132.4033051;79.28507996;16.19184086;32.2825354;26.04517869;15.04905396;33.44428872;25.58689559;;;;;;;;;;87.65295303;86.02771249;89.1987382;87.5191743;85.1935043;0.0;
73;7362;Tolima;Cunday;73226;2011;10246;2.025180558;;74.66328323;124;460.0;518;1;0;0;0;0;79.57862182;38.20431043;96.12892507;1122518.667;73.60921335;7542.0;41.96503497;40.93006993;206.0769231;53.55996373;19.40283026;5.150877026;29.00625645;0.522740228;36.2263693;9.617028593;54.15660211;74.22093201;74.22093201;74.22093201;13.09077269;33.64591148;25.63765941;13.59381359;35.57183557;22.22222222;186.0;48994.0;81.0;20705.0;95.0;23915.0;85.26315789;86.57746184;0.134345773;86.87944653;82.87337584;90.932933;66.0234518;87.51851854;0.0;
73;7362;Tolima;Cunday;73226;2016;9110;3.025978778;0.021953897;73.92974753;129;460.0;518;1;0;0;0;0;78.95405463;37.70908321;91.80267062;1191900.0;67.27771679;6129.0;48.12359551;47.13483146;238.2808989;126.8647924;72.29790792;12.63678675;41.93009772;1.392588281;56.98815767;9.960830356;33.05101197;74.22093201;74.22093201;74.22093201;13.21585903;33.10258024;29.43150829;13.65415611;34.86069537;25.14390974;155.0;592932.0;75.0;20950.0;81.0;22370.0;92.59259;93.65221;0.075373513;91.92159257;88.18130616;95.1967499;71.1193516;88.94027226;0.0;
73;7362;Tolima;Cunday;73226;2021;8692;4.766835404;0.138057984;71.28393925;134;460.0;518;1;0;0;0;0;76.78183399;37.8422425;87.37976145;975787.7917;68.68384722;5970.0;47.84070969;45.71681595;227.1592865;99.88572416;38.2963937;6.885854545;54.70347592;1.149168479;38.34020729;6.893732416;54.76606029;74.22093201;74.22093201;74.22093201;13.05879762;33.09843647;32.21757322;13.0330041;34.69043604;28.74006264;207.0;725518.0;69.0;263969.0;88.0;356952.0;78.40909;73.95084;0.263171573;74.83469138;69.39641502;80.1205433;74.7204763;76.68732233;0.0;
73;7386;Tolima;Dolores;73236;2011;8994;2.163479357;;57.74961085;311;1450.0;672;1;0;0;0;0;65.24838746;40.12673984;87.56599308;993397.6667;72.99310652;6565.0;45.03514563;44.19747573;216.7281553;49.97937574;17.72797924;3.97015974;28.28123676;0.555696862;35.47058957;7.943596096;56.58581433;82.60485077;112.3217697;82.60485077;14.78316599;35.48387097;23.37107456;14.44470206;37.35219105;23.02341757;;;;;;;;;;88.72009143;87.2582623;90.0666691;67.4222375;89.13411889;0.0;
73;7386;Tolima;Dolores;73236;2016;8471;3.046669028;0.047219927;58.58812419;316;1450.0;672;1;0;0;0;0;65.51153164;39.97634536;83.30792683;1033185.792;75.18592846;6369.0;50.41935484;48.09677419;246.688172;88.18411469;33.92352134;8.733212347;45.527381;1.04101186;38.46897081;9.903384955;51.62764423;82.60485077;112.3217697;82.60485077;15.12738854;34.91810737;25.36396724;14.28220859;36.12269939;25.6196319;;;;;;;;;;85.06177869;83.335298;86.5898723;65.8119423;85.92148926;1.0;HH
73;7386;Tolima;Dolores;73236;2021;8533;3.635884214;0.093753662;58.42025079;321;1450.0;672;1;0;0;0;0;65.64242631;39.76328667;78.16520604;941792.7083;77.88585492;6646.0;50.49541473;48.21100998;237.3302765;121.2247711;60.41514401;8.156849569;52.65277753;1.420658281;49.83729271;6.728698676;43.43400862;82.60485077;112.3217697;82.60485077;14.8517093;35.3860086;28.00543355;13.67832847;35.88435374;29.03304179;;;;;;;;;;83.80116042;81.96947186;85.5149674;83.6732604;83.92834037;0.0;
73;7341;Tolima;Espinal;73268;2011;69928;11.65329577;;27.79001258;228;323.0;231;1;0;0;0;0;35.36407195;45.69476082;69.84937562;533883.3333;49.71685162;34766.0;43.59963427;44.18285266;211.2068966;982.7244583;209.840647;255.8817007;517.0021107;1.405337573;21.35294845;26.03799046;52.6090611;42.87604904;83.63974762;83.63974762;18.56176658;39.52829643;16.96629863;16.20152845;41.29917917;18.84800453;572.0;59317.0;196.0;20053.0;250.0;24618.0;78.4;81.45665773;0.073238986;81.12403305;77.97260875;84.1481594;61.649664;75.49923983;0.0;
73;7341;Tolima;Espinal;73268;2016;70211;12.68141744;1.182150945;27.96000627;233;323.0;231;1;0;0;0;0;35.72753535;45.94039836;66.34330882;685696.25;55.15375084;38724.0;50.4389002;48.57535642;248.1415479;1810.65463;307.4682739;706.0985501;797.0878064;2.578876003;16.98105584;38.99686546;44.0220787;42.87604904;83.63974762;83.63974762;17.92586591;39.19384241;19.9803235;15.87288231;40.49983171;22.88230674;483.0;749247.0;159.0;22828.0;227.0;32284.0;70.04405;70.70995;0.094704313;70.4708778;66.41427718;74.3657602;54.5230233;69.14267443;0.0;
73;7341;Tolima;Espinal;73268;2021;73986;13.73615729;1.777363285;27.71335117;238;323.0;231;1;0;0;0;0;35.64081218;45.97367047;62.15398009;905965.75;57.64468954;42649.0;50.00837326;47.08492661;233.3014374;2058.212024;316.8963516;687.2000575;1054.115615;2.781893905;15.39668158;33.38820537;51.21511305;42.87604904;83.63974762;83.63974762;17.89851076;39.68560397;21.95256481;15.37666331;40.2666596;25.8283412;466.0;862366.0;105.0;62446.0;169.0;104722.0;62.13018;59.63026;0.16746691;59.93354612;55.67621652;64.0533837;59.8420737;61.87634136;0.0;
73;7358;Tolima;Falan;73270;2011;8807;2.047613641;;80.1635063;81;930.0;188;1;0;0;0;0;83.90399648;36.65088627;86.62973223;995217.75;64.84614511;5711.0;45.9766;42.6659;215.69;57.23912764;21.59722951;8.910316412;26.73158172;0.649927644;37.73158397;15.56682776;46.70158827;22.32935524;114.1360931;90.68461609;14.56600554;36.21241203;23.1392621;15.22583779;37.29966003;18.94123361;;;;;;;;;;86.7446114;85.26195644;88.4108753;65.9209848;90.71981852;0.0;
73;7358;Tolima;Falan;73270;2016;8039;2.642326989;0.024878716;78.35551686;86;930.0;188;1;0;0;0;0;82.73767811;37.28100911;82.2052621;1246099.458;64.90857072;5218.0;48.81176471;48.90588235;245.7529412;101.7603657;55.4052973;9.502899187;36.85216924;1.265833633;54.4468339;9.338507305;36.2146588;22.32935524;114.1360931;90.68461609;13.83617583;35.64736969;27.36007687;14.68008256;36.40350877;22.75541796;;;;;;;;;;82.83389978;81.04162248;84.644381;64.0882417;85.6788129;0.0;
73;7358;Tolima;Falan;73270;2021;7831;4.349167837;0.357553314;75.6736049;91;930.0;188;1;0;0;0;0;80.60791706;37.27615457;77.51118341;1131503.333;66.83693015;5234.0;49.66666794;47.92856979;232.7460327;115.5918736;59.03990468;8.442052938;48.109916;1.476080623;51.07617243;7.303327366;41.62050021;22.32935524;114.1360931;90.68461609;13.63636364;35.995086;29.75429975;14.1983515;36.37330497;26.03031109;;;;;;;;;;81.15705051;79.21581848;83.0504639;81.0331861;83.55046672;0.0;
73;7341;Tolima;Flandes;73275;2011;28187;3.096876811;;14.24770284;57;290.0;100;1;0;0;0;0;19.69973457;48.75580624;75.15965286;533883.3333;36.42814063;10268.0;42.37243402;41.39002933;202.5513196;172.1791263;32.19248946;18.63261176;121.3540251;0.610845873;18.69709188;10.82164381;70.48126431;44.74721146;75.32043457;75.32043457;16.35574837;38.94432393;18.26464208;16.09667758;40.18248938;19.97631817;;;;;;;;;;74.62743282;72.79412309;76.5667357;56.7126163;74.79246297;0.0;
73;7341;Tolima;Flandes;73275;2016;28294;3.397952452;0.378172051;13.64600269;62;290.0;100;1;0;0;0;0;18.77442997;48.55456026;71.75478186;685718.75;29.10157631;8234.0;47.20186335;44.38198758;229.7049689;266.0059087;24.9892836;43.77559194;197.2410331;0.940149532;9.394258843;16.4566239;74.14911726;44.74721146;75.32043457;75.32043457;16.83636885;37.98938764;20.52201348;15.82798996;40.179816;21.9891274;;;;;;;;;;61.02114471;58.67721231;63.0480307;47.2118044;69.09746664;0.0;
73;7341;Tolima;Flandes;73275;2021;29830;4.781260476;0.858196447;13.36238686;67;290.0;100;1;0;0;0;0;18.44671202;48.64323507;67.46291174;905965.75;23.33556822;6961.0;47.89542389;44.54575348;222.9444427;335.5679111;50.18714329;30.56033679;254.820431;1.124934331;14.95588274;9.107049804;75.93706746;44.74721146;75.32043457;75.32043457;16.73146443;38.51715436;22.59054635;15.32071989;40.02900653;24.93242798;;;;;;;;;;58.02590392;55.55160906;60.6196299;57.937343;68.8965721;2.0;LL
73;7358;Tolima;Fresno;73283;2011;31238;3.906566788;;50.72347782;153;1478.0;232;1;0;0;0;0;57.96953277;41.66240671;78.89419727;535183.3333;75.41455919;23558.0;45.71071038;43.54270492;214.6311475;247.0454984;103.8542505;30.22255257;112.9686952;0.790849281;42.03851162;12.23359777;45.72789061;30.15377235;130.7443848;85.27415466;16.23150566;38.43093373;17.84781798;16.66446674;39.96832101;16.24208025;;;;;;;;;;86.7690945;85.29486086;88.3395097;65.9395905;88.04682526;0.0;
73;7358;Tolima;Fresno;73283;2016;31005;4.422942536;0.119335591;49.68553459;158;1478.0;232;1;0;0;0;0;57.26985184;41.60812386;74.00611621;685696.25;76.22964038;23635.0;51.46685879;48.95389049;252.1930836;366.3969996;156.1236067;37.51703906;172.7563538;1.181735203;42.6105036;10.23945041;47.15004599;30.15377235;130.7443848;85.27415466;15.70542927;38.29920471;20.98440729;16.50039904;39.40542698;19.93881351;;;;;;;;;;83.68048884;81.86742355;85.3915827;64.7432441;82.86683791;0.0;
73;7358;Tolima;Fresno;73283;2021;31702;5.683658234;0.403760015;48.85496183;163;1478.0;232;1;0;0;0;0;56.73443456;41.64866582;68.69758848;905965.75;76.25386411;24174.0;52.89014053;50.63943481;250.6760559;637.6969505;366.8772924;44.49453678;226.3251214;2.011535394;57.53160527;6.977379576;35.49101516;30.15377235;130.7443848;85.27415466;15.52573258;38.93745383;23.09775917;15.97878121;39.70112563;22.62905939;;;;;;;;;;81.48503306;79.72560097;83.1604308;81.360668;77.40736542;0.0;
73;7386;Tolima;Guamo;73319;2011;33820;3.464419476;;50.36960378;240;321.0;523;1;0;0;0;0;59.65264863;42.89399484;81.69520386;534116.6667;65.27202839;22075.0;40.15087221;40.34687627;199.8296146;319.9822478;145.1384794;28.25710453;146.5866639;0.946133199;45.3582911;8.83083506;45.81087384;45.65213013;92.03362274;92.03362274;15.05109754;36.53625204;22.41639959;14.99161025;37.91587109;22.83747035;286.0;31431.0;111.0;11386.0;116.0;12018.0;95.68965517;94.7412215;0.062798953;94.09556832;91.57227332;96.6136612;71.5072951;90.1470817;0.0;
73;7386;Tolima;Guamo;73319;2016;33103;4.639811095;0.27792043;49.60879679;245;321.0;523;1;0;0;0;0;59.00675169;42.24156039;78.8617496;686361.0;62.73751624;20768.0;45.99097065;43.42889391;225.0948081;335.4493315;148.1830473;33.6865536;153.5797306;1.013350245;44.17449474;10.04221813;45.78328713;45.65213013;92.03362274;92.03362274;15.38133528;36.19639376;24.71369396;14.61616827;37.16066399;26.09216756;227.0;409275.0;102.0;14191.0;116.0;16224.0;87.93104;87.46918;0.171734265;86.32644254;81.89665558;90.121621;66.7904074;83.45988866;0.0;
73;7386;Tolima;Guamo;73319;2021;34315;6.368934868;0.338044587;48.86784205;250;321.0;523;1;0;0;0;0;58.42998586;42.14710042;74.91065701;905965.75;58.04167274;19917.0;46.65441132;43.29411697;215.9387207;677.8697383;411.6865366;47.10612533;219.0770764;1.975432721;60.7323964;6.94914121;32.31846238;45.65213013;92.03362274;92.03362274;15.24476347;36.57331137;26.98281949;14.11166926;36.73422253;29.40700964;193.0;466179.0;56.0;129453.0;67.0;184362.0;83.58209;70.21675;0.550746778;70.73786035;64.84849023;76.6643681;70.629898;71.53703001;0.0;
73;7355;Tolima;Herveo;73347;2011;8094;2.919858331;;71.65801829;124;2250.0;343;1;0;0;0;0;77.58599733;38.75045582;78.79369958;800136.6667;55.88089943;4523.0;47.43529412;44.7675;223.8235294;52.87155178;14.72752481;7.21202357;30.93200341;0.653219073;27.85529138;13.64065046;58.50405816;32.50914001;137.5069733;61.32001877;16.04790419;38.65868263;18.01197605;15.92242919;39.80607298;16.8920643;397.0;53540.0;171.0;21641.0;190.0;26253.0;90.0;82.43248391;0.248559099;82.45170891;78.81850563;85.934932;62.6586224;89.130481;2.0;LL
73;7355;Tolima;Herveo;73347;2016;7562;3.376531782;0.039672044;71.47580005;129;2250.0;343;1;0;0;0;0;77.1547379;38.81048387;75.52888527;1159251.833;52.28775456;3954.0;51.0;50.6984127;255.0793651;85.48406514;33.94633102;8.780417226;42.7573169;1.130442543;39.71071212;10.27140814;50.01787974;32.50914001;137.5069733;61.32001877;14.99615483;37.42630095;21.91745706;15.4875717;39.60666485;21.05981972;314.0;644719.0;161.0;21792.0;180.0;25741.0;89.44444;84.65871;0.217018556;83.83359623;79.85607082;87.6058693;64.8617027;83.74297916;4.0;HL
73;7355;Tolima;Herveo;73347;2021;7565;3.686935448;1.189689359;69.46463979;134;2250.0;343;1;0;0;0;0;75.57910301;38.93543618;71.04998996;1042330.375;52.37276933;3962.0;51.45000076;48.84999847;242.4875031;156.7536632;86.39826238;11.00471001;59.35069079;2.072090723;55.11722063;7.02038459;37.86239478;32.50914001;137.5069733;61.32001877;14.59138953;37.94792472;24.43928848;14.86706457;39.50081389;24.17254476;240.0;501673.0;83.0;141098.0;97.0;172254.0;85.56701;81.91276;0.337153487;81.30475077;76.40490292;85.9100345;81.1806609;81.7077584;4.0;HL
73;7358;Tolima;Honda;73349;2011;26081;8.758291477;;3.926229822;368;206.0;310;1;0;0;0;0;5.120659211;49.59931181;68.76412307;533883.3333;48.88232813;12749.0;43.24342105;44.22368421;211.0953947;122.2513125;7.640350192;12.01785033;102.593112;0.46873706;6.249708111;9.830446879;83.91984501;0.0;111.478775;111.478775;19.7044335;37.92333744;20.54341133;14.47780579;39.46061578;24.80708992;418.0;54309.0;140.0;18245.0;198.0;24090.0;70.70707071;75.73682026;0.151763356;75.85811293;71.9202566;79.5120295;57.6478634;71.12249709;0.0;
73;7358;Tolima;Honda;73349;2016;25060;13.06530992;0.937749401;4.106145251;373;206.0;310;1;0;0;0;0;5.64940202;50.36530318;69.56680458;685696.25;39.85634477;9988.0;52.73333333;51.66296296;261.4074074;203.5300293;12.98856213;21.41039418;169.131073;0.812170907;6.381644109;10.51952592;83.09882998;0.0;111.478775;111.478775;17.76695087;36.92245229;24.09257004;14.3664182;38.04629266;27.91683013;373.0;608911.0;127.0;16278.0;198.0;24591.0;64.14141;66.19495;0.196517445;65.98539937;61.52940842;70.7969027;51.0526274;66.10228899;0.0;
73;7358;Tolima;Honda;73349;2021;25718;12.53823522;0.90209192;5.260906758;378;206.0;310;1;0;0;0;0;7.190265487;50.32300885;66.26087979;905965.75;43.42095031;11167.0;50.91034317;48.31379318;238.8344879;239.6665949;13.37628342;16.69760087;209.5927106;0.93190215;5.581204767;6.967012187;87.45178305;0.0;111.478775;111.478775;17.72745332;37.05999205;26.34882797;13.7973045;37.44003655;31.25713851;373.0;713350.0;89.0;207419.0;136.0;302127.0;65.44118;68.65292;0.258729607;68.20609498;63.84709491;72.8604837;68.1019967;66.89491072;0.0;
73;7362;Tolima;Icononzo;73352;2011;11744;2.587136694;;68.08583106;96;1250.0;220;1;0;0;0;0;74.51080483;39.49293857;96.14994934;955102.6667;56.76089918;6666.0;42.67647059;43.49264706;208.1838235;70.96858756;29.28466086;6.3962716;35.2876551;0.604296556;41.26425771;9.01282077;49.72292152;49.9060173;49.9060173;49.9060173;14.53161205;32.53889441;24.76001324;15.25780428;35.88214662;21.62399158;;;;;;;;;;83.60596986;81.86769709;85.256854;63.5357952;86.45376482;0.0;
73;7362;Tolima;Icononzo;73352;2016;11764;3.157231101;0.153009181;69.72968378;101;1250.0;220;1;0;0;0;0;76.40704946;38.52026314;86.29144609;1066904.667;52.19313159;6140.0;50.06081081;49.83108108;246.9256757;99.42695026;31.65546292;9.946281186;57.82520616;0.845179788;31.83790998;10.00360683;58.15848319;49.9060173;49.9060173;49.9060173;13.98395284;33.48616342;27.78778451;14.81350539;37.29892169;24.35920099;;;;;;;;;;76.71732081;74.61738042;78.6949207;59.3558702;80.22706955;0.0;
73;7362;Tolima;Icononzo;73352;2021;12395;3.918246605;0.137152077;69.03590157;106;1250.0;220;1;0;0;0;0;75.86076998;38.34852709;82.20738413;1032698.958;53.86042759;6676.0;49.84684753;47.67567444;231.9549561;172.0654122;86.77505501;11.68924229;73.60111494;1.388184044;50.43143411;6.793487513;42.77507837;49.9060173;49.9060173;49.9060173;13.81078142;33.55600435;30.41789654;14.24974824;36.97549513;27.55958375;;;;;;;;;;76.42085015;74.10842369;78.2118242;76.3042142;83.00131418;0.0;
73;7355;Tolima;Lérida;73408;2011;18056;5.950007384;;26.97164377;145;345.0;281;1;0;0;0;0;34.04504061;46.44351464;76.81708577;533883.3333;61.50863979;11106.0;42.98029536;42.75649789;208.1518987;158.2971798;52.48453366;38.4161967;67.39644945;0.876701262;33.15569723;24.26840247;42.5759003;41.31315613;95.2490921;88.54883575;16.47599821;36.61956034;20.97353073;15.97374179;39.67177243;20.61269147;267.0;36611.0;94.0;12896.0;113.0;15175.0;83.18584071;84.98187809;0.121836516;84.49223957;80.48988671;88.3915042;64.2093099;81.95980697;0.0;
73;7355;Tolima;Lérida;73408;2016;18407;7.473606056;0.315097517;26.22371924;150;345.0;281;1;0;0;0;0;33.03885871;46.82146481;75.15386561;685696.25;56.84250557;10463.0;49.02564103;46.8974359;242.2197802;243.2815927;59.00546562;80.378826;103.8973011;1.321679756;24.25397868;33.03941951;42.70660181;41.31315613;95.2490921;88.54883575;15.69472057;36.19394743;23.63596201;15.17160269;38.9500695;24.19544531;225.0;568045.0;89.0;15988.0;122.0;23202.0;72.95082;68.90785;0.239158608;69.05348855;63.23015863;74.2008786;53.4263952;71.51654225;0.0;
73;7355;Tolima;Lérida;73408;2021;18582;9.328471998;1.37229577;25.14799268;155;345.0;281;1;0;0;0;0;32.12075646;46.97241339;70.89484536;905965.75;58.21762996;10818.0;47.01893997;44.84469604;220.594696;303.6101283;78.49057837;94.60216901;130.5173809;1.633893705;25.85242423;31.15909524;42.98848053;41.31315613;95.2490921;88.54883575;15.52160053;36.68242278;25.82169946;14.72851871;38.63995783;27.28518714;213.0;669561.0;48.0;122474.0;69.0;183739.0;69.56522;66.65651;0.43349159;66.70264301;60.92532096;72.5110161;66.6008393;68.09756676;0.0;
73;7355;Tolima;Líbano;73411;2011;38882;6.112297035;;36.73936526;125;1600.0;291;1;0;0;0;0;43.33597554;45.26950515;82.39714215;534600.0;68.40183118;26596.0;46.90577007;46.77952278;223.7006508;271.8708324;80.18636198;30.55919327;161.1252771;0.699220288;29.49428642;11.24033535;59.26537823;45.39051056;110.3099823;74.07958221;15.72714108;35.92780306;21.5349607;15.7321191;38.16637675;20.91476517;;;;;;;;;;83.07570537;81.43791155;84.7730857;63.1328243;82.01840024;0.0;
73;7355;Tolima;Líbano;73411;2016;37293;6.949695653;0.249376559;35.91022444;130;1600.0;291;1;0;0;0;0;42.9211623;45.31883313;77.49915569;702460.1667;71.29488108;26588.0;52.40877598;50.43187067;259.0877598;399.8107377;112.2735605;39.09479711;248.4423801;1.072079848;28.08167713;9.77832595;62.13999692;45.39051056;110.3099823;74.07958221;15.31292333;34.96613384;25.70577079;15.09714407;37.82248646;25.11413101;;;;;;;;;;79.0203445;77.23612309;80.7448417;61.13771;77.76725162;0.0;
73;7355;Tolima;Líbano;73411;2021;37540;9.697433848;0.356952584;35.50079915;135;1600.0;291;1;0;0;0;0;42.76192057;45.3562341;73.25070469;937333.5833;75.91102824;28497.0;52.0358963;48.42564011;242.3743591;515.7982466;180.2676633;32.99540031;302.535183;1.373996395;34.94925864;6.396958603;58.65378276;45.39051056;110.3099823;74.07958221;15.07197749;35.29602771;28.17404481;14.54202077;37.49344245;28.39681041;;;;;;;;;;77.46165992;75.3047525;79.6076468;77.3434355;75.32423873;0.0;
73;7358;Tolima;Mariquita;73443;2011;36204;7.445079733;;26.42249475;460;496.0;291;1;0;0;0;0;32.07553068;46.87529309;75.026572;533883.3333;60.2944426;21829.0;47.02161088;46.59062762;221.7008368;304.8471494;47.33234211;90.10105878;167.4137485;0.842026156;15.52658183;29.55614279;54.91727538;11.04452801;120.6703033;104.6610184;16.17811591;38.70552696;19.17654956;16.10104758;40.50632911;18.73090354;368.0;57878.0;140.0;23176.0;173.0;26555.0;80.92485549;87.27546601;0.055662967;86.671475;83.39479154;89.673938;65.8654052;78.78350971;0.0;
73;7358;Tolima;Mariquita;73443;2016;37257;9.668429199;0.791797515;26.10247739;465;496.0;291;1;0;0;0;0;32.30760074;46.85137789;72.04895219;685696.25;57.10604719;21276.0;51.7742616;49.81434599;254.5147679;451.3539718;49.0142348;149.6647277;252.6750092;1.211460858;10.8593782;33.15905854;55.98156326;11.04452801;120.6703033;104.6610184;16.08894702;38.64726401;20.96141269;15.64863293;39.99153842;21.75683537;407.0;742154.0;166.0;28341.0;210.0;35043.0;79.04762;80.87492;0.067871844;79.97364133;76.54299866;83.4618533;61.8752717;76.15200834;0.0;
73;7358;Tolima;Mariquita;73443;2021;38937;9.525429968;1.335490664;26.09086473;470;496.0;291;1;0;0;0;0;32.46016518;46.82572787;67.62298247;905965.75;57.94231708;22561.0;52.27764893;50.31999969;247.5435333;615.2985971;93.77907131;186.1488959;335.3706298;1.580241408;15.2412295;30.25342441;54.50534609;11.04452801;120.6703033;104.6610184;15.88339962;39.23487544;23.04270463;15.0486661;39.98184477;24.59528973;345.0;753345.0;127.0;59577.0;167.0;83735.0;76.0479;71.14946;0.084702054;70.86933593;66.49455296;75.1563935;70.7611729;70.27878737;0.0;
73;7362;Tolima;Melgar;73449;2011;33664;10.5161795;;18.58959125;62;324.0;209;1;0;0;0;0;24.52922304;46.523225;70.6854535;533883.3333;34.84434411;11730.0;46.4832636;46.12970711;219.9456067;1079.828454;813.6277087;25.46716672;240.7335781;3.207665321;75.34786716;2.358445607;22.29368724;57.52482986;57.52482986;57.52482986;17.75986823;41.86128596;13.50079416;17.59375938;42.85028503;13.77737774;;;;;;;;;;72.62205782;70.67860023;74.4837121;55.188645;70.75182793;0.0;
73;7362;Tolima;Melgar;73449;2016;35741;11.8283857;2.859461123;18.61727428;67;324.0;209;1;0;0;0;0;24.99920375;46.11268593;65.26113451;685696.25;33.74555832;12061.0;52.59662289;51.21575985;260.0056285;674.6841353;284.514985;40.64013938;349.529011;1.887703577;42.17010155;6.023580109;51.80631834;57.52482986;57.52482986;57.52482986;17.36172566;42.6880531;15.73561947;16.3750637;43.84802673;16.39205028;;;;;;;;;;62.19146369;59.8432701;64.6593756;48.1172753;60.47060121;0.0;
73;7362;Tolima;Melgar;73449;2021;37674;11.45661907;3.389605564;18.39199448;72;324.0;209;1;0;0;0;0;24.80652212;46.15702723;60.15907448;905965.75;38.48542762;14499.0;51.41391754;48.77655792;241.673996;928.8154846;439.3836014;34.73792393;454.6939593;2.465401828;47.30580063;3.740024204;48.95417517;57.52482986;57.52482986;57.52482986;17.29635866;43.68027784;17.25952431;15.88109266;44.32244242;18.64488484;;;;;;;;;;63.78060174;61.59605544;66.002859;63.6832578;59.06673398;0.0;
73;7355;Tolima;Murillo;73461;2011;3918;2.352390676;;59.41807044;26;2950.0;443;1;0;0;0;0;64.50070323;38.2559775;88.03278689;1130192.0;95.78866769;3753.0;45.36585366;41.24390244;213.3902439;36.42178328;7.222914881;12.05191917;17.14694923;0.929601411;19.83130487;33.08986569;47.07882944;44.66845322;121.4913254;58.16987228;17.48120301;36.65413534;16.2593985;18.54748603;36.48044693;10.94972067;;;;;;;;;;89.93962348;88.55455955;91.232075;68.3490127;91.19965299;4.0;HL
73;7355;Tolima;Murillo;73461;2016;4100;3.481707317;0.048780488;57.80487805;31;2950.0;443;1;0;0;0;0;63.8078016;38.7755102;80.93964859;1183394.833;78.87804878;3234.0;46.27777778;47.44444444;237.1111111;43.4027922;13.1585106;5.324491148;24.91979044;1.058604688;30.31719836;12.26762353;57.41517811;44.66845322;121.4913254;58.16987228;15.79900407;37.03033047;20.23540063;17.87414067;38.28662084;14.11951348;;;;;;;;;;86.67863721;84.96886333;88.2015199;67.062899;85.22205854;4.0;HL
73;7355;Tolima;Murillo;73461;2021;4386;4.318665451;0.250797994;57.18194254;36;2950.0;443;1;0;0;0;0;63.1155303;38.58901515;76.69252468;1171378.792;67.21386229;2948.0;52.05128098;52.43589783;253.4615326;60.89647527;22.37063038;5.491451749;33.03439315;1.388428529;36.73550937;9.017684069;54.24680657;44.66845322;121.4913254;58.16987228;15.2742616;37.59493671;22.53164557;17.31150794;38.54166667;16.56746032;;;;;;;;;;81.13185168;79.15253965;82.8019275;81.0080257;84.41195284;4.0;HL
73;7382;Tolima;Natagaima;73483;2011;16165;3.021961027;;47.34302505;148;326.0;862;1;0;0;0;0;55.63648083;42.53947792;89.52664545;713910.0833;93.62202289;15134.0;42.5400361;41.77812274;203.5054152;79.36897473;14.65837138;6.592934455;58.11766889;0.49099273;18.46864147;8.306689708;73.22466882;60.34630966;142.7004242;60.34630966;15.39408867;33.41133005;24.72906404;14.80422623;35.57489124;24.28837787;300.0;50143.0;138.0;23169.0;161.0;26762.0;85.71428571;86.57424707;0.073383749;87.00363958;83.08990357;90.2211584;66.1178315;86.47363894;0.0;
73;7382;Tolima;Natagaima;73483;2016;15247;3.858136027;0.150849347;47.1830524;153;326.0;862;1;0;0;0;0;55.71146245;42.23320158;83.18489108;736592.5;81.35370893;12404.0;47.62365591;46.2311828;233.4516129;120.0004837;34.2509279;11.93520843;73.8143474;0.787043246;28.54232486;9.945966929;61.51170821;60.34630966;142.7004242;60.34630966;15.42497377;33.74868835;28.55456453;14.29883248;35.43224452;27.90240063;300.0;592819.0;144.0;24029.0;165.0;27488.0;87.27273;87.41633;0.054812751;87.24421486;83.03378027;90.6639433;67.5004841;85.32428766;0.0;
73;7382;Tolima;Natagaima;73483;2021;14750;4.870621469;0.203389831;45.61355932;158;326.0;862;1;0;0;0;0;54.31339793;42.45907117;79.47675058;922223.75;81.94576271;12087.0;45.4450264;44.146595;215.7958069;142.300514;39.11729658;9.651588023;93.53162939;0.964749247;27.48921665;6.782539116;65.72824424;60.34630966;142.7004242;60.34630966;15.34485104;33.77771732;30.93456673;13.77213137;35.12636843;31.24746587;272.0;728186.0;86.0;185761.0;95.0;200503.0;90.52631;92.64749;0.048541682;91.94335024;88.62083897;94.604837;91.8030234;88.88291618;0.0;
73;7382;Tolima;Ortega;73504;2011;34245;1.959410133;;79.804351;168;400.0;960;1;0;0;0;0;84.32919291;38.19096956;104.8012654;1100718.125;83.06322091;28445.0;42.15973799;41.76272926;204.7860262;282.7417541;171.3893939;12.99076184;98.36159835;0.825643902;60.61693805;4.594567889;34.78849406;51.35109711;128.5180511;77.69915009;16.73585442;32.15240262;19.47682684;16.03241297;33.22328932;18.60144058;;;;;;;;;;90.64350498;89.27203762;91.9386808;68.8839228;89.46122932;0.0;
73;7382;Tolima;Ortega;73504;2016;34451;2.4181688;0.200284462;79.76256132;173;400.0;960;1;0;0;0;0;84.27149984;37.55954562;93.60812716;1177648.583;74.57838669;25693.0;46.20159681;42.59680639;225.5808383;251.0198615;81.95782208;24.92370284;144.1383365;0.728628665;32.64993519;9.928976414;57.4210884;51.35109711;128.5180511;77.69915009;17.41274021;33.44164939;20.77987562;16.85339116;34.9837369;19.46753403;;;;;;;;;;85.10556064;83.29763928;86.7216012;65.8458162;85.20777287;0.0;
73;7382;Tolima;Ortega;73504;2021;34428;3.097769258;1.18508191;79.00255606;178;400.0;960;1;0;0;0;0;83.78237917;37.32596625;87.63019589;1259008.75;68.31648658;23520.0;45.26315689;42.42583847;211.4425812;380.7205463;184.5050753;23.66658559;172.5488854;1.105845667;48.46207462;6.216261724;45.32166365;51.35109711;128.5180511;77.69915009;17.35374951;34.02882944;23.05233047;16.46484728;35.14669558;22.48930658;;;;;;;;;;81.97844215;79.89661603;83.8582417;81.8533241;83.8770655;0.0;
73;7358;Tolima;Palocabildo;73520;2011;10934;1.779617097;;71.13590635;15;1410.0;65;1;0;0;0;0;77.22716096;37.97995082;91.50858175;564941.2083;75.59904884;8266.0;43.60638298;44.68085106;216.0212766;52.26625632;14.93668251;5.775831253;31.55374255;0.47801588;28.57806081;11.05078431;60.37115488;27.75983429;120.6599655;84.75240326;15.43285142;36.26545898;18.95140219;15.96379742;36.14481032;15.88677065;;;;;;;;;;89.20732386;87.72391471;90.5385921;67.7925066;90.91313605;0.0;
73;7358;Tolima;Palocabildo;73520;2016;10017;2.878439985;0.029949087;70.30048917;20;1410.0;65;1;0;0;0;0;76.59215102;38.2414307;85.47215496;728757.9167;79.85424778;7999.0;50.98888889;48.63333333;249.7666667;86.07380125;30.95148293;8.518306413;46.60401191;0.859277241;35.95923787;9.896514723;54.14424741;27.75983429;120.6599655;84.75240326;15.15151515;35.78459757;22.3895001;15.77750207;36.57981803;18.63110008;;;;;;;;;;86.85143685;85.27680988;88.3007423;67.1965934;86.24075343;0.0;
73;7358;Tolima;Palocabildo;73520;2021;9648;3.625967385;0.207296849;68.39759536;25;1410.0;65;1;0;0;0;0;75.0578529;38.24328403;79.47411668;918054.6667;86.44278607;8340.0;47.95192337;46.36538315;225.9519196;127.9126121;55.71307036;8.852659571;63.34688215;1.325794072;43.5555724;6.92086529;49.52356231;27.75983429;120.6599655;84.75240326;15.14847512;36.31621188;24.59871589;15.33018868;36.94253859;21.44082333;;;;;;;;;;86.87829297;85.24255007;88.3917333;86.7456966;84.21067161;0.0;
73;7341;Tolima;Piedras;73547;2011;6532;3.688252705;;66.62584201;124;433.0;361;1;0;0;0;0;73.36180239;38.87498159;78.20327553;855832.8333;43.34047765;2831.0;42.63157895;42.03508772;206.5789474;199.1430274;170.2169704;6.536128389;22.38992866;3.048729752;85.47473269;3.282127662;11.24313964;33.0911293;82.25109863;82.25109863;16.36744464;38.03111909;21.33453022;15.48589342;39.43573668;20.40752351;91.0;18678.0;32.0;6500.0;36.0;7194.0;88.88888889;90.353072;0.233900244;88.63046979;82.80655363;93.4383678;67.3541302;85.09394039;0.0;
73;7341;Tolima;Piedras;73547;2016;6647;3.386239406;0.255754476;66.46607492;129;433.0;361;1;0;0;0;0;73.94993636;37.64672606;72.03507153;839341.5833;34.25605536;2277.0;48.98611111;47.22222222;243.1388889;175.3266681;128.3796657;13.37503141;33.57197097;2.637681181;73.22312521;7.628634912;19.14823988;33.0911293;82.25109863;82.25109863;19.18554631;36.9371953;22.22540866;15.34810127;38.57594937;23.25949367;84.0;243237.0;28.0;5538.0;42.0;8658.0;66.66666;63.96396;0.59194481;66.34395604;57.47907264;73.7034874;51.3300412;68.28871937;0.0;
73;7341;Tolima;Piedras;73547;2021;6960;5.314894636;2.816091954;65.30172414;134;433.0;361;1;0;0;0;0;73.02701271;37.68538136;67.81284004;970521.3333;29.45402299;2050.0;50.98275757;49.98275757;241.1034546;198.2756391;136.7804167;9.955970722;51.53925174;2.848787918;68.98498336;5.021277837;25.9937388;33.0911293;82.25109863;82.25109863;19.44520736;37.05026092;24.25157924;14.70322386;38.32479663;26.36336246;57.0;209400.0;10.0;100897.0;19.0;156351.0;52.63158;64.53236;2.067231014;65.6388262;55.15029456;76.4475385;65.5386462;66.85252131;0.0;
73;7382;Tolima;Planadas;73555;2011;25387;1.950801591;;73.51794225;45;1224.0;1445;1;0;0;0;0;78.14993424;39.00482245;106.4315212;915982.5;105.0380116;26666.0;42.42368627;40.68898039;204.1333333;169.1189413;68.03191589;15.15698719;85.93003823;0.666163553;40.2272598;8.962323837;50.81041636;60.78503036;231.6538391;70.55066681;17.94659022;34.1053108;11.3910682;18.34143929;34.96826313;9.694171956;432.0;60783.0;218.0;27324.0;226.0;29003.0;96.46017699;94.2109437;0.050051924;94.14819754;91.79984891;96.0857782;71.5472903;94.67540054;0.0;
73;7382;Tolima;Planadas;73555;2016;25623;3.027228141;0.152207002;73.5667174;50;1224.0;1445;1;0;0;0;0;77.77031847;39.01732891;98.73500261;1041123.417;97.75201967;25047.0;47.83276451;45.12286689;233.4232082;302.8185804;147.7436506;30.20211783;124.872812;1.181823285;48.78949317;9.973667331;41.2368395;60.78503036;231.6538391;70.55066681;18.22549167;34.23660111;13.01606365;17.8765954;36.37102675;11.66571823;359.0;932253.0;166.0;33022.0;198.0;39619.0;83.83839;83.3489;0.177249778;83.99364005;79.78593613;87.2437122;64.9855279;83.94997039;0.0;
73;7382;Tolima;Planadas;73555;2021;26972;4.261209155;0.28548124;73.12768797;55;1224.0;1445;1;0;0;0;0;77.64204218;38.79220929;89.47021455;962750.9167;105.4018983;28429.0;48.01111221;45.31481552;221.8296356;469.7770359;275.7752909;31.79445729;162.2072877;1.741721177;58.70344224;6.767988825;34.52856893;60.78503036;231.6538391;70.55066681;18.45327605;35.41711421;14.650913;17.78273237;37.3029907;13.63880987;335.0;1009797.0;146.0;434420.0;157.0;492032.0;92.99363;88.29101;0.116196752;88.49999151;84.66602042;91.7724131;88.36492;86.92934909;0.0;
73;7386;Tolima;Prado;73563;2011;8860;2.877163281;;58.10383747;145;320.0;448;1;0;0;0;0;65.50329366;40.02080203;82.65103697;617543.625;76.45598194;6774.0;43.90740741;43.08333333;212.3333333;100.3369149;48.7279378;6.939942785;44.66903429;1.132470823;48.56431739;6.916639597;44.51904301;86.04060364;103.7267075;92.84563446;14.81076351;37.05972435;22.09582148;14.85194684;38.40055957;19.35183026;;;;;;;;;;89.40982865;87.9425072;90.7779371;67.9463987;88.04896315;0.0;
73;7386;Tolima;Prado;73563;2016;8605;4.013170637;0.116211505;56.95525857;150;320.0;448;1;0;0;0;0;64.27392739;40.32296087;82.3233265;712888.5833;71.6676351;6167.0;49.01834862;47.88073394;244.0458716;125.349565;50.77830959;11.47654468;63.09471077;1.45670616;40.50936241;9.155631836;50.33500575;86.04060364;103.7267075;92.84563446;14.98754811;35.63504641;24.47362463;14.68481375;36.81948424;22.77936963;;;;;;;;;;83.07103872;81.41791797;84.6786664;64.2717151;85.17634505;0.0;
73;7386;Tolima;Prado;73563;2021;8694;6.061651714;0.437083046;54.8884288;155;320.0;448;1;0;0;0;0;62.48715313;40.1964143;77.96424663;931430.1667;75.35081666;6551.0;48.20429993;47.03225708;229.2580719;163.5255345;65.14050565;10.49112309;87.89390577;1.880901018;39.83506664;6.415587093;53.74934626;86.04060364;103.7267075;92.84563446;14.9453491;35.77961187;27.05777381;14.05841843;36.61838043;26.28829257;;;;;;;;;;81.98789165;79.97182049;83.856332;81.8627591;77.58616649;0.0;
73;7386;Tolima;Purificación;73585;2011;23955;5.863772351;;45.98204968;347;310.0;433;1;0;0;0;0;55.00879489;42.73027586;77.92659707;767044.0;77.13212273;18477.0;42.04898649;42.33881757;206.1756757;873.7078246;758.6013084;17.88450575;97.22201045;3.647287934;86.82551387;2.046966416;11.12751972;73.33595276;95.41534424;95.41534424;15.11530045;37.7209224;22.36155529;14.79334051;39.19489771;21.9580883;;;;;;;;;;88.2848416;86.78349311;89.7256159;67.0914724;83.12243639;0.0;
73;7386;Tolima;Purificación;73585;2016;23601;5.706326003;0.279649167;44.42184653;352;310.0;433;1;0;0;0;0;53.52795946;42.84662364;78.00924375;685696.25;69.18350917;16328.0;47.00967742;44.63870968;229.2741935;415.7916051;178.0034381;88.61802286;149.1701441;1.761754185;42.81073401;21.31308612;35.87617987;73.33595276;95.41534424;95.41534424;14.48805461;36.85153584;24.85494881;14.14864069;38.33010689;24.8463934;;;;;;;;;;78.58032667;76.41939178;80.3013999;60.79727;78.15104851;3.0;LH
73;7386;Tolima;Purificación;73585;2021;23760;7.482814254;1.047979798;42.88299663;357;310.0;433;1;0;0;0;0;52.14345992;43.04219409;73.86072204;905965.75;69.17929293;16437.0;47.99674225;44.71661377;221.7980499;514.0547688;212.9137452;118.6143813;182.5266424;2.163530172;41.41849431;23.07426922;35.50723647;73.33595276;95.41534424;95.41534424;14.39754935;37.08304969;27.12729748;13.74916722;38.02465023;27.90639574;;;;;;;;;;75.44413622;73.26286787;77.2664197;75.328991;74.44148185;0.0;
73;7382;Tolima;Rioblanco;73616;2011;23310;2.003074503;;83.87387387;63;1250.0;1136;1;0;0;0;0;86.69523898;37.38004286;109.8325108;915982.5;90.2960103;21048.0;44.10256158;42.85300493;208.4433498;175.1788018;36.40752538;16.18058481;122.5906916;0.751517811;20.78306565;9.236611192;69.98032316;49.943367;211.7332001;78.79046631;17.90693904;33.48735409;12.00551232;18.17022052;33.8436304;9.932567888;;;;;;;;;;90.94995975;89.53657165;92.2363986;69.116811;92.65027729;4.0;HL
73;7382;Tolima;Rioblanco;73616;2016;22829;2.910406354;0.035043147;83.61294844;68;1250.0;1136;1;0;0;0;0;86.33187366;37.33345756;104.6925445;1026628.292;88.98769109;20315.0;49.09090909;46.32121212;239.3090909;182.9353506;60.80944494;18.45905432;103.6668514;0.801328795;33.24094809;10.09047965;56.66857226;49.943367;211.7332001;78.79046631;17.72825545;33.68534841;13.59554299;17.60622049;34.33305563;11.74673702;;;;;;;;;;88.33327879;86.8969781;89.736869;68.3430883;85.04603829;4.0;HL
73;7382;Tolima;Rioblanco;73616;2021;23080;3.946057192;0.147313692;82.8812825;73;1250.0;1136;1;0;0;0;0;85.89669696;37.16692529;94.34421535;982886.5833;97.05372617;22400.0;49.88793182;46.01724243;229.9181061;238.9191301;87.76593731;16.55135503;134.6018377;1.035178207;36.73457931;6.927597226;56.33782347;49.943367;211.7332001;78.79046631;17.78365424;35.0301628;15.31278407;17.39684853;35.55879406;13.78996266;;;;;;;;;;89.72584197;88.20943316;91.0926379;89.5888996;85.7778684;4.0;HL
73;7382;Tolima;Roncesvalles;73622;2011;5661;2.676205617;;66.56067833;67;2550.0;790;1;0;0;0;0;72.80030604;38.90589135;93.7517996;854238.9167;84.45504328;4781.0;43.13117647;43.43352941;209.5441176;49.4562567;13.82538221;6.984458499;28.64641599;0.873631102;27.95476878;14.12249726;57.92273395;25.44192696;157.5980072;46.4516449;17.44455478;35.12082092;13.93578285;18.40909091;38.86363636;10.3030303;;;;;;;;;;88.286082;86.85812453;89.7776226;67.092415;89.98417466;0.0;
73;7382;Tolima;Roncesvalles;73622;2016;5485;3.770890307;0.109389243;66.21695533;72;2550.0;790;1;0;0;0;0;72.54052017;38.82397286;83.78844496;985304.8333;75.4603464;4139.0;47.84782609;46.91304348;240.6086957;74.61099993;23.31876881;7.746412162;43.54581896;1.360273472;31.25379478;10.38239961;58.36380561;25.44192696;157.5980072;46.4516449;17.31631597;35.73646085;17.45429458;18.0974478;39.44315545;13.0317092;;;;;;;;;;83.7354309;82.08032774;85.4229505;64.7857526;84.49406472;0.0;
73;7382;Tolima;Roncesvalles;73622;2021;5583;4.442056242;0.071646068;65.37703744;77;2550.0;790;1;0;0;0;0;72.00504414;38.51558278;77.54143646;985727.6667;74.63729178;4167.0;46.29545593;45.02272797;219.3863678;108.7956569;39.46871704;7.781352856;61.54558702;1.94869527;36.27784248;7.152264233;56.56989329;25.44192696;157.5980072;46.4516449;17.31484613;36.38823132;19.51301995;17.93602437;39.90860625;15.23229246;;;;;;;;;;83.09380488;81.1570757;84.9776556;82.9669845;84.60399325;0.0;
73;7341;Tolima;Rovira;73624;2011;22337;1.828804226;;55.88037785;97;875.0;733;1;0;0;0;0;62.03717472;41.45229244;97.03156784;1113917.0;98.11075794;21915.0;43.75006601;42.70405941;208.9438944;117.4105617;35.23930449;11.31902036;70.85223688;0.525632635;30.0137432;9.640546977;60.34570982;26.78600311;130.4091797;52.2420845;16.34380454;34.38917976;17.87958115;16.69578009;35.85547486;15.50059759;230.0;52022.0;94.0;21620.0;107.0;23968.0;87.85046729;90.20360481;0.076364435;90.36938068;86.5747013;93.6737377;68.6756038;89.30230403;0.0;
73;7341;Tolima;Rovira;73624;2016;21808;3.168944118;0.018341893;53.92516508;102;875.0;733;1;0;0;0;0;60.56344929;41.15139637;87.13011152;1056011.25;97.17076302;21191.0;48.58753709;46.74183976;238.7032641;206.3803424;79.8914123;20.65590016;105.83303;0.946351534;38.71076642;10.00865679;51.28057679;26.78600311;130.4091797;52.2420845;17.67950885;34.86075274;19.49461696;17.3337118;36.20966979;17.4188665;229.0;681803.0;89.0;17088.0;114.0;22049.0;78.07018;77.50011;0.197644439;79.55056648;74.99236629;84.8043406;61.5479405;80.60639382;0.0;
73;7341;Tolima;Rovira;73624;2021;22141;3.899251765;0.085813649;52.161149;107;875.0;733;1;0;0;0;0;59.19461824;41.2146587;81.00602755;1002336.25;100.9484666;22351.0;47.61589432;45.70861053;223.6854248;306.9000264;151.7075864;20.92957888;134.2628611;1.386116374;49.43224937;6.819673209;43.74807742;26.78600311;130.4091797;52.2420845;17.76448861;35.42344561;21.49327236;17.02878366;36.61095636;19.95357474;210.0;711507.0;84.0;352027.0;91.0;387131.0;92.30769;90.93227;0.074617512;90.76432994;86.6653921;94.0727196;90.6258026;89.25975493;0.0;
73;7386;Tolima;Saldaña;73671;2011;14523;7.043999174;;42.28465193;42;311.0;214;1;0;0;0;0;51.26705653;43.8957476;76.96924231;534333.3333;68.41561661;9936.0;43.05128205;43.64615385;208.8205128;126.6251638;42.05622906;24.26426926;60.3046655;0.871893988;33.21316853;19.16228065;47.62455082;60.78042221;106.6126556;101.2822113;16.06792029;38.59107494;19.14117317;15.3575774;39.96214682;20.37312424;438.0;56853.0;165.0;20262.0;192.0;23774.0;85.9375;85.22755952;0.080361776;85.08133443;81.99805711;88.1540757;64.6569886;84.53760451;0.0;
73;7386;Tolima;Saldaña;73671;2016;14513;7.360067985;0.606352925;41.21132778;47;311.0;214;1;0;0;0;0;50.29082139;43.61611576;75.48967141;685803.75;59.61551712;8652.0;46.52914798;45.11210762;229.3766816;264.2066784;109.1447399;69.70824072;85.35369778;1.820482867;41.31036375;26.38398134;32.30565491;60.78042221;106.6126556;101.2822113;16.43356643;36.6993007;22.25174825;15.07537688;38.96509575;23.33288062;430.0;734439.0;185.0;21777.0;219.0;26442.0;84.47488;82.35761;0.095555221;81.68832367;77.79336524;84.6829545;63.2019143;78.20144105;0.0;
73;7386;Tolima;Saldaña;73671;2021;14736;10.96803746;1.370792617;40.68946797;52;311.0;214;1;0;0;0;0;49.98977156;43.60040914;71.3452728;907815.5;60.31487514;8888.0;47.14141464;44.15656662;218.808075;211.1487779;76.33437341;14.4393672;120.3750373;1.432877158;36.15193711;6.838480117;57.00958277;60.78042221;106.6126556;101.2822113;16.43627315;37.03345314;24.32955488;14.71607571;38.60303919;26.36630232;319.0;729034.0;82.0;223718.0;103.0;286064.0;79.61165;78.20557;0.177105144;77.78613991;72.49873861;82.1498678;77.6674203;76.89015189;0.0;
73;7382;Tolima;San Antonio;73675;2011;14107;1.824744217;;67.45587297;96;1447.0;407;1;0;0;0;0;73.37341967;39.11501696;101.999273;1122275.417;90.16091302;12719.0;42.77458333;41.01922619;207.9583333;79.07431826;23.01979237;8.1873758;47.86715009;0.560532489;29.11159132;10.35402641;60.53438227;41.04751968;151.6605988;62.71347046;16.43854181;34.06965714;16.64182139;16.84007134;35.06242568;13.68906064;;;;;;;;;;90.96762743;89.64139562;92.150885;69.1302374;91.99977302;0.0;
73;7382;Tolima;San Antonio;73675;2016;13165;2.92315483;0.015191796;66.8287125;101;1447.0;407;1;0;0;0;0;72.5655357;39.10099976;91.94033592;1150787.25;85.9779719;11319.0;48.63372093;45.47674419;239.2034884;116.9022613;37.78323639;11.79617093;67.32285396;0.887977678;32.32036402;10.09062682;57.58900916;41.04751968;151.6605988;62.71347046;17.18112988;34.10017472;19.37973209;16.94457678;35.90598698;16.56344291;;;;;;;;;;87.72971205;85.94861423;89.2059487;67.8761112;85.51772042;0.0;
73;7382;Tolima;San Antonio;73675;2021;13293;3.089972166;0.067704807;65.6435718;106;1447.0;407;1;0;0;0;0;71.64643399;38.82397572;84.56976885;1156958.042;89.11457158;11846.0;47.88950348;46.11049652;226.8011017;166.9962806;72.92069156;11.54323521;82.53235383;1.256272328;43.66605729;6.912270841;49.42167187;41.04751968;151.6605988;62.71347046;17.16503738;35.04887867;21.39160437;16.53779391;36.64194414;18.98374625;;;;;;;;;;87.55161665;85.97991262;88.9815189;87.4179926;87.77729357;0.0;
73;7341;Tolima;San Luis;73678;2011;13826;2.017334491;;72.81209316;148;475.0;425;1;0;0;0;0;79.41357392;38.3432438;87.05574706;1018238.75;62.95385506;8704.0;44.12080537;45.69127517;214.9731544;98.68382669;46.09395512;7.54260993;45.04726164;0.713755437;46.70872286;7.643207791;45.64806935;32.07429504;106.3059387;77.40106964;14.09405451;34.8820788;25.66021748;14.48480356;36.87175686;23.95848777;;;;;;;;;;86.81379933;85.30215119;88.3916453;65.9735637;86.85104097;0.0;
73;7341;Tolima;San Luis;73678;2016;13576;2.887448438;0.058927519;72.46611668;153;475.0;425;1;0;0;0;0;79.37614182;38.23668719;82.75077807;1001163.5;56.30524455;7644.0;49.1091954;48.20689655;240.8563218;120.6215402;45.34609728;11.95784593;63.31759701;0.888491015;37.59369777;9.91352449;52.49277774;32.07429504;106.3059387;77.40106964;14.75314898;34.24062545;28.11640365;14.42495127;36.87209477;26.24081571;;;;;;;;;;78.94383566;76.97832378;80.6801862;61.0785154;82.12807256;0.0;
73;7341;Tolima;San Luis;73678;2021;13336;4.733428314;0.209958008;71.49820036;158;475.0;425;1;0;0;0;0;78.59599434;38.04032639;79.50829599;949476.7917;57.74595081;7701.0;48.33333206;46.33333206;225.6111145;202.410541;106.1998822;13.44009633;82.77056253;1.517775503;52.46756499;6.640017985;40.89241702;32.07429504;106.3059387;77.40106964;14.52087008;34.22986479;30.83480306;13.93141457;36.26760563;29.76117575;;;;;;;;;;77.52534696;75.63140428;79.4694106;77.4070253;78.62113401;0.0;
73;7355;Tolima;Santa Isabel;73686;2011;6121;3.760278822;;63.24130044;107;2270.0;271;1;0;0;0;0;69.84154623;39.1607174;89.10290237;837279.0;81.94739422;5016.0;46.328125;46.96875;222.078125;46.94933614;18.06309177;4.733572093;24.15267227;0.767020685;38.47358292;10.08229824;51.44411883;34.11920929;117.2351532;58.32343292;16.19956883;37.08038189;16.32275947;17.15379262;38.30897704;13.81350035;169.0;29206.0;77.0;11278.0;87.0;13646.0;88.50574713;82.6469295;0.307540898;83.54119027;77.89807828;88.387156;63.4865664;89.33806305;2.0;LL
73;7355;Tolima;Santa Isabel;73686;2016;5802;4.349075032;0.103412616;62.84039986;112;2270.0;271;1;0;0;0;0;69.33970614;38.87413702;83.70817334;1138444.333;78.50741124;4555.0;50.875;49.78571429;252.9285714;79.08648557;39.89132048;7.505987019;31.68917807;1.363090065;50.44012285;9.490859235;40.06901792;34.11920929;117.2351532;58.32343292;15.5987055;36.01941748;21.10032362;16.07669617;38.71681416;17.92035398;177.0;402750.0;97.0;17559.0;111.0;20742.0;87.38739;84.65433;0.327134877;84.75898519;79.12512102;89.5394795;65.5776723;85.47290461;4.0;HL
73;7355;Tolima;Santa Isabel;73686;2021;5748;3.472222222;0.069589422;61.86499652;117;2270.0;271;1;0;0;0;0;68.7727825;38.95157091;78.07995649;1483751.042;78.0967293;4489.0;49.43333435;46.04999924;229.7333374;117.0315273;66.6017714;8.063430275;42.36632564;2.036039097;56.90925593;6.889964149;36.20077992;34.11920929;117.2351532;58.32343292;15.49851925;36.42645607;23.33004278;15.50387597;39.12882983;20.67183463;122.0;353105.0;45.0;125696.0;49.0;145486.0;91.83673;86.39732;0.67829215;86.04610718;80.65468617;91.3497349;85.9147809;86.47056691;4.0;HL
73;7386;Tolima;Suárez;73770;2011;3926;3.014094074;;61.28374936;108;275.0;194;1;0;0;0;0;69.91849839;39.12077056;83.63107603;760675.75;74.17218543;2912.0;42.16666667;46.02777778;216.1111111;29.18351449;12.96599458;2.598523321;13.61899659;0.743339646;44.4291745;8.904079463;46.66674604;57.67748642;76.70061493;76.70061493;15.33466533;35.91408591;25.72427572;14.34511435;36.07068607;24.27234927;;;;;;;;;;89.27365704;87.81555616;90.5239135;67.842916;88.82040776;0.0;
73;7386;Tolima;Suárez;73770;2016;3834;3.316814467;0.156494523;59.91131977;113;275.0;194;1;0;0;0;0;68.51441242;39.12293668;76.7384106;859765.4583;62.31090245;2389.0;49.52;46.76;242.36;35.46040702;10.90164118;3.556632709;21.00213312;0.924893245;30.74313608;10.02986995;59.22699397;57.67748642;76.70061493;76.70061493;13.90996459;36.72230653;28.78098128;14.16262789;37.42595584;27.73290253;;;;;;;;;;81.63644925;79.71869005;83.36718;63.1617793;82.01138527;0.0;
73;7386;Tolima;Suárez;73770;2021;3883;5.506910464;0.669585372;58.40844708;118;275.0;194;1;0;0;0;0;67.28011472;38.98183556;73.73122209;1082911.458;61.62760752;2393.0;48.05714417;44.65714264;223.6000061;39.50266899;8.808501569;2.720500339;27.97366708;1.017323435;22.29849728;6.88687729;70.81462543;57.67748642;76.70061493;76.70061493;13.9800995;36.61691542;30.99502488;13.61452216;36.94607581;31.12653497;;;;;;;;;;78.43465528;76.54378982;80.2844339;78.3149458;82.32821032;4.0;HL
73;7341;Tolima;Valle de San Juan;73854;2011;5512;1.966920658;;61.99201742;309;590.0;198;1;0;0;0;0;69.5980826;38.18215339;85.78185043;1130192.0;76.6509434;4225.0;43.95567164;43.01029851;209.6865672;39.5375262;17.21785432;3.480780759;18.83889112;0.717299096;43.54813256;8.803739369;47.64812807;26.08813477;111.1666641;69.92765045;14.8020654;37.00516351;23.23580034;15.76524741;35.9800537;19.48599923;;;;;;;;;;90.17077666;88.85095312;91.4850206;68.524676;90.80846979;0.0;
73;7341;Tolima;Valle de San Juan;73854;2016;5377;3.161614283;0.037195462;60.90756928;314;590.0;198;1;0;0;0;0;68.88726208;39.22035139;85.23387343;1261663.708;67.97470709;3655.0;46.38181818;46.43636364;228.6909091;67.25088497;34.57037497;6.704407788;25.97610221;1.250713873;51.40508558;9.96924842;38.625666;26.08813477;111.1666641;69.92765045;14.26502534;35.8435916;26.93700217;15.14340344;35.33460803;23.59464627;;;;;;;;;;83.12503759;81.3419221;84.7728594;64.3134938;82.43199156;0.0;
73;7341;Tolima;Valle de San Juan;73854;2021;5456;4.365224829;0.109970674;59.67741935;319;590.0;198;1;0;0;0;0;67.90166813;39.50834065;80.55969038;922755.25;62.77492669;3425.0;46.20588303;45.39706039;219.4117584;118.3635223;75.46534676;7.995294551;34.90288098;2.169419397;63.75726685;6.754863658;29.48786949;26.08813477;111.1666641;69.92765045;14.00722022;36.24548736;29.35018051;14.66865227;35.51749814;26.50781832;;;;;;;;;;78.77453706;76.69373171;80.5975314;78.6543089;80.59929464;0.0;
73;7355;Tolima;Venadillo;73861;2011;13486;4.051732661;;33.80542785;222;332.0;358;1;0;0;0;0;41.94235179;44.09597118;80.09583918;547275.0;60.45528696;8153.0;43.97947368;45.66593985;210.9774436;153.4525182;47.05799098;41.29116634;65.10336091;1.137865329;30.66615753;26.90810605;42.42573642;46.22068787;89.24791718;87.97032166;15.85793628;36.02747735;21.70418006;15.87898856;38.72667068;19.98795906;206.0;35372.0;89.0;15469.0;111.0;18670.0;80.18018018;82.85484735;0.126083056;82.62709823;77.23025836;86.9603795;62.7919083;81.42713315;0.0;
73;7355;Tolima;Venadillo;73861;2016;13020;6.13671275;0.161290323;32.78801843;227;332.0;358;1;0;0;0;0;39.51264912;43.94618834;82.59209067;688416.4583;58.8172043;7658.0;51.80451128;49.46616541;252.9398496;234.3477878;53.06755403;99.11348683;82.16674699;1.799906205;22.64478556;42.29333152;35.06188292;46.22068787;89.24791718;87.97032166;15.65490431;34.58433014;24.38696172;14.45041061;37.99747315;23.65761213;209.0;501659.0;84.0;15449.0;116.0;21476.0;72.4138;71.93611;0.17473679;71.99751449;65.92323809;77.2070006;55.7041758;74.06964065;0.0;
73;7355;Tolima;Venadillo;73861;2021;13083;6.661316212;0.535045479;31.30016051;232;332.0;358;1;0;0;0;0;38.20021387;44.06514765;77.60057992;906005.25;61.30092486;8020.0;47.56756592;47.43243408;229.0878448;248.9956058;55.80273765;89.84130125;103.3515669;1.903199616;22.41113351;36.08148062;41.50738587;46.22068787;89.24791718;87.97032166;15.33532042;35.21609538;26.76602086;13.90240075;37.97269732;26.87902087;173.0;472351.0;40.0;154798.0;58.0;220235.0;68.96552;70.28765;0.357699441;70.42184558;63.90685937;76.6406806;70.3143655;71.30389299;0.0;
73;7355;Tolima;Villahermosa;73870;2011;10081;2.003769467;;65.95575836;124;2000.0;285;1;0;0;0;0;71.26923474;38.52111949;83.12156863;921409.0833;88.89991072;8962.0;47.51851852;48.27777778;226.9259259;63.55185937;19.37835329;7.263655924;36.90985015;0.630412254;30.49218935;11.42949395;58.0783167;43.55551147;125.2331467;64.90470123;15.36740022;37.7844088;18.79895561;16.29582539;39.24560288;14.96079678;;;;;;;;;;91.09489959;89.76538922;92.4670341;69.2269571;91.56348543;0.0;
73;7355;Tolima;Villahermosa;73870;2016;9474;2.370522834;;64.83006122;129;2000.0;285;1;0;0;0;0;70.9625323;39.16881998;82.55775025;1273987.625;73.33755541;6948.0;52.5;49.91860465;255.4883721;94.76391673;37.83274856;9.640448998;47.29071917;1.000252446;39.92315838;10.17312215;49.90371947;43.55551147;125.2331467;64.90470123;14.04109589;36.30136986;22.46172442;15.14412417;38.8248337;18.51441242;;;;;;;;;;83.84207084;82.08765001;85.3325145;64.8682595;;0.0;
73;7355;Tolima;Villahermosa;73870;2021;9644;2.812629614;0.031107424;63.08585649;134;2000.0;285;1;0;0;0;0;69.49117556;39.31262256;77.0361991;1149341.0;70.33388635;6783.0;51.0;49.20454407;240.7727203;134.0635756;63.62601777;9.374584357;61.06297347;1.390124177;47.45958586;6.992640854;45.54777328;43.55551147;125.2331467;64.90470123;13.83422779;36.59312264;25.04472272;14.65423802;39.08519402;21.39605463;;;;;;;;;;81.88048017;80.0227033;83.6517465;81.7555116;85.77144734;0.0;
73;7362;Tolima;Villarrica;73873;2011;6044;2.440436797;;62.62409001;62;1125.0;445;1;0;0;0;0;69.18955124;38.26188881;88.73355263;957950.5;72.96492389;4410.0;45.31428571;44.12857143;212.6285714;48.00000402;21.06465694;4.01174695;22.92360012;0.794176109;43.8846983;8.357805447;47.75749626;78.23184204;78.23184204;78.23184204;15.02025553;33.6865067;26.61265192;14.21516755;35.80246914;22.71604938;;;;;;;;;;89.69529875;88.19368182;90.8497973;68.1633398;88.56586226;0.0;
73;7362;Tolima;Villarrica;73873;2016;5315;3.613985575;0.056444026;62.95390405;67;1125.0;445;1;0;0;0;0;69.581535;38.43122537;89.67150979;914850.5417;77.7046096;4130.0;49.83018868;47.56603774;242.9811321;52.67521545;22.04577098;5.258259578;25.37118489;0.991067083;41.85226542;9.98241684;48.16531774;78.23184204;78.23184204;78.23184204;13.20956801;33.7022492;29.91788647;13.9220366;35.52108194;24.86077963;;;;;;;;;;86.46133154;85.02646727;88.1993268;66.8947705;83.31490153;0.0;
73;7362;Tolima;Villarrica;73873;2021;5128;4.979199168;0.17550702;61.29095164;72;1125.0;445;1;0;0;0;0;68.16885339;38.39132915;85.61688312;965826.0;81.24024961;4166.0;50.20754623;46.20754623;232.754715;76.17395217;37.01691015;5.188066108;33.96897592;1.485451485;48.59523379;6.810813881;44.59395233;78.23184204;78.23184204;78.23184204;12.90203327;33.974122;32.60628466;13.41312423;35.08047875;28.35328106;;;;;;;;;;85.25113142;83.31712507;86.9007871;85.1210185;81.92776783;0.0;
76;7682;Valle del Cauca;Cali;76001;2011;2156926;26.79048794;;2.313616693;475;991.0;552;0;0;1;0;0;3.266341985;52.66372809;68.93349851;534250.0;29.87218848;644321.0;48.23441929;47.92365066;229.1594785;23894.92875;132.7669916;4720.68849;19041.47327;1.107823298;0.555628322;19.75602665;79.68834503;0.0;286.7561646;0.0;17.96432804;40.58538506;15.16263078;16.36304627;42.29614838;18.01939869;27955.0;2223331.0;7267.0;578310.0;12581.0;996202.0;57.76170416;58.05147952;0.002067826;58.04791682;57.42969155;58.5947906;44.1131245;60.36146188;2.0;LL
76;7682;Valle del Cauca;Cali;76001;2016;2195915;35.70717294;4.294519597;2.428236066;480;991.0;552;0;0;1;0;0;3.47968099;52.97347402;67.19759714;685696.25;30.83684933;677151.0;54.14369489;52.92280961;268.0113809;35666.45496;97.40766046;5097.389116;30471.65819;1.624218376;0.273107211;14.29183002;85.43506277;0.0;286.7561646;0.0;17.50390581;40.27904009;17.5922865;15.84622371;41.30942248;21.31085554;27090.0;28300000.0;7047.0;615961.0;13677.0;1187038.0;51.52446;51.89059;0.001810381;51.88746699;51.32878424;52.4565467;40.1451161;53.99282468;2.0;LL
76;7682;Valle del Cauca;Cali;76001;2021;2271293;35.69719612;4.887128169;2.066532147;485;991.0;552;0;0;1;0;0;2.974391926;53.61861627;64.39795309;905999.75;34.04342813;773226.0;55.01957703;51.74033737;258.8579407;48331.43527;98.43534167;5856.278318;42376.72161;2.127926043;0.203667326;12.11691373;87.67941894;0.0;286.7561646;0.0;16.83055587;40.9487069;19.60798544;15.1540264;41.04734977;24.50591253;24780.0;29900000.0;6072.0;6464262.0;11569.0;12106657.0;52.48509;53.39428;0.002332121;53.39012442;52.74133306;54.0582776;53.3086387;53.83189113;2.0;LL
76;7658;Valle del Cauca;Alcalá;76020;2011;14495;4.130159825;;30.49327354;92;1220.0;64;0;0;1;0;0;38.16901408;44.48356808;79.39400474;533883.3333;67.9199724;9845.0;45.46602941;43.25125;212.4411765;116.2659452;39.12075157;6.809750444;70.33544315;0.802110695;33.64764422;5.857046476;60.49530931;11.55870247;180.2343292;11.55870247;16.93416757;37.66322089;17.99510337;16.21167577;39.22721546;17.52764945;;;;;;;;;;84.33513775;82.74803567;85.775031;64.0899214;82.16775556;0.0;
76;7658;Valle del Cauca;Alcalá;76020;2016;14161;12.41084669;0.459007132;27.31445519;97;1220.0;64;0;0;1;0;0;35.26307498;45.2347196;76.45705521;685696.25;60.36296872;8548.0;47.39097744;44.71428571;231.0827068;174.739267;66.99025766;9.114326509;98.63468281;1.233947228;38.33726604;5.215957848;56.44677611;11.55870247;180.2343292;11.55870247;16.50104969;35.99720084;22.01539538;16.40535918;38.46921323;20.86659065;;;;;;;;;;77.57965724;75.6158305;79.4238985;60.0230563;70.8599407;0.0;
76;7658;Valle del Cauca;Alcalá;76020;2021;14709;8.418881864;0.176762526;25.95009858;102;1220.0;64;0;0;1;0;0;33.89190821;45.40307971;77.18813145;905965.75;56.37364879;8292.0;46.22652054;41.95027542;211.6740265;340.8606694;193.3699978;13.48952834;134.0011433;2.317361271;56.72992373;3.95749042;39.31258585;11.55870247;180.2343292;11.55870247;15.90786638;35.27747845;24.21875;16.00549073;37.66643789;23.15717227;;;;;;;;;;78.17255463;76.13542417;80.2501279;78.0532452;73.90346382;0.0;
76;7621;Valle del Cauca;Andalucía;76036;2011;22133;2.302745523;;23.87385352;127;956.0;162;0;0;1;0;0;31.11280876;47.38477209;74.46115462;533885.0;46.37871052;10265.0;46.85657795;44.19243346;219.2015209;226.9645848;57.55182665;22.8792345;146.5335237;1.025457845;25.35718368;10.08053063;64.56228569;9.67855835;217.2444305;60.54837036;16.49207379;38.59275053;18.46667285;15.57377049;41.11581174;19.55755332;185.0;42766.0;51.0;12444.0;79.0;19164.0;64.55696203;64.93425172;0.31307789;66.6622601;60.0278119;73.7621956;50.6595368;70.08218739;0.0;
76;7621;Valle del Cauca;Andalucía;76036;2016;22294;4.295251338;0.161478425;22.83574056;132;956.0;162;0;0;1;0;0;30.12878107;47.43436159;72.53893119;685700.0;44.82371939;9993.0;52.66423358;48.57664234;254.4562044;266.1693506;80.01980213;28.62323462;157.5263138;1.193905762;30.06349227;10.75376807;59.18273966;9.67855835;217.2444305;60.54837036;16.56215419;37.99336038;20.75802287;15.27510917;39.89519651;22.52401747;180.0;507610.0;63.0;22077.0;83.0;28030.0;75.90362;78.76204;0.182325265;77.49824873;71.08688929;82.7971123;59.9600708;76.16638646;0.0;
76;7621;Valle del Cauca;Andalucía;76036;2021;22875;5.799271403;0.061202186;21.56939891;137;956.0;162;0;0;1;0;0;28.81635025;47.77702441;73.95600677;905965.75;42.06338798;9622.0;52.4450264;48.37696457;244.1832428;340.5170398;80.17370158;40.0227858;220.3205524;1.488599081;23.54469592;11.75353393;64.70177015;9.67855835;217.2444305;60.54837036;16.10284168;37.08615246;22.89580514;14.8346056;38.8379983;24.99575912;102.0;432982.0;36.0;413751.0;47.0;533528.0;76.59574;77.55;0.37048501;76.30839991;69.25776761;83.452248;76.1919356;75.09533833;0.0;
76;7658;Valle del Cauca;Ansermanuevo;76041;2011;18431;2.342520753;;44.58249688;86;964.0;361;0;0;1;0;0;51.93812557;42.45071277;83.95210612;533883.3333;79.04074657;14568.0;45.16363636;42.66666667;207.6606061;216.1675441;98.94293444;17.21714451;100.0074652;1.172847616;45.77141071;7.964722264;46.26386702;16.64001274;210.4400635;36.3322525;17.01385217;36.96732579;16.86581368;16.32493871;38.46668152;15.68977045;;;;;;;;;;87.9855059;86.56148206;89.2356682;66.8639942;87.57381247;0.0;
76;7658;Valle del Cauca;Ansermanuevo;76041;2016;17662;3.893481297;0.186841807;42.18661533;91;964.0;361;0;0;1;0;0;49.39376982;43.43716968;82.65901139;720308.3333;75.26327709;13293.0;49.04615385;45.52820513;236.6153846;246.8124136;108.2532527;14.57654093;123.9826199;1.397420528;43.86053812;5.90591888;50.233543;16.64001274;210.4400635;36.3322525;16.79482893;35.14989413;19.73698874;16.5726781;38.34733571;18.4831396;;;;;;;;;;84.61854839;82.86299702;86.3602169;65.4690169;81.72579186;0.0;
76;7658;Valle del Cauca;Ansermanuevo;76041;2021;18138;4.056860367;0.121292314;39.42000221;96;964.0;361;0;0;1;0;0;46.8960539;43.85226179;81.79749716;934395.0833;66.29727644;12025.0;48.41711044;44.69518661;224.299469;360.4749245;167.7101394;17.4673295;175.2974556;1.987401723;46.52477274;4.84564343;48.62958383;16.64001274;210.4400635;36.3322525;16.30494056;34.87839459;21.75809794;16.2113948;37.66306166;20.84959304;;;;;;;;;;83.43917735;81.47294859;85.1805423;83.3118298;80.24985446;0.0;
76;7658;Valle del Cauca;Argelia;76054;2011;6324;2.510278305;;50.91714105;55;1512.0;88;0;0;1;0;0;56.80083276;40.57945871;83.42914271;533958.3333;71.86907021;4545.0;43.04225352;38.3943662;204.4788732;58.52593479;29.21651186;2.76114089;26.54828204;0.925457539;49.92062402;4.717807413;45.36156856;25.21606636;220.0459595;48.01106644;16.3538874;36.58028001;18.52844802;16.0768453;38.82709808;15.50387597;130.0;21769.0;61.0;11426.0;76.0;13410.0;80.26315789;85.20507084;0.14757961;85.67615416;79.21772299;90.6095036;65.1090179;87.88756318;0.0;
76;7658;Valle del Cauca;Argelia;76054;2016;5564;3.605020369;0.413371675;49.04744788;60;1512.0;88;0;0;1;0;0;54.38219793;40.93304704;83.39568345;1125793.167;78.57656362;4372.0;48.67901235;45.66666667;236.7160494;72.98495587;34.31360941;3.592458952;35.0788875;1.311735368;47.01463336;4.922191032;48.0631756;25.21606636;220.0459595;48.01106644;16.78035471;33.66302865;23.77216917;16.2993921;35.22036474;19.71884498;132.0;293364.0;50.0;12093.0;55.0;13172.0;90.90909;91.80838;0.109160424;91.22047128;86.36868908;94.9704191;70.576897;85.9849431;0.0;
76;7658;Valle del Cauca;Argelia;76054;2021;5484;4.165147095;0.091174325;45.64186725;65;1512.0;88;0;0;1;0;0;51.23152709;41.20197044;82.97186401;993790.9583;73.72355945;4043.0;47.38271713;43.6419754;218.1728363;108.5887119;62.38835573;4.184484764;42.0158714;1.980100509;57.45381324;3.853517268;38.69266949;25.21606636;220.0459595;48.01106644;16.0400138;33.01138324;26.49189376;15.74468085;34.73887814;22.59187621;114.0;348836.0;49.0;88501.0;60.0;109349.0;81.66666;80.93444;0.282706763;82.24301115;75.86623248;88.6321589;82.1174893;83.49844008;0.0;
76;7658;Valle del Cauca;Bolívar;76100;2011;16814;1.809503985;;74.24765077;127;930.0;815;0;0;1;0;0;78.57185683;39.39085077;91.28821174;538416.6667;76.24003806;12819.0;43.54375;41.67272059;209.7279412;127.1984982;40.68418368;8.180540306;78.33377425;0.756503498;31.98479875;6.431318309;61.58388294;42.04078674;234.8432312;66.03326416;16.79496151;35.08280849;17.52974108;15.61893204;37.46359223;17.75485437;;;;;;;;;;88.34217816;86.75968241;89.7028927;67.1350449;92.84479657;0.0;
76;7658;Valle del Cauca;Bolívar;76100;2016;16117;3.628156605;0.148911088;73.15257182;132;930.0;815;0;0;1;0;0;77.60314342;39.49533399;89.75464531;755607.3333;63.28721226;10200.0;52.60544218;50.95238095;259.7278912;182.9425324;79.03174185;9.662651542;94.24813905;1.135090479;43.20031039;5.281796099;51.51789351;42.04078674;234.8432312;66.03326416;16.38634677;34.83799159;21.32080139;15.16623086;35.2135475;20.95629436;;;;;;;;;;82.84515853;81.09742313;84.4633348;64.0969526;84.66910867;0.0;
76;7658;Valle del Cauca;Bolívar;76100;2021;16337;6.222072596;0.110179347;71.03507376;137;930.0;815;0;0;1;0;0;75.92015346;39.49166767;89.01869159;905965.75;56.38734162;9212.0;53.04605103;51.07894897;250.8026276;330.5692289;197.2014121;13.73110828;119.6367085;2.023438997;59.65510243;4.153776905;36.19112066;42.04078674;234.8432312;66.03326416;15.89693729;34.30967428;23.90617404;14.65038846;34.55419904;23.88703909;;;;;;;;;;81.40220589;79.56052525;83.352586;81.2779673;86.04368779;0.0;
76;7660;Valle del Cauca;Buenaventura;76109;2011;297593;8.774875977;;22.00858219;139;6.0;6785;0;0;1;0;0;26.62827796;49.04374065;97.04774395;533883.3333;66.55331275;198058.0;41.73575059;41.0120366;203.8044731;2679.641853;48.17854733;248.5085168;2382.954789;0.900438469;1.797947262;9.273945193;88.92810755;0.0;340.4017944;79.99894714;19.72313768;33.76719091;10.0593773;18.42397914;36.54360168;11.62603159;2022.0;361688.0;713.0;127490.0;857.0;155247.0;83.19719953;82.12074952;0.019706808;82.08017922;80.38517147;83.5817334;62.3762809;78.50307273;0.0;
76;7660;Valle del Cauca;Buenaventura;76109;2016;303516;10.79512008;1.030588173;23.24160835;144;6.0;6785;0;0;1;0;0;27.54092016;49.71247565;97.86210876;685696.25;67.82838467;205870.0;48.08895228;44.22354772;230.064056;3707.829172;158.7285678;337.4757295;3211.624875;1.221625605;4.280902932;9.101706519;86.61739055;0.0;340.4017944;79.99894714;19.51632172;33.05641302;10.60376915;18.06198766;36.39302119;12.65271661;1955.0;4891859.0;478.0;92679.0;742.0;145038.0;64.42049;63.89981;0.034536797;64.09439406;61.84074891;66.2879015;49.5895645;66.57304566;0.0;
76;7660;Valle del Cauca;Buenaventura;76109;2021;321316;9.503520937;1.026715134;23.27957525;149;6.0;6785;0;0;1;0;0;27.9223304;49.72645189;96.93755284;905965.75;64.77704192;208139.0;47.28027725;43.40836334;216.4504852;4769.730146;152.4929194;393.8511137;4223.386113;1.484435928;3.197097419;8.257303907;88.54559867;0.0;340.4017944;79.99894714;19.10281303;33.00254303;11.8711879;17.69954083;36.19207717;14.23293278;1721.0;5058626.0;403.0;1154930.0;581.0;1569883.0;69.36317;73.5679;0.040702699;73.61199081;71.67078573;75.8219814;73.4996419;72.63238577;0.0;
76;7621;Valle del Cauca;Guadalajara de Buga;76111;2011;126742;23.63778384;;12.61933692;456;967.0;873;0;0;1;0;0;16.20441564;50.00274605;66.6058906;534050.0;40.24159316;51003.0;47.36580448;46.90046164;224.2647658;1786.548264;188.4029185;645.1743032;952.9710422;1.409594502;10.54563833;36.11289525;53.34146642;20.22850037;222.8506012;72.23239136;17.8761613;40.91035703;16.97497993;15.07205795;42.4114684;20.53233096;590.0;122429.0;186.0;39067.0;292.0;61386.0;63.69863014;63.64154693;0.084323873;63.48587885;59.57249911;67.2478634;48.2456672;63.89546204;0.0;
76;7621;Valle del Cauca;Guadalajara de Buga;76111;2016;126591;22.94805055;2.271883467;12.88717207;461;967.0;873;0;0;1;0;0;16.9664028;50.01003174;68.47157945;685975.0;38.85031321;49181.0;54.23506891;53.43568147;268.8192956;2731.926406;234.4560014;1140.614883;1356.855521;2.158073169;8.582076036;41.75130343;49.66662054;20.22850037;222.8506012;72.23239136;16.88997893;40.08921517;19.33928101;14.85137988;40.1631252;23.33875059;489.0;1534274.0;133.0;35346.0;240.0;64444.0;55.41667;54.84762;0.111402408;55.00325555;50.31330076;58.9517497;42.5557887;57.58415401;0.0;
76;7621;Valle del Cauca;Guadalajara de Buga;76111;2021;132493;18.73325383;2.747314952;14.76530836;466;967.0;873;0;0;1;0;0;19.48547704;49.6989037;69.71173133;905965.8333;41.97655725;55616.0;55.30857849;52.06344604;261.0281067;4013.49199;361.3970972;1670.631352;1981.463541;3.029210592;9.004555088;41.62538149;49.37006342;20.22850037;222.8506012;72.23239136;16.35558916;39.29814614;21.38165666;14.39047012;39.03251985;25.76082546;491.0;1593301.0;128.0;458873.0;209.0;737434.0;61.24402;62.22564;0.125620712;62.09450265;57.84844407;66.084747;61.9997321;61.22940219;0.0;
76;7621;Valle del Cauca;Bugalagrande;76113;2011;24842;6.611786491;;49.94364383;220;941.0;429;0;0;1;0;0;57.11369412;42.94463192;75.72164628;533883.3333;46.77159649;11619.0;47.13559055;45.5076378;216.7519685;750.6939009;88.3615848;475.8309291;186.501387;3.021873846;11.77065442;63.38547956;24.84386602;17.0701046;212.9361725;52.15539169;16.83851587;38.27230657;18.47040675;15.24151697;40.64670659;19.28942116;395.0;61655.0;106.0;18851.0;163.0;26423.0;65.03067485;71.34314801;0.180102442;71.13525463;66.85077073;75.171295;54.0587589;67.1185532;2.0;LL
76;7621;Valle del Cauca;Bugalagrande;76113;2016;24352;9.1638606;1.203186597;48.30404074;225;941.0;429;0;0;1;0;0;55.68527707;43.26814827;72.78273997;685745.4167;45.33919185;11041.0;51.20676692;48.10526316;248.0451128;825.5795814;130.0464777;479.9990358;215.5340679;3.390192105;15.75214318;58.14085603;26.10700079;17.0701046;212.9361725;52.15539169;16.84280602;37.77149039;21.17000915;15.40332388;39.02715849;22.93473855;362.0;668907.0;97.0;18713.0;161.0;31189.0;60.24845;59.99872;0.274087861;60.57152544;55.26243901;64.4976809;46.8639358;63.01314051;0.0;
76;7621;Valle del Cauca;Bugalagrande;76113;2021;25800;10.42635659;0.403100775;47.91472868;230;941.0;429;0;0;1;0;0;55.51270064;43.14710924;73.31218578;905965.75;41.59302326;10731.0;51.33191299;47.53191376;237.0297852;1269.500231;255.0515858;703.0710389;311.3776059;4.92054353;20.09070811;55.38171809;24.5275738;17.0701046;212.9361725;52.15539169;16.30639098;37.06923559;23.51190476;14.90178023;38.06015961;25.65991406;305.0;940112.0;79.0;277815.0;127.0;440770.0;62.20472;63.02947;0.300746528;63.23101862;57.80670057;68.0846037;63.1345135;62.96706758;0.0;
76;7662;Valle del Cauca;Caicedonia;76122;2011;30766;7.166731673;;19.08600403;101;1167.0;165;0;0;1;0;0;23.54073124;47.14560616;73.89182189;533883.3333;64.66553988;19895.0;45.03920424;42.94742706;211.4217507;329.734834;94.32693924;29.88647646;205.5214183;1.071750744;28.60690758;9.063791075;62.32930134;15.21139336;182.2556305;20.91232109;15.98064516;39.16774194;19.77419355;15.62295297;40.33145552;19.99213939;249.0;54580.0;87.0;18849.0;109.0;22605.0;79.81651376;83.38420703;0.168863917;83.15594936;78.87585808;87.2898481;63.1938051;78.55560401;0.0;
76;7662;Valle del Cauca;Caicedonia;76122;2016;29227;8.917838528;0.236083074;17.88414822;106;1167.0;165;0;0;1;0;0;22.2887817;47.86447798;71.34664512;685696.25;64.97074623;18989.0;50.5542522;48.63343109;247.8269795;490.2866344;201.7269939;29.54397282;259.0156677;1.677512692;41.14470592;6.025857274;52.8294368;15.21139336;182.2556305;20.91232109;16.13545817;37.48454458;23.10756972;16.36785057;38.17574477;23.73713273;220.0;688928.0;98.0;28960.0;110.0;32782.0;89.09091;88.34116;0.101797422;87.12341958;83.18558715;90.7655762;67.4070253;82.02499136;0.0;
76;7662;Valle del Cauca;Caicedonia;76122;2021;29358;8.617753253;0.456434362;17.05838272;111;1167.0;165;0;0;1;0;0;21.44039416;48.12733362;72.32681315;905965.75;62.24879079;18275.0;51.24647903;47.61502457;238.5798187;630.7382554;258.8579655;31.89167922;339.9886106;2.148437412;41.04047334;5.056246225;53.90328044;15.21139336;182.2556305;20.91232109;15.54930351;36.66369313;25.4031428;15.94859655;37.05106527;26.28339533;248.0;827279.0;96.0;280139.0;124.0;329081.0;77.41936;85.12767;0.10502931;84.51810956;79.37948588;88.7681291;84.3891154;80.65640233;0.0;
76;7621;Valle del Cauca;Calima;76126;2011;17096;4.095987365;;37.46490407;104;1500.0;930;0;0;1;0;0;45.03923946;44.10770114;74.69329274;533921.25;61.12540945;10450.0;46.75881279;44.45881279;218.3424658;170.0374781;13.10262245;16.81613747;140.1187182;0.994603873;7.705726171;9.889665301;82.40460853;61.20547104;273.5574341;68.1272583;16.29154519;39.8483965;17.51603499;16.4534679;41.28623401;16.41826077;;;;;;;;;;82.49802128;80.68174608;84.1893813;62.6938171;83.15843644;0.0;
76;7621;Valle del Cauca;Calima;76126;2016;17767;5.247556331;0.371475207;36.79855913;109;1500.0;930;0;0;1;0;0;45.28855364;44.00143678;70.65929392;685703.75;59.26718073;10530.0;54.12365591;52.8655914;265.7634409;217.5613675;23.10330945;13.85994894;180.5981091;1.224525061;10.61921504;6.370592859;83.01019211;61.20547104;273.5574341;68.1272583;16.36261261;39.14414414;20.37162162;16.16968606;40.6098796;19.50039383;;;;;;;;;;79.1875275;77.01300764;80.8188771;61.2670587;75.29632239;0.0;
76;7621;Valle del Cauca;Calima;76126;2021;19195;6.227750282;0.713727533;35.94165147;114;1500.0;930;0;0;1;0;0;44.6100539;44.12055879;71.06619104;905965.75;55.22271425;10600.0;55.18931961;52.10679626;259.9368896;479.9557503;75.68488479;22.40650372;381.8643618;2.500420684;15.76913804;4.668451979;79.56240998;61.20547104;273.5574341;68.1272583;15.76364965;38.45912935;22.51800814;15.74459235;39.86064892;21.79700499;;;;;;;;;;79.00615155;77.24082615;80.965684;78.8855699;76.4630341;0.0;
76;7682;Valle del Cauca;Candelaria;76130;2011;83964;6.520651708;;72.82406746;214;975.0;303;0;0;1;0;0;78.82497218;40.07108305;72.4691358;534216.6667;39.00600257;32751.0;45.27173684;44.29281053;215.0968421;1326.728788;259.3388701;492.176994;575.2129238;1.580116226;19.54724074;37.09703132;43.35572794;20.92443848;268.0912476;20.92443848;18.00646211;40.23273328;13.4319656;17.29165206;43.08544193;13.99500012;299.0;52319.0;78.0;13770.0;129.0;22309.0;60.46511628;61.72396791;0.197620108;62.35411161;56.95962218;67.73747;47.3855883;75.1282817;2.0;LL
76;7682;Valle del Cauca;Candelaria;76130;2016;89130;6.349433412;0.700100976;73.8887019;219;975.0;303;0;0;1;0;0;80.06538022;40.0765943;73.330502;685926.9167;33.15157635;29548.0;51.70927602;49.4219457;252.2918552;2130.902548;423.9113779;824.129659;882.8615111;2.390780375;19.89351312;38.67514541;41.43134147;20.92443848;268.0912476;20.92443848;17.29260673;39.47240541;15.15677427;16.21038876;42.16486987;16.63290864;315.0;598344.0;87.0;18100.0;154.0;33576.0;56.49351;53.90755;0.194517116;54.99077667;49.40889618;59.451829;42.5461339;71.11743967;2.0;LL
76;7682;Valle del Cauca;Candelaria;76130;2021;93491;8.198471867;0.970146859;73.96219957;224;975.0;303;0;0;1;0;0;80.28411237;39.80356681;72.09862571;907815.5;34.37015328;32133.0;51.28250122;47.97360611;239.5708771;3078.138406;576.518249;1164.79205;1336.828107;3.292443557;18.7294453;37.84079518;43.42975951;20.92443848;268.0912476;20.92443848;16.76226896;39.49583526;16.92490275;15.76786831;41.81496145;18.82892269;276.0;637784.0;47.0;138426.0;108.0;314642.0;43.51852;43.99476;0.257219258;46.09277134;40.75302163;51.5861544;46.0224231;63.29078808;2.0;LL
76;7658;Valle del Cauca;Cartago;76147;2011;134788;16.01255305;;3.343769475;470;917.0;260;0;0;1;0;0;4.38905786;52.8777398;69.24259986;533883.3333;42.74045167;57609.0;46.68374613;45.20234675;219.2594427;1375.17939;73.92619805;277.6464155;1023.606777;1.020253576;5.375749417;20.1898325;74.43441808;0.0;195.3830414;22.91969681;17.2622691;39.57342624;18.1129055;15.28893642;41.34879205;21.53480322;648.0;119590.0;248.0;49615.0;314.0;61042.0;78.98089172;81.28010222;0.055241148;80.69747124;78.08792709;83.487389;61.3255012;73.75847615;0.0;
76;7658;Valle del Cauca;Cartago;76147;2016;134759;19.03045437;1.832159633;3.117417019;475;917.0;260;0;0;1;0;0;4.201769351;53.14561092;67.0280839;685696.25;44.0274861;59331.0;53.21557272;51.08751609;260.9530245;1994.733299;133.756903;560.870459;1300.105937;1.480222693;6.705503088;28.11756635;65.17693056;0.0;195.3830414;22.91969681;17.44591213;39.40257848;20.16693592;14.92718616;40.04551738;24.89074433;603.0;1430004.0;216.0;46270.0;299.0;65073.0;72.2408;71.10476;0.077267742;70.48629905;66.61018572;73.7601628;54.5349547;65.79958223;0.0;
76;7658;Valle del Cauca;Cartago;76147;2021;141993;17.87852218;1.886712725;3.35720775;480;917.0;260;0;0;1;0;0;4.56893982;53.29877786;68.66339754;905965.75;46.36425739;65834.0;53.68597412;50.75854874;251.0907135;2804.964961;244.0751299;756.366308;1804.523523;1.975424817;8.701539351;26.96526761;64.33319304;0.0;195.3830414;22.91969681;16.90789176;38.54419777;22.22792375;14.4360525;38.79631341;27.43549793;519.0;1510482.0;149.0;443858.0;239.0;742752.0;62.3431;59.75857;0.116059952;59.8326689;55.36501141;63.7346674;59.7413504;59.95540835;0.0;
76;7682;Valle del Cauca;Dagua;76233;2011;45937;1.965735681;;76.71158326;93;827.0;939;0;0;1;0;0;82.0982462;38.27858855;82.04341833;535878.5;53.37309794;24518.0;45.54349862;43.76371901;214.476584;358.8668608;89.92516666;62.77700322;206.1646909;0.781215275;25.05808601;17.49311794;57.44879604;26.95303345;294.7720032;26.95303345;16.82494867;37.36310746;18.03986995;15.97446922;38.76601214;17.50808918;280.0;56704.0;97.0;23672.0;121.0;27636.0;80.16528926;85.65639022;0.151401653;85.29442271;80.35641974;88.9036145;64.8189236;81.47720091;0.0;
76;7682;Valle del Cauca;Dagua;76233;2016;47427;2.718036843;0.18765682;77.24924621;98;827.0;939;0;0;1;0;0;82.90269488;38.35689782;80.68845781;754201.2917;53.74364813;25489.0;51.10344828;48.5066313;249.5888594;623.7228231;232.3539835;81.40013764;309.9687019;1.315121815;37.25276275;13.05069089;49.69654636;26.95303345;294.7720032;26.95303345;16.22957687;36.92919983;20.53623796;15.93581526;38.16275417;19.99830199;317.0;716635.0;115.0;26189.0;149.0;32501.0;77.18121;80.57906;0.125517452;80.46530252;76.12589579;84.3567903;62.2556679;80.46557787;0.0;
76;7682;Valle del Cauca;Dagua;76233;2021;49373;3.352540862;0.411155895;76.87399996;103;827.0;939;0;0;1;0;0;82.77225867;38.02811621;80.09907041;934552.8333;52.6988435;26019.0;50.03617477;46.31266022;231.4056854;1008.48404;433.9017194;125.8016983;448.7806227;2.04258206;43.02514487;12.47433705;44.50051808;26.95303345;294.7720032;26.95303345;15.58259617;36.66893488;22.85954449;15.37925379;37.62197622;22.71422714;247.0;678122.0;87.0;218371.0;104.0;259308.0;83.65385;84.21298;0.271735992;83.92996241;79.21725587;88.1578862;83.8018659;82.7116265;0.0;
76;7658;Valle del Cauca;El Águila;76243;2011;10091;1.424536716;;74.21464671;61;1750.0;255;0;0;1;0;0;78.89371152;37.06470173;82.40813135;572864.0;74.17500743;7485.0;45.06422018;41.52293578;206.6697248;111.8746767;45.15078371;7.44106286;59.2828301;1.108657979;40.35835906;6.651248595;52.99039234;24.75176811;218.3726959;44.90148163;15.9627907;38.67906977;17.73023256;16.07294317;38.86768448;13.74045802;228.0;45722.0;106.0;22809.0;109.0;23223.0;97.24770642;98.21728459;0.01074501;97.61973036;95.45264852;99.0474133;74.1854584;93.90163233;0.0;
76;7658;Valle del Cauca;El Águila;76243;2016;9177;2.653372562;0.11986488;74.06559878;66;1750.0;255;0;0;1;0;0;78.98550725;37.57300454;82.54160888;1294886.458;75.88536559;6964.0;50.05833333;47.1;245.5833333;131.3977762;59.67133019;7.273185077;64.45326095;1.431816239;45.41273978;5.535242137;49.05201808;24.75176811;218.3726959;44.90148163;15.68342335;36.89239717;20.98047362;15.33348613;37.90969516;17.60256704;185.0;558676.0;93.0;28418.0;109.0;32845.0;85.3211;86.52154;0.094743125;86.83808261;81.78706249;91.5077315;67.1862612;86.41437558;0.0;
76;7658;Valle del Cauca;El Águila;76243;2021;9077;2.75605009;0.022033712;71.90701774;71;1750.0;255;0;0;1;0;0;77.30665224;37.72850189;81.58680007;1745859.333;73.03073703;6629.0;49.85577011;46.59615326;228.5865326;180.0658783;93.44511736;7.991023351;78.62973754;1.983759813;51.89496104;4.437833213;43.66720575;24.75176811;218.3726959;44.90148163;15.18082422;36.43818335;23.27586207;14.88081463;37.58389262;20.06479981;209.0;486812.0;91.0;170124.0;108.0;203698.0;84.25926;83.51775;0.130755105;84.14088368;79.27858253;88.2807826;84.0124652;84.51911692;0.0;
76;7658;Valle del Cauca;El Cairo;76246;2011;8172;1.821259586;;58.4557024;64;1800.0;274;0;0;1;0;0;63.29456316;38.6935353;87.05007825;623155.75;79.93147332;6532.0;44.11392405;41.07594937;207.8101266;121.7820847;64.05975569;7.706556915;50.01577208;1.490235985;52.60195361;6.328153221;41.06989317;31.51967621;226.9023285;53.57389832;17.07809695;36.42280072;16.80879713;15.90419806;38.58988159;14.58557589;;;;;;;;;;90.3438795;88.96840091;91.7742948;68.6562244;90.86709997;0.0;
76;7658;Valle del Cauca;El Cairo;76246;2016;7149;2.714831911;0.097915792;55.40635054;69;1800.0;274;0;0;1;0;0;62.08693063;38.95504614;85.2303523;1412335.25;74.27612253;5310.0;50.64516129;47.24193548;245.9354839;140.1536213;86.22226009;7.653069702;46.27829149;1.960464698;61.51982325;5.460486595;33.01969016;31.51967621;226.9023285;53.57389832;16.2190352;34.0547588;23.72881356;14.001207;36.78334339;20.57936029;;;;;;;;;;88.0329482;86.59979573;89.5718977;68.1107237;85.50629034;1.0;HH
76;7658;Valle del Cauca;El Cairo;76246;2021;6978;3.463265501;0.042992261;51.44740613;74;1800.0;274;0;0;1;0;0;58.36244873;39.07033268;83.85006941;1441391.25;72.02636859;5026.0;49.50666809;46.75999832;233.5599976;163.2509618;100.0535299;7.281526504;55.91590544;2.339509341;61.28817175;4.460326863;34.25150138;31.51967621;226.9023285;53.57389832;15.53140737;33.79273787;26.3715876;13.16692668;36.47425897;23.65054602;;;;;;;;;;88.33107484;86.74816801;89.811601;88.1962612;84.64641009;1.0;HH
76;7621;Valle del Cauca;El Cerrito;76248;2011;55481;7.450899107;;36.3710099;147;988.0;456;0;0;1;0;0;44.91635238;44.91828643;70.10042112;533883.3333;43.61493124;24198.0;46.76330303;46.33942424;219.1212121;682.3316866;94.88145176;233.8068418;353.6433931;1.229847491;13.90547348;34.26586312;51.8286634;15.42630577;236.5254517;52.56706619;17.09203403;40.53695724;16.42912385;16.55252753;42.22324202;16.78551257;258.0;51448.0;73.0;17677.0;117.0;25241.0;62.39316239;70.03288301;0.237509329;70.12228484;64.75352225;75.1212259;53.2889593;64.93965303;2.0;LL
76;7621;Valle del Cauca;El Cerrito;76248;2016;55876;6.326359558;0.280979311;36.29107309;152;988.0;456;0;0;1;0;0;45.36626917;45.50634109;70.51278589;685696.25;42.54420503;23772.0;51.41248304;49.33242877;252.3839891;1020.110946;212.2077087;317.6077166;490.2955209;1.825669243;20.80241463;31.13462489;48.06296048;15.42630577;236.5254517;52.56706619;16.63754972;39.27814742;18.84919897;16.24270873;41.15210713;19.5492355;210.0;606839.0;49.0;13983.0;83.0;22868.0;59.03614;61.14658;0.375452847;62.07750084;55.47449721;68.0153841;48.0291027;63.26477737;2.0;LL
76;7621;Valle del Cauca;El Cerrito;76248;2021;57532;5.970155739;0.361537927;36.41799346;157;988.0;456;0;0;1;0;0;45.73947823;45.43223343;70.89603464;905965.75;42.15566989;24253.0;51.41339874;48.45424652;240.5081635;1381.613876;314.1820986;406.6859252;660.7458522;2.401470271;22.74022461;29.43557041;47.82420499;15.42630577;236.5254517;52.56706619;16.08020231;38.75361272;20.84898844;15.81133592;40.34570548;21.85448211;224.0;627003.0;53.0;137214.0;98.0;260816.0;54.08163;52.6095;0.329031842;54.481514;48.71756338;60.5360563;54.3983626;56.58521848;0.0;
76;7658;Valle del Cauca;El Dovio;76250;2011;10175;2.1998362;;45.88697789;55;1250.0;297;0;0;1;0;0;52.45794188;43.74044134;85.63119006;535959.1667;90.16216216;9174.0;45.95763441;46.41537634;222.8817204;86.05445243;17.30084617;11.80247013;56.95113613;0.845744004;20.10453345;13.71511851;66.18034805;46.80226898;234.15802;63.26482391;17.4578266;35.91604551;16.43781875;16.38763049;38.94031909;15.8361237;;;;;;;;;;88.89426859;87.45684862;90.3380841;67.5546023;88.55466895;0.0;
76;7658;Valle del Cauca;El Dovio;76250;2016;9154;4.317784575;0.021848372;41.75223946;60;1250.0;297;0;0;1;0;0;47.17776951;45.42860687;91.51231793;762862.4167;100.0764693;9161.0;55.0;52.8375;268.0375;113.1776111;33.08987235;8.098325463;71.98941325;1.236373291;29.23711858;7.155412972;63.60746845;46.80226898;234.15802;63.26482391;17.05426357;33.4662237;18.22812846;16.05949558;36.62427247;18.96960552;;;;;;;;;;89.77963567;88.36938224;91.1348367;69.4621285;84.25364288;0.0;
76;7658;Valle del Cauca;El Dovio;76250;2021;9120;8.796600877;0.087719298;36.79824561;65;1250.0;297;0;0;1;0;0;42.34928527;46.31448104;90.19324544;905982.1667;103.6622807;9454.0;51.66176605;49.79411697;243.9705811;228.6187564;81.92682528;12.68825851;134.0036726;2.506784609;35.83556598;5.549963927;58.6144701;46.80226898;234.15802;63.26482391;16.58089058;33.2065339;20.45200269;15.65254784;36.16426575;21.60825629;;;;;;;;;;90.423533;88.88265933;91.8093043;90.2855258;78.91099553;0.0;
76;7682;Valle del Cauca;Florida;76275;2011;56210;6.604400166;;28.24764277;381;1038.0;413;0;0;1;0;0;35.84955447;46.46720929;79.0499088;586083.125;63.2449742;35550.0;45.7680988;43.37296407;214.4056886;408.5791868;58.28840096;42.03848683;308.2522991;0.726879891;14.26612095;10.28894476;75.44493429;33.73464966;255.5755615;43.33288574;17.94797478;37.49728281;15.36482864;17.29935682;40.47469239;15.56907159;318.0;52704.0;87.0;13363.0;146.0;24128.0;59.5890411;55.38378647;0.277235918;57.43721588;51.94572115;62.5005065;43.6490264;68.66954388;2.0;LL
76;7682;Valle del Cauca;Florida;76275;2016;56713;7.012942359;0.294465114;29.37421755;386;1038.0;413;0;0;1;0;0;37.19896258;46.6293559;74.0895153;685696.25;52.319574;29672.0;51.37196765;49.26145553;251.4919137;604.4178476;112.9468428;51.72307403;439.7479307;1.065748325;18.68688082;8.557502766;72.75561641;33.73464966;255.5755615;43.33288574;17.99652451;38.06748244;16.80544494;17.19088378;40.71362277;18.06400605;280.0;633892.0;90.0;19540.0;136.0;29584.0;66.17647;66.04922;0.205793697;66.90176745;61.60079716;71.8760279;51.7616176;67.48208662;2.0;LL
76;7682;Valle del Cauca;Florida;76275;2021;58161;6.908982537;0.373102251;30.03731023;391;1038.0;413;0;0;1;0;0;38.19840793;46.44600481;74.38921429;905965.75;53.10775262;30888.0;52.06645203;49.21069717;243.468399;853.1903962;220.3274073;71.37802746;561.4849615;1.466945885;25.82394367;8.366013938;65.8100424;33.73464966;255.5755615;43.33288574;17.50706215;37.59180791;18.65466102;16.80573707;40.00871284;20.13672464;263.0;506618.0;93.0;238306.0;137.0;349701.0;67.88321;68.14565;0.228313287;68.87054607;63.71288195;74.1106812;68.7654337;70.17532826;0.0;
76;7621;Valle del Cauca;Ginebra;76306;2011;21709;4.399864879;;55.45626238;101;1036.0;275;0;0;1;0;0;62.64245344;41.9160567;72.43356643;533883.3333;56.87042241;12346.0;47.89975369;44.79866995;219.0640394;236.9265422;56.72506182;51.33401981;128.8674606;1.09137474;23.94204604;21.66663951;54.39131445;19.77410698;235.8049011;55.24740219;17.10026849;39.27414128;18.0631423;16.03410341;41.24495783;18.3076641;;;;;;;;;;79.65089718;77.94201704;81.3918694;60.5301643;82.26963744;2.0;LL
76;7621;Valle del Cauca;Ginebra;76306;2016;22381;7.007059559;0.201063402;54.74286225;106;1036.0;275;0;0;1;0;0;62.06759267;42.32947005;72.14776515;685696.25;50.05585094;11203.0;54.83505155;52.91752577;268.742268;335.126804;93.85946309;64.33427477;176.9330661;1.497371896;28.00714893;19.19699469;52.79585638;19.77410698;235.8049011;55.24740219;16.17833243;39.12099837;19.99457406;16.03815243;40.17486532;21.29294357;;;;;;;;;;73.8553234;71.57243158;75.9149884;57.1415547;73.27844824;2.0;LL
76;7621;Valle del Cauca;Ginebra;76306;2021;24717;8.427398147;0.481450014;54.21774487;111;1036.0;275;0;0;1;0;0;61.84945896;42.15783424;72.4368914;905965.75;48.00339847;11865.0;52.61751175;49.78340912;246.0552979;538.886456;203.3911122;69.43185304;266.0634907;2.180225982;37.74285101;12.88431956;49.37282943;19.77410698;235.8049011;55.24740219;15.4907725;38.69018455;22.25216397;15.52401572;39.37134151;23.8473258;;;;;;;;;;75.15324706;72.98172078;76.9091899;75.0385458;71.38685838;2.0;LL
76;7621;Valle del Cauca;Guacarí;76318;2011;32753;7.820912079;;39.65743596;147;966.0;166;0;0;1;0;0;48.49265905;44.61337684;74.37270146;533891.6667;48.6642445;15939.0;44.90533181;41.95398169;208.993135;359.1128298;118.658893;25.7090907;214.7448461;1.096427288;33.04223162;7.159056588;59.79871179;24.51576042;244.2162628;52.72280502;17.24869045;38.91868296;16.32576702;16.37255488;41.90943351;16.76138063;;;;;;;;;;77.07196255;75.26139703;79.0271642;58.5703202;72.65951574;2.0;LL
76;7621;Valle del Cauca;Guacarí;76318;2016;32838;10.14018312;0.350204032;38.71733967;152;966.0;166;0;0;1;0;0;47.36927102;45.00177643;73.35223575;722726.1667;45.04841951;14793.0;50.95641026;48.08717949;248.6;456.3673248;188.786353;25.97113884;241.6098329;1.389753714;41.36719322;5.690841003;52.94196578;24.51576042;244.2162628;52.72280502;17.30394927;37.79745087;18.67269417;16.10194548;40.38199988;19.79776477;;;;;;;;;;70.39222303;68.05873865;72.6032662;54.4621685;68.85797196;2.0;LL
76;7621;Valle del Cauca;Guacarí;76318;2021;35105;11.13065565;0.498504487;37.9575559;157;966.0;166;0;0;1;0;0;46.84279895;45.02156722;73.46564085;926247.5417;43.25309785;15184.0;51.14323044;48.484375;237.9557343;840.798044;334.9756733;156.7398574;349.0825133;2.395094841;39.84020606;18.64179615;41.51799779;24.51576042;244.2162628;52.72280502;16.75672501;37.33114061;20.691883;15.68117706;39.63714807;22.05874219;;;;;;;;;;69.75260269;67.57018251;71.959298;69.6461441;67.63896285;0.0;
76;7682;Valle del Cauca;Jamundí;76364;2011;140066;4.028993475;;23.72096012;475;970.0;603;0;0;1;0;0;30.2882447;47.95850588;71.78865626;533950.0;31.41019234;43995.0;45.93790915;45.56444222;218.759519;1144.152004;171.8349722;227.3147728;745.0022594;0.816866338;15.018544;19.86753263;65.11392337;21.58713722;296.494751;21.58713722;17.87269212;40.79135735;13.49971221;16.55395594;42.8563526;15.42546571;577.0;61677.0;200.0;21281.0;292.0;30289.0;68.49315068;70.2598303;0.081046164;70.20612295;66.77498031;73.8480916;53.3526716;67.7549867;2.0;LL
76;7682;Valle del Cauca;Jamundí;76364;2016;153525;5.143027737;0.936003908;22.91613744;480;970.0;603;0;0;1;0;0;29.4455696;47.88588224;64.77236004;685696.25;29.65705911;45531.0;53.6089478;52.24689312;266.0041425;1940.148133;204.9626257;354.1885098;1380.996998;1.263734332;10.56427714;18.25574572;71.17997714;21.58713722;296.494751;21.58713722;17.27769738;42.27903736;15.57860321;15.9283623;43.61129067;17.99054463;583.0;755518.0;194.0;35314.0;291.0;53016.0;66.66666;66.61008;0.081201521;66.34990254;62.45008245;70.1467221;51.334642;64.03395049;2.0;LL
76;7682;Valle del Cauca;Jamundí;76364;2021;179060;6.184007223;1.181726795;21.97754942;485;970.0;603;0;0;1;0;0;28.4552744;48.03099943;65.10492204;905965.75;30.82709706;55199.0;54.30389023;50.8872757;254.1430511;2907.914286;375.4233344;497.0583612;2035.43259;1.623988767;12.91039891;17.09329479;69.99630629;21.58713722;296.494751;21.58713722;16.75471438;41.82534396;17.27840687;15.54040832;42.8195595;20.0606614;471.0;844995.0;152.0;231577.0;246.0;342523.0;61.78862;67.60918;0.112531602;67.51808668;63.49981282;71.4601863;67.4150384;65.67623396;0.0;
76;7682;Valle del Cauca;La Cumbre;76377;2011;15523;1.333505121;;81.87206081;98;1584.0;165;0;0;1;0;0;86.29319923;37.32530261;78.13101144;550853.1667;52.39322296;8133.0;46.74247525;45.11752475;220.5841584;101.7353822;25.53308151;9.875365144;66.32693556;0.655384798;25.09754321;9.7069131;65.19554369;35.36170959;275.9752808;35.36170959;15.47588993;37.64200959;22.34284272;14.82699645;38.82383897;22.44441521;;;;;;;;;;83.50149439;81.73598427;85.1704874;63.4563998;84.47263827;2.0;LL
76;7682;Valle del Cauca;La Cumbre;76377;2016;15957;2.635729356;0.08773579;82.13323306;103;1584.0;165;0;0;1;0;0;87.07997588;37.27457107;75.45615068;911643.1667;48.46149026;7733.0;53.66393443;51.70491803;263.8114754;138.3311302;34.18899888;9.965454952;94.17667636;0.866899356;24.71533257;7.204058073;68.08060935;35.36170959;275.9752808;35.36170959;14.29982712;36.81155841;26.6485552;14.78559613;37.75289477;26.63188701;;;;;;;;;;80.14128668;78.38829571;81.9154607;62.0049782;81.46694221;4.0;HL
76;7682;Valle del Cauca;La Cumbre;76377;2021;17152;3.623969994;0.28568097;81.4948694;108;1584.0;165;0;0;1;0;0;86.72842614;37.06071896;76.26649442;908526.0;42.95708955;7368.0;50.8028183;48.63380432;241.2112732;286.8299816;140.788554;15.53235154;130.509076;1.672283008;49.0843228;5.415177121;45.50050008;35.36170959;275.9752808;35.36170959;13.64937593;36.08152983;29.39425169;14.14657323;36.61955102;29.9204181;;;;;;;;;;79.33226611;77.22535445;81.2125463;79.2111867;76.83361083;0.0;
76;7658;Valle del Cauca;La Unión;76400;2011;32649;7.032119412;;21.74339183;121;963.0;121;0;0;1;0;0;27.8514775;48.64532884;72.38691719;533883.3333;64.9728935;21213.0;44.64200903;44.17528217;213.9480813;303.2904579;59.920889;25.4309807;217.9385882;0.928942565;19.75693182;8.385024992;71.85804318;28.49238586;213.0506744;42.27243805;17.40158487;39.38522495;16.24488753;15.86377272;41.83283336;17.86953709;;;;;;;;;;79.75948958;78.05361228;81.4025179;60.6126884;81.93500856;0.0;
76;7658;Valle del Cauca;La Unión;76400;2016;33412;7.970938585;0.20651263;20.8458039;126;963.0;121;0;0;1;0;0;27.46743655;49.09695179;70.90266129;685703.75;60.07721777;20073.0;52.63333333;50.225;257.0277778;379.8212542;113.5491963;26.51182777;239.7602302;1.13678096;29.89542976;6.980080096;63.12449015;28.49238586;213.0506744;42.27243805;16.99197777;37.83083823;19.92925273;15.71582959;40.10579603;21.84744895;;;;;;;;;;74.6492238;72.56628477;76.5526078;57.7557922;78.48349792;0.0;
76;7658;Valle del Cauca;La Unión;76400;2021;34540;8.815865663;0.431383903;19.77996526;131;963.0;121;0;0;1;0;0;26.33569281;49.38427228;71.69652732;905965.75;62.49276202;21585.0;54.625;50.819767;253.345932;571.110442;167.9357765;31.1651975;372.0094681;1.653475513;29.4051315;5.45694759;65.13792091;28.49238586;213.0506744;42.27243805;16.40007354;37.21272293;21.94643623;15.18959557;39.15930418;24.27701257;;;;;;;;;;76.73605894;74.55283458;78.7761757;76.618942;81.16763059;0.0;
76;7658;Valle del Cauca;La Victoria;76403;2011;13386;4.56945067;;29.40385477;176;916.0;278;0;0;1;0;0;36.62719477;47.21110657;75.33024334;533883.3333;65.41162408;8756.0;43.25945122;41.08945122;203.8658537;134.5504575;34.51646676;8.5967102;91.43728055;1.005158057;25.65317681;6.389209193;67.957614;22.39187813;193.2664185;22.39187813;15.9801026;37.46308099;21.10990207;13.90766576;40.75938444;22.52265209;;;;;;;;;;82.12013018;80.38191307;83.8872589;62.4066413;85.64115314;2.0;LL
76;7658;Valle del Cauca;La Victoria;76403;2016;12408;6.121722545;0.120889749;26.75693101;181;916.0;278;0;0;1;0;0;34.10650682;47.66744853;74.92087606;685696.25;61.74242424;7661.0;49.09489051;46.89051095;239.7445255;168.6385958;66.55302542;9.057129459;93.02844092;1.359111829;39.46488353;5.370733441;55.16438303;22.39187813;193.2664185;22.39187813;15.40554327;35.878252;26.47508927;13.88080282;37.00015321;27.547112;;;;;;;;;;77.83361031;75.86938214;79.7972011;60.2195387;75.58072634;0.0;
76;7658;Valle del Cauca;La Victoria;76403;2021;12412;6.766972822;0.362552369;23.95262649;186;916.0;278;0;0;1;0;0;31.09703177;48.09060927;76.14349776;908526.0;58.48372543;7259.0;51.18939209;48.87121201;239.5075684;213.8064831;72.70294843;9.410793253;131.6927414;1.72257882;34.00408976;4.401547192;61.59436305;22.39187813;193.2664185;22.39187813;14.80537141;34.93115757;29.11779704;13.34048093;35.94731199;30.46408332;;;;;;;;;;77.21898367;75.07201699;79.1453823;77.1011296;74.30120168;0.0;
76;7658;Valle del Cauca;Obando;76497;2011;13429;3.476928041;;31.90110954;83;935.0;213;0;0;1;0;0;39.47458497;44.78863597;85.55369529;533966.6667;61.79909152;8299.0;42.18654088;40.62;205.6037736;184.5325704;81.59828739;9.24274577;93.6915372;1.37413486;44.21890793;5.008734096;50.77235797;13.92983818;195.805603;26.86541557;17.02253855;35.46856465;18.37188612;15.75168287;37.83096485;17.75617053;385.0;50366.0;149.0;19770.0;174.0;23483.0;85.63218391;84.18856194;0.156960229;84.13321478;80.26433386;87.3109405;63.9364714;84.78222067;0.0;
76;7658;Valle del Cauca;Obando;76497;2016;12560;5.293922505;0.191082803;28.77388535;88;935.0;213;0;0;1;0;0;35.76577378;45.83073774;79.18024568;685753.3333;53.82165605;6760.0;51.41964286;47.36607143;246.6517857;248.2019396;125.3326585;12.39972407;110.469557;1.976130092;50.49624459;4.995820779;44.50793464;13.92983818;195.805603;26.86541557;17.22810395;35.32242541;21.38273981;16.58235852;36.56338919;22.06765729;427.0;652550.0;144.0;27559.0;195.0;37491.0;73.84615;73.50831;0.115283963;73.75595298;69.61759191;77.7035516;57.0646723;75.06860198;0.0;
76;7658;Valle del Cauca;Obando;76497;2021;12557;5.771681134;0.318547424;24.16182209;93;935.0;213;0;0;1;0;0;30.76511026;46.86188733;79.45966418;906015.1667;49.54208808;6221.0;48.19684982;42.80315018;217.566925;351.002633;180.5989014;13.74460184;156.6591298;2.795274612;51.4522925;3.915811606;44.6318959;13.92983818;195.805603;26.86541557;16.54548392;34.88447245;23.44482146;16.11180905;35.88253769;24.81155779;374.0;651290.0;131.0;232553.0;180.0;322528.0;72.77778;72.1032;0.185514195;72.35105417;67.58767383;76.6955793;72.2406297;72.52346014;0.0;
76;7682;Valle del Cauca;Palmira;76520;2011;336520;13.03397024;;20.19523357;187;1003.0;1044;0;0;1;0;0;25.98270782;48.70275218;66.35301553;533883.3333;37.72019494;126936.0;48.44750976;48.18034858;229.9205243;4288.612046;305.1070879;1416.205352;2567.299605;1.274400346;7.114355057;33.02246362;59.86318133;0.0;248.5791931;38.54159546;17.47277902;41.16060381;16.76688938;15.74851327;42.85510064;19.36413541;1259.0;284484.0;368.0;83908.0;583.0;133570.0;63.12178388;62.8194954;0.046768723;62.85610783;60.39714272;65.2273557;47.7670769;63.48868957;2.0;LL
76;7682;Valle del Cauca;Palmira;76520;2016;343835;16.66729681;1.856704524;20.90683031;192;1003.0;1044;0;0;1;0;0;27.16657456;48.47632806;66.85112753;685696.25;33.43813166;114972.0;54.47360747;53.29454652;269.9670458;6720.10223;537.4210936;2577.37436;3605.306777;1.954455547;7.997216042;38.35320165;53.6495823;0.0;248.5791931;38.54159546;16.70275155;41.07672434;18.49729212;15.21632224;41.44993462;22.10946319;1398.0;3713217.0;371.0;84204.0;679.0;155462.0;54.63918;54.16372;0.041059518;54.25455968;51.38064791;56.9042917;41.9765259;55.22278667;2.0;LL
76;7682;Valle del Cauca;Palmira;76520;2021;357178;16.65411457;2.656658585;20.9410994;197;1003.0;1044;0;0;1;0;0;27.39861157;48.4805608;67.74005053;905965.75;35.46355039;126668.0;55.0402565;52.60411072;260.8945007;7826.359462;755.3884708;2156.276386;4914.694605;2.191165039;9.651849937;27.55146114;62.79668892;0.0;248.5791931;38.54159546;16.16719566;40.44283117;20.472174;14.7670301;40.42300521;24.54472667;1126.0;3878083.0;310.0;1392092.0;533.0;2368656.0;58.16135;58.77139;0.056700729;58.81724207;55.79230099;61.6298104;58.7274733;58.6121405;2.0;LL
76;7682;Valle del Cauca;Pradera;76563;2011;46914;6.414574185;;13.4032485;141;1058.0;369;0;0;1;0;0;18.43665909;49.03989341;81.91885634;635710.375;53.21226073;24964.0;44.17568662;44.19394366;212.6760563;534.7964857;85.53452915;160.8786815;288.383275;1.13995073;15.99384653;30.08222489;53.92392858;19.38322258;245.8435822;43.69851685;17.82915361;37.01236503;15.34743992;17.65221749;39.30927921;15.17581224;383.0;49047.0;110.0;15263.0;161.0;22295.0;68.32298137;68.45929581;0.242699031;68.75640061;64.27109689;73.3921137;52.2509648;68.46872434;2.0;LL
76;7682;Valle del Cauca;Pradera;76563;2016;47181;9.723900158;0.214069223;13.10061253;146;1058.0;369;0;0;1;0;0;18.05983227;49.78845913;75.01627816;768524.0833;48.78658782;23018.0;51.28597786;49.79704797;250.7527675;733.0896591;145.9977742;214.7722263;372.3196586;1.55378152;19.91540494;29.29685662;50.78773844;19.38322258;245.8435822;43.69851685;18.57702292;37.03524442;17.48140978;17.80894741;39.47002535;18.00114501;342.0;646468.0;89.0;13903.0;151.0;23220.0;58.9404;59.87511;0.28684861;60.59836758;55.44929998;65.4086761;46.8847035;63.757743;2.0;LL
76;7682;Valle del Cauca;Pradera;76563;2021;49046;5.745286738;0.344574481;12.60449374;151;1058.0;369;0;0;1;0;0;17.55763568;50.04189509;75.68957899;905965.75;46.75814541;22933.0;52.35456467;50.79617691;246.3673096;894.7278115;181.4322365;204.36094;508.934635;1.824262553;20.27792522;22.84057088;56.8815039;19.38322258;245.8435822;43.69851685;18.08560377;36.46448761;19.27147533;17.36353305;38.71233199;20.03997022;273.0;478164.0;65.0;47230.0;115.0;85064.0;56.52174;55.5229;0.253868569;56.84961245;51.49364914;62.4940603;56.7628468;59.53629659;2.0;LL
76;7621;Valle del Cauca;Restrepo;76606;2011;15329;3.823363124;;37.81068563;86;1400.0;248;0;0;1;0;0;45.92939481;43.96974063;80.079722;533983.3333;65.60114815;10056.0;44.41284404;42.97247706;210.587156;213.350767;85.27936566;20.61214012;107.4592612;1.391811384;39.97143617;9.661151168;50.36741266;37.31070709;267.566864;44.33870697;16.38344792;37.86483331;17.75846413;15.6824147;40.57742782;17.15223097;;;;;;;;;;83.57159726;81.81916576;85.2688088;63.509674;78.90504203;0.0;
76;7621;Valle del Cauca;Restrepo;76606;2016;15286;6.516311222;0.111212875;35.43111344;91;1400.0;248;0;0;1;0;0;44.08762229;44.44917057;76.44611325;685703.75;68.70338872;10502.0;52.08205128;48.74871795;250.1333333;305.0964663;116.5807809;18.70356848;169.8121169;1.995920884;38.21112133;6.130378602;55.65850006;37.31070709;267.566864;44.33870697;16.88362919;37.80407627;19.35568705;15.41465955;39.55214165;20.45306601;;;;;;;;;;81.04961034;79.15334115;82.7870808;62.7077445;72.43997493;0.0;
76;7621;Valle del Cauca;Restrepo;76606;2021;16317;7.467161039;0.386100386;33.05754734;96;1400.0;248;0;0;1;0;0;41.78817603;44.83032874;77.18120805;905965.75;65.00582215;10607.0;51.41509247;47.26886749;238.78302;485.2783828;263.0366687;23.48067963;198.7610345;2.974066206;54.20325282;4.838599958;40.95814722;37.31070709;267.566864;44.33870697;16.40538205;37.18059499;21.31835576;14.95861733;38.69279455;22.85783836;;;;;;;;;;81.24649103;79.19884685;83.2507225;81.1224901;71.30517737;0.0;
76;7621;Valle del Cauca;Riofrío;76616;2011;16082;3.196638063;;57.44932222;444;939.0;317;0;0;1;0;0;64.93364257;40.98054374;81.4778614;533883.3333;80.97873399;13023.0;44.86451613;43.73548387;213.9419355;210.9383975;58.01472106;57.93330951;94.9903669;1.311642815;27.50315815;27.46456321;45.03227864;35.25577927;245.2839813;83.05448151;16.79036379;36.98746806;17.76371821;16.31692738;40.13735216;16.39323413;;;;;;;;;;86.05752511;84.43150205;87.6464345;65.3988382;85.08737774;0.0;
76;7621;Valle del Cauca;Riofrío;76616;2016;15614;4.48422356;0.076854105;54.27821186;449;939.0;317;0;0;1;0;0;62.72119544;41.96487089;79.41087765;922787.1667;70.03970795;10936.0;49.59375;46.83125;241.39375;294.8270956;110.7532915;72.26344376;111.8103604;1.888222721;37.5655064;24.51044861;37.92404499;35.25577927;245.2839813;83.05448151;15.82521784;36.07124552;21.2070733;15.54417414;38.84763124;20.57618438;;;;;;;;;;81.24609224;79.42925095;82.9237481;62.8597617;82.05215918;0.0;
76;7621;Valle del Cauca;Riofrío;76616;2021;15846;5.997307417;0.201943708;52.0383693;454;939.0;317;0;0;1;0;0;60.87906439;42.19894615;79.25166683;905965.75;68.27590559;10819.0;49.62264252;46.96226501;230.8679199;407.6739917;142.5407308;93.1379564;171.9953045;2.572724925;34.96439157;22.84618551;42.18942292;35.25577927;245.2839813;83.05448151;15.36418816;35.47040971;23.38138594;15.21793903;38.0952381;22.90249433;;;;;;;;;;81.75059546;79.76540099;83.411595;81.6258251;76.38389934;0.0;
76;7658;Valle del Cauca;Roldanillo;76622;2011;37176;5.863325802;;28.80890897;435;945.0;209;0;0;1;0;0;36.40033491;47.29083189;75.06099326;533883.3333;57.26544007;21289.0;46.6124;45.68607619;220.9771429;357.5538166;82.32453727;31.87268435;243.356595;0.961786681;23.02437659;8.91409429;68.06152912;39.71650314;218.4518433;47.91618347;16.69087253;38.47056195;17.80248017;15.26927467;41.19539276;19.46145066;406.0;48449.0;149.0;20085.0;194.0;23992.0;76.80412371;83.71540514;0.074595097;83.43847106;79.84038241;87.2341852;63.4085056;77.35847384;0.0;
76;7658;Valle del Cauca;Roldanillo;76622;2016;36746;7.508073441;0.285745387;26.04909378;440;945.0;209;0;0;1;0;0;33.51051194;48.1173536;71.56549521;685696.25;55.82376313;20513.0;54.06910569;51.21544715;262.7378049;392.149581;100.6602795;24.47981904;267.0094824;1.067189846;25.6688479;6.242469769;68.08868233;39.71650314;218.4518433;47.91618347;16.96561179;37.35290757;21.15274763;15.18711019;39.8024948;23.63305613;348.0;614185.0;118.0;40101.0;168.0;54585.0;70.2381;73.46524;0.208119419;73.50277935;69.12934764;77.6400698;56.8687929;72.11011445;0.0;
76;7658;Valle del Cauca;Roldanillo;76622;2021;37509;9.225563643;0.386573889;23.57034312;445;945.0;209;0;0;1;0;0;30.81444409;48.63095411;72.51682811;905965.75;57.69015436;21639.0;52.70888519;48.90926361;244.7372437;721.5048133;196.4667953;35.0949977;489.9430203;1.923551183;27.2301434;4.864139095;67.9057175;39.71650314;218.4518433;47.91618347;16.36180002;36.60083043;23.33632589;14.65941992;38.79209631;26.18987149;302.0;546454.0;119.0;94286.0;154.0;121130.0;77.27273;77.83868;0.196197699;77.64230138;72.43072783;81.8858905;77.5238013;76.03876048;0.0;
76;7621;Valle del Cauca;San Pedro;76670;2011;16331;3.534178352;;57.234707;123;975.0;197;0;0;1;0;0;64.9015699;41.49638674;75.9273136;533958.3333;43.93484784;7175.0;45.87089744;43.54416667;218.3141026;300.7269508;193.2029209;26.26640083;81.25762914;1.841448477;64.24529638;8.734302249;27.02040137;16.80773544;229.110733;76.72757721;17.02491451;39.37469468;15.40058622;16.27164436;41.59400712;16.56637603;;;;;;;;;;79.04606089;77.12618613;80.8619286;60.070523;83.57753161;2.0;LL
76;7621;Valle del Cauca;San Pedro;76670;2016;16637;5.939071547;0.066117689;56.09184348;128;975.0;197;0;0;1;0;0;64.32166826;41.92233941;74.82961871;685696.25;42.02680772;6992.0;47.69090909;44.98181818;236.1515152;373.9058886;225.7194561;32.17755129;116.0088812;2.247435767;60.36798644;8.605788856;31.0262247;16.80773544;229.110733;76.72757721;16.77388033;38.3298944;18.18181818;16.19433198;40.29530841;19.82614908;;;;;;;;;;71.35662775;69.13145168;73.4885631;55.2083244;79.18983373;2.0;LL
76;7621;Valle del Cauca;San Pedro;76670;2021;17896;6.402734317;0.217925793;54.34175235;133;975.0;197;0;0;1;0;0;62.89768318;42.00753797;74.55982135;905965.75;39.10929817;6999.0;50.20422363;46.52112579;232.3802795;468.7807564;274.2612122;29.74341341;164.7761308;2.619472264;58.50521986;6.344845218;35.14993492;16.80773544;229.110733;76.72757721;16.1915493;38.15211268;19.96619718;15.7743044;39.64083804;22.08180911;;;;;;;;;;73.78485285;71.45198299;75.8330701;73.6722401;81.96179243;0.0;
76;7662;Valle del Cauca;Sevilla;76736;2011;46456;4.56704552;;27.46900293;97;1613.0;639;0;0;1;0;0;33.4603714;46.46194927;75.22667641;533883.3333;70.32245566;32669.0;48.10647059;45.76717195;224.361991;425.8347564;148.4118886;28.62982639;248.7930415;0.916641029;34.85199043;6.723224432;58.42478514;11.42800903;189.3361511;37.12591171;15.94008399;38.25273821;20.23897138;15.20315109;40.16782977;20.26801387;215.0;51271.0;73.0;18462.0;89.0;21481.0;82.02247191;85.94571947;0.193111179;85.74006849;81.11841859;89.8181582;65.1575891;80.37787164;4.0;HL
76;7662;Valle del Cauca;Sevilla;76736;2016;43119;6.409587421;0.148426448;25.38324173;102;1613.0;639;0;0;1;0;0;31.09955956;46.81706443;73.01683766;685696.25;71.6621443;30900.0;51.31789474;49.36210526;253.5684211;604.5003686;237.9694832;33.75404894;332.7768364;1.401935037;39.36630904;5.583792945;55.04989802;11.42800903;189.3361511;37.12591171;16.1254147;36.83472735;24.02691463;15.22700064;38.60392301;24.63394419;200.0;674339.0;67.0;17287.0;91.0;23730.0;73.62637;72.84872;0.290645403;74.39307343;69.12188136;80.2175792;57.5576097;74.72695267;0.0;
76;7662;Valle del Cauca;Sevilla;76736;2021;43370;7.413342556;0.341249712;23.69149181;107;1613.0;639;0;0;1;0;0;29.25380711;47.14720812;74.4034551;905965.75;70.00230574;30360.0;51.72048187;48.3879509;243.1710815;755.8923992;306.5927752;35.25065607;414.0489679;1.74289232;40.56037281;4.663448939;54.77617825;11.42800903;189.3361511;37.12591171;15.51195015;35.9620571;26.44378313;14.66337358;37.48627881;27.44237102;156.0;487071.0;59.0;214348.0;76.0;277668.0;77.63158;77.19579;0.238621025;77.87018444;71.99857691;83.7029289;77.7513365;76.3503039;0.0;
76;7658;Valle del Cauca;Toro;76823;2011;15389;2.370741005;;34.32971603;379;958.0;194;0;0;1;0;0;42.30120923;44.79296446;85.30117966;533916.6667;74.35180973;11442.0;43.6954023;40.85057471;204.4252874;142.5838744;48.0130238;9.570843385;85.00000723;0.926531122;33.67353005;6.712430437;59.61403951;20.25047112;211.7589874;42.71343994;17.23281944;35.26260779;18.51319571;15.38461538;38.16418875;18.33225598;;;;;;;;;;86.56842465;85.15776688;87.9020779;65.7870928;84.44483732;0.0;
76;7658;Valle del Cauca;Toro;76823;2016;14751;3.520100332;0.061012813;32.86556844;384;958.0;194;0;0;1;0;0;41.15266432;45.95668141;85.06137659;732706.0417;72.51033828;10696.0;50.40372671;47.81987578;242.8322981;159.0991088;48.01875058;8.894364859;102.1859934;1.078564903;30.18165905;5.590455487;64.22788546;20.25047112;211.7589874;42.71343994;16.67363725;34.08615642;21.46939914;15.20190024;36.63235682;22.12984956;;;;;;;;;;82.58749614;80.68054385;84.4927173;63.8976003;81.15921414;0.0;
76;7658;Valle del Cauca;Toro;76823;2021;14883;4.562812157;0.107505207;30.43069274;389;958.0;194;0;0;1;0;0;38.36791554;46.68230809;82.01749649;942996.0833;66.51212793;9899.0;50.38922119;46.5928154;232.3413239;211.4035784;77.68745316;9.582989133;124.1331361;1.420436595;36.74840972;4.533030711;58.71855957;20.25047112;211.7589874;42.71343994;16.00055703;34.38239799;24.00779836;14.52869385;36.28927551;25.65567385;;;;;;;;;;81.50691072;79.47199953;83.4770843;81.3825123;80.06821795;0.0;
76;7621;Valle del Cauca;Trujillo;76828;2011;19960;1.690464262;;55.85671343;90;1308.0;232;0;0;1;0;0;62.64386189;41.34697357;86.14851246;543416.6667;71.02204409;14176.0;44.69565217;41.85326087;207.625;197.6523389;45.17214465;11.97544968;140.5047445;0.990242179;22.8543436;6.058845421;71.08681098;34.95278549;239.7423401;74.77516937;15.97836775;36.60766962;18.3972468;15.84269663;37.95709908;17.75280899;;;;;;;;;;87.44139272;85.83501287;88.9227149;66.450499;87.56191178;0.0;
76;7621;Valle del Cauca;Trujillo;76828;2016;19264;2.685925388;0.103820598;54.63039867;95;1308.0;232;0;0;1;0;0;61.17545189;41.93094491;84.82770157;958592.375;75.19206811;14485.0;49.55491329;46.39884393;238.5202312;239.5152049;96.71052479;13.11877021;129.6859099;1.24333059;40.37761395;5.477218121;54.14516793;34.95278549;239.7423401;74.77516937;16.4156005;35.1217499;21.02765167;16.00501463;36.30380276;20.80025073;;;;;;;;;;86.00979887;84.26275387;87.691535;66.5454216;85.51672885;0.0;
76;7621;Valle del Cauca;Trujillo;76828;2021;19594;4.222806301;0.122486475;52.19965295;100;1308.0;232;0;0;1;0;0;59.06930065;42.14029157;84.39821694;942206.9583;73.20608349;14344.0;50.78139496;46.99069595;235.4883728;307.9580273;128.4979453;13.61072253;165.8493595;1.571695556;41.72579828;4.419668046;53.85453367;34.95278549;239.7423401;74.77516937;15.66778217;34.8139134;23.40533414;15.43203534;35.77519778;23.49738005;;;;;;;;;;86.06890138;84.31982226;87.6230485;85.9375403;82.6296201;0.0;
76;7621;Valle del Cauca;Tuluá;76834;2011;202988;14.67607281;;17.27442016;187;974.0;818;0;0;1;0;0;22.07676592;49.82708835;69.83040104;533883.3333;55.67471969;113013.0;47.70724231;46.39791154;223.1634615;2256.236208;160.0945209;394.4813026;1701.660385;1.111512113;7.09564541;17.48404272;75.42031187;0.0;212.6645966;62.18136597;18.09467798;39.60770961;15.8226542;16.27038748;42.25228623;18.15404921;1095.0;212266.0;327.0;62614.0;481.0;91451.0;67.98336798;68.46726662;0.052410038;68.5460463;65.78054635;71.2075114;52.0911075;68.78247454;2.0;LL
76;7621;Valle del Cauca;Tuluá;76834;2016;208855;17.4315514;1.348782648;17.60599459;192;974.0;818;0;0;1;0;0;22.7120216;49.88788565;69.06020221;685696.25;49.98060856;104387.0;54.02849958;51.77829003;265.9316848;3021.460893;216.6633044;418.0337892;2386.7638;1.446678745;7.170812797;13.83548568;78.99370152;0.0;212.6645966;62.18136597;17.79457957;39.10981798;18.11271746;15.89197184;40.66577191;21.54263332;991.0;2570386.0;296.0;61194.0;486.0;103870.0;60.90535;58.91403;0.058876601;59.18434389;56.24365765;62.1857781;45.7906793;61.41199601;0.0;
76;7621;Valle del Cauca;Tuluá;76834;2021;229900;15.14045962;1.731622445;18.48803828;197;974.0;818;0;0;1;0;0;23.96785284;49.74630974;70.04537283;905965.75;46.43323184;106750.0;54.09763718;50.82180405;253.4658508;4014.810178;252.9806134;554.0508416;3207.778723;1.746328916;6.301184918;13.80017528;79.8986398;0.0;212.6645966;62.18136597;17.28935582;38.44033084;20.03901921;15.4171119;39.69748929;23.85129594;846.0;2635856.0;241.0;1204794.0;390.0;1861426.0;61.79487;64.72425;0.078432745;64.78465671;61.14188511;67.8040001;64.6857803;63.51129566;0.0;
76;7658;Valle del Cauca;Ulloa;76845;2011;5746;2.749738949;;55.70831883;183;1410.0;43;0;0;1;0;0;62.40587695;41.02846648;82.35294118;533883.3333;54.61190393;3138.0;45.36986301;42.31506849;211.7671233;75.95504127;32.94594114;4.527474473;38.48162566;1.321876806;43.37558191;5.960729396;50.66368869;9.608662605;180.968277;9.608662605;16.08651571;37.5126732;17.03278135;16.07463222;39.9712953;16.57696448;;;;;;;;;;82.00683453;80.16804433;83.7456624;62.3205431;80.16683182;0.0;
76;7658;Valle del Cauca;Ulloa;76845;2016;5525;4.822021116;0.054298643;54.60633484;188;1410.0;43;0;0;1;0;0;61.63522013;40.39955605;78.5572843;708879.9167;49.08597285;2712.0;51.33333333;48.85416667;250.0416667;79.59781687;35.10175614;4.507424089;39.98863664;1.440684468;44.09889306;5.662748384;50.23835856;9.608662605;180.968277;9.608662605;16.15491975;36.4619679;21.52826239;15.38172245;39.52613765;20.08273787;;;;;;;;;;77.45755887;75.52720069;79.2992049;59.9285893;75.54922712;0.0;
76;7658;Valle del Cauca;Ulloa;76845;2021;5758;4.845432442;0.052101424;53.54289684;193;1410.0;43;0;0;1;0;0;60.80843585;40.35149385;79.42386831;905965.75;48.24591872;2778.0;50.703125;46.296875;234.1875;120.6352398;59.22719082;5.171641768;56.23640718;2.095089263;49.09609409;4.287007493;46.61689842;9.608662605;180.968277;9.608662605;15.64898232;35.56890224;24.19085752;14.8859109;38.42810576;23.21622601;;;;;;;;;;79.57396795;77.15325803;81.4549138;79.4525197;76.21951598;4.0;HL
76;7658;Valle del Cauca;Versalles;76863;2011;8494;2.71466133;;49.5643984;117;1900.0;462;0;0;1;0;0;55.55134521;42.6550461;80.99907493;540716.0833;83.50600424;7093.0;43.15625;40.98958333;207.75;73.3495528;7.617016959;18.31028814;47.4222477;0.863545477;10.38454451;24.96305355;64.65240194;39.80028152;230.2437286;59.76644516;15.81018519;37.61574074;18.54166667;15.4767609;39.33876378;18.11212266;162.0;30027.0;83.0;16499.0;95.0;17921.0;87.36842105;92.06517493;0.053794781;91.36456456;86.54290122;94.6277487;69.4318871;86.5681186;0.0;
76;7658;Valle del Cauca;Versalles;76863;2016;7521;4.608208128;0.09307273;46.21725834;122;1900.0;462;0;0;1;0;0;52.15204025;43.76746786;77.94979079;926572.2083;83.35327749;6269.0;51.92134831;47.88764045;249.011236;90.30893911;23.87292879;9.800455196;56.63555513;1.200757068;26.43473506;10.85214298;62.71312196;39.80028152;230.2437286;59.76644516;14.95427649;36.76707907;23.48036579;15.22482251;37.23376282;23.16592164;128.0;333456.0;61.0;17185.0;74.0;20322.0;82.43243;84.56353;0.137815729;85.13895023;79.3080264;90.2981578;65.8716496;85.09136677;1.0;HH
76;7658;Valle del Cauca;Versalles;76863;2021;7387;5.792834258;0.311357791;40.89616895;127;1900.0;462;0;0;1;0;0;47.18590108;44.64184196;77.6944504;994348.4167;79.00365507;5836.0;51.36111069;47.33333206;240.4861145;136.3901502;49.7647104;13.35530986;73.2701299;1.846353732;36.48702662;9.791989997;53.72098338;39.80028152;230.2437286;59.76644516;14.34866428;35.88543101;26.4114569;14.58998935;36.50159744;26.41107561;133.0;376066.0;59.0;106706.0;74.0;136023.0;79.72973;78.44703;0.214639213;79.66400861;72.452416;85.9705643;79.5424229;79.00739668;1.0;HH
76;7682;Valle del Cauca;Vijes;76869;2011;12263;2.397455761;;40.42240887;86;900.0;122;0;0;1;0;0;48.73056995;42.68566494;73.49818908;543466.6667;42.42028867;5202.0;43.04597015;39.5191791;206.1044776;92.56487628;26.62894591;6.581165301;59.35476507;0.754830598;28.76787285;7.109786741;64.12234041;29.93291283;262.7857056;41.37760925;16.65070243;39.59131545;19.348659;15.76929488;39.98999833;20.07001167;;;;;;;;;;79.80908955;77.99756278;81.6904845;60.6503815;76.63790975;2.0;LL
76;7682;Valle del Cauca;Vijes;76869;2016;12526;3.656394699;0.17563468;39.07871627;91;900.0;122;0;0;1;0;0;47.85054576;43.09823678;74.79935795;689583.125;39.09468306;4897.0;48.32258065;47.09677419;237.4731183;181.5845106;69.24057159;10.90506559;101.4388734;1.44966079;38.13132043;6.005504298;55.86317527;29.93291283;262.7857056;41.37760925;15.13013484;38.50736908;22.38946378;15.51724138;39.36239427;22.31620039;;;;;;;;;;72.82046027;70.68069937;75.0493479;56.3408855;74.46604591;2.0;LL
76;7682;Valle del Cauca;Vijes;76869;2021;13170;4.719691217;0.182232346;36.77296887;96;900.0;122;0;0;1;0;0;45.59808612;43.41307815;75.67311114;905965.75;44.95823842;5921.0;48.4661026;45.77118683;227.2033844;366.8395645;149.0826861;18.56899104;199.1878874;2.785418106;40.63975113;5.061883405;54.29836547;29.93291283;262.7857056;41.37760925;14.66507534;37.81888707;24.54125019;15.03015308;38.5495593;24.72552961;;;;;;;;;;76.68272666;74.76068836;78.8591127;76.5656911;74.84588116;2.0;LL
76;7621;Valle del Cauca;Yotoco;76890;2011;15859;3.846396368;;50.16079198;99;850.0;390;0;0;1;0;0;57.89023427;42.32034746;76.10825492;554045.25;48.65376127;7716.0;45.20607143;42.682;212.9642857;311.450761;99.17651655;17.90323612;194.3710083;1.963873895;31.84340158;5.748335969;62.40826245;37.65770721;249.4941559;60.72216797;17.07286589;38.75765529;17.23534558;16.13642148;40.62102316;17.68897938;;;;;;;;;;80.51553015;78.76316114;82.3508238;61.1872363;78.78753313;2.0;LL
76;7621;Valle del Cauca;Yotoco;76890;2016;15871;5.865519921;0.964022431;49.00132317;104;850.0;390;0;0;1;0;0;56.8948891;42.32722597;72.47909257;685696.25;50.047256;7943.0;52.97902098;50.56643357;257.2377622;309.7623376;101.8941244;75.73613487;132.1320783;1.951750599;32.8942909;24.44975573;42.65595338;37.65770721;249.4941559;60.72216797;16.49937265;39.32245922;19.88707654;15.99797494;39.76711809;20.55436021;;;;;;;;;;74.21717926;72.19205371;76.2979762;57.4215211;73.14542072;2.0;LL
76;7621;Valle del Cauca;Yotoco;76890;2021;16321;5.75077099;1.580785491;47.57061455;109;850.0;390;0;0;1;0;0;55.78235513;42.42461844;72.7187206;905966.5417;50.60964402;8260.0;50.63158035;47.17543793;237.222229;491.495026;175.1386049;142.6506567;173.7057644;3.011427155;35.63385093;29.0238251;35.34232397;37.65770721;249.4941559;60.72216797;15.85112874;38.87736425;22.02562538;15.48117155;39.09672656;23.0125523;;;;;;;;;;75.33358546;73.32046897;77.3861974;75.218609;73.18618326;0.0;
76;7682;Valle del Cauca;Yumbo;76892;2011;99964;14.21328345;;13.24476812;147;998.0;243;0;0;1;0;0;18.3182578;48.5353218;69.51036481;534625.0;42.51330479;42498.0;44.89706686;43.34368799;213.1509705;5097.674307;26.38105385;3321.360113;1749.93314;5.099510131;0.51751156;65.15441969;34.32806875;24.87938881;270.0489502;25.31015968;18.08357495;41.42860039;13.67368869;17.19882313;42.61003495;15.37428667;1494.0;120845.0;336.0;28321.0;599.0;48691.0;56.09348915;58.16475324;0.043763145;58.17979377;55.78980999;60.7661176;44.2133435;58.30216443;2.0;LL
76;7682;Valle del Cauca;Yumbo;76892;2016;104677;20.50800717;3.418133879;13.53305884;152;998.0;243;0;0;1;0;0;18.70492422;49.2388434;66.71875;726403.3333;36.11490585;37804.0;51.43671875;48.33671875;250.9429688;7680.507433;33.03370052;4924.281189;2723.192544;7.33734004;0.430097891;64.1140085;35.45589361;24.87938881;270.0489502;25.31015968;17.59044664;41.18317162;15.99756452;16.96891915;41.99170433;18.17234901;1319.0;1462160.0;302.0;28495.0;636.0;62425.0;47.48428;45.64677;0.040046463;45.77308213;42.82161102;48.3312814;35.4144422;50.94009553;2.0;LL
76;7682;Valle del Cauca;Yumbo;76892;2021;108433;27.22134098;6.332942923;13.50695821;157;998.0;243;0;0;1;0;0;18.81292325;49.41050147;67.16538341;923437.5833;37.48674297;40648.0;51.38351822;47.36687851;237.8851013;9639.910101;58.07807068;6199.087587;3382.744444;8.890199571;0.602475231;64.30648753;35.09103724;24.87938881;270.0489502;25.31015968;17.11984462;40.63559161;17.70440611;16.56800501;41.17678619;20.19672718;1298.0;1628052.0;252.0;256507.0;589.0;555074.0;42.78438;46.21132;0.047460687;46.29859098;43.83879984;48.8924957;46.2279286;49.56691426;0.0;
76;7658;Valle del Cauca;Zarzal;76895;2011;41165;12.42945059;;23.65844771;102;917.0;371;0;0;1;0;0;30.72171203;48.0019856;73.55500426;533883.3333;47.93878295;19734.0;43.72458904;41.21297945;207.2585616;708.1643882;50.47647877;379.997966;277.6899434;1.720307028;7.127791175;53.65957006;39.21263877;34.74525833;205.2454071;36.64595032;17.87380807;38.69446135;16.33191317;16.2431815;41.13478484;17.79103921;;;;;;;;;;64.22755715;62.1244442;66.5967694;48.8093006;68.63496433;0.0;
76;7658;Valle del Cauca;Zarzal;76895;2016;41529;14.77862859;0.915023237;24.00732019;107;917.0;371;0;0;1;0;0;31.39375721;48.19506696;72.33433624;693944.5833;50.78378964;21090.0;49.65427509;46.3197026;241.8104089;952.0728184;78.28714632;488.9812195;384.8044526;2.292549347;8.222810777;51.35964498;40.41754424;34.74525833;205.2454071;36.64595032;17.87324586;38.55818431;17.91377476;16.37448371;39.60073428;20.50022946;;;;;;;;;;64.09709787;61.9355139;66.4268368;49.5916565;64.73550406;0.0;
76;7658;Valle del Cauca;Zarzal;76895;2021;42890;10.44882257;0.839356493;23.81440895;112;917.0;371;0;0;1;0;0;31.37462002;48.24050698;73.10048361;905965.75;50.28211704;21566.0;50.30038834;46.92635727;234.1802368;1245.605771;173.590059;515.1232284;556.8924839;2.904186923;13.93619578;41.35523777;44.70856644;34.74525833;205.2454071;36.64595032;17.40689791;37.9827061;19.75041761;15.96556621;38.64483493;22.83901313;;;;;;;;;;67.48044883;64.82467144;69.697766;67.377458;65.69865284;0.0;
81;8107;Arauca;Arauca;81001;2011;75564;13.49176416;;14.39045048;52;128.0;5751;0;0;0;1;0;18.53717744;47.41453844;82.15015164;678812.5833;66.9075221;50558.0;45.20309211;44.1624906;214.2960526;3265.43133;2734.051588;117.7041388;413.675603;4.321411426;83.72711939;3.604551035;12.66832958;243.8208618;483.4918823;264.8273621;19.99111622;37.75606187;11.0916597;19.82999035;39.3676928;10.33465623;;;;;;;;;;87.18641038;85.73877837;88.7357219;66.2567269;74.76725897;1.0;HH
81;8107;Arauca;Arauca;81001;2016;79833;17.84673422;2.467651222;13.58836571;57;128.0;5751;0;0;0;1;0;17.11663233;47.83370745;74.06434296;699217.0;69.89214986;55797.0;51.36233367;50.03889458;252.9140225;1697.158959;994.1363817;96.65473561;606.3678421;2.125886487;58.57650376;5.69509032;35.72840592;243.8208618;483.4918823;264.8273621;19.94026879;39.14385266;12.28471877;18.99982347;40.79388697;12.53120823;5538.0;77713.0;1410.0;18832.0;2256.0;28988.0;62.5;64.96481;;74.13671413;71.81478195;76.3451335;57.3592656;69.07727033;0.0;
81;8107;Arauca;Arauca;81001;2021;95631;24.42443699;3.544875616;14.07702523;62;128.0;5751;0;0;0;1;0;17.9226981;48.23409441;65.92606166;905965.75;68.52171367;65528.0;50.18000031;47.42956543;234.0826111;2292.295468;1436.889828;57.214617;798.191023;2.397021329;62.68344757;2.495952979;34.82059945;243.8208618;483.4918823;264.8273621;18.46021089;42.17372088;13.57733673;17.45708467;43.04418305;14.78240991;;;;;;;;;;67.83758593;65.26115556;69.8870727;67.7340501;70.57286824;0.0;
81;8107;Arauca;Arauquita;81065;2011;42544;2.64627993;;71.61761941;40;155.0;3060;0;0;0;1;0;77.09534596;39.42030478;102.5459915;838741.9167;68.21408424;29021.0;44.19087079;46.30117978;213.3764045;1790.035111;1600.099049;47.77506608;142.1609959;4.207491329;89.38925495;2.668945753;7.941799301;178.3702393;424.2680969;207.2799988;18.29660135;34.51147215;12.0876137;19.20086076;35.56511958;9.92321612;;;;;;;;;;91.69158207;90.40019936;92.9578049;69.6804019;83.47653656;0.0;
81;8107;Arauca;Arauquita;81065;2016;46085;2.489602546;0.136703917;72.27080395;45;155.0;3060;0;0;0;1;0;78.07940821;38.32735907;91.90047644;781777.4583;70.0965607;32304.0;51.57734807;50.90331492;254.3535912;766.8177272;505.3070399;52.66203552;208.8486518;1.663920424;65.89662992;6.867607993;27.23576208;178.3702393;424.2680969;207.2799988;18.97590361;35.66595148;13.04258128;19.00773491;37.70881963;10.65494988;;;;;;;;;;82.24985314;80.48323712;83.9730664;63.6363673;82.98512548;0.0;
81;8107;Arauca;Arauquita;81065;2021;59800;2.846432553;1.322742475;72.43478261;50;155.0;3060;0;0;0;1;0;78.36922087;38.25029224;82.86968868;1011970.833;64.11371237;38340.0;48.770298;46.81386185;227.8415833;1609.485795;1271.61465;31.65029912;306.220846;2.691447817;79.00750996;1.966485149;19.02600489;178.3702393;424.2680969;207.2799988;17.75901913;38.3104378;14.3150597;17.6686217;40.29465158;12.47730764;;;;;;;;;;80.79677159;79.01394589;82.6922365;80.673457;81.26130226;0.0;
81;8107;Arauca;Cravo Norte;81220;2011;4089;2.995842504;;38.1511372;24;102.0;5221;0;0;0;1;0;45.66952409;42.12237659;92.04771372;825223.9167;75.64196625;3093.0;43.51351351;44.32432432;207.1351351;35.19282534;9.269536283;6.219487956;19.7038011;0.86067071;26.33927852;17.672602;55.98811948;298.1506348;494.5499573;321.3985901;18.55622397;35.90930125;13.18833873;19.24273859;37.2406639;9.387966805;;;;;;;;;;93.18040655;91.95024598;94.2415352;70.8118241;90.10386117;1.0;HH
81;8107;Arauca;Cravo Norte;81220;2016;3843;4.764073207;0.234192037;33.85376008;29;102.0;5221;0;0;0;1;0;42.0332937;41.94411415;77.1348763;698712.625;73.61436378;2829.0;49.17241379;46.96551724;238.5862069;42.16971969;16.42791019;4.813481647;20.92832786;1.097312508;38.9566502;11.41454504;49.62880477;298.1506348;494.5499573;321.3985901;17.65281174;39.16870416;15.599022;18.74304783;39.09899889;14.73859844;;;;;;;;;;83.90980755;81.96254072;86.0060184;64.9206671;82.79611114;0.0;
81;8107;Arauca;Cravo Norte;81220;2021;4329;6.254331254;0.346500347;29.63732964;34;102.0;5221;0;0;0;1;0;37.9066107;43.4679958;75.66418704;905965.75;71.88727189;3112.0;42.93478394;42.30434799;206.1304321;64.25469059;31.59076566;3.639156796;29.02476813;1.484284837;49.16491757;5.663643795;45.17143864;298.1506348;494.5499573;321.3985901;16.39344262;39.83163491;17.27957466;17.61583012;39.28571429;17.95366795;;;;;;;;;;79.69171618;77.61655754;81.5176522;79.5700882;80.525984;0.0;
81;8107;Arauca;Fortul;81300;2011;15383;2.799627294;;49.67821621;22;244.0;1024;0;0;0;1;0;57.71261922;42.99676835;108.8102749;845966.1667;100.4160437;15447.0;41.25228216;42.13572614;207.2946058;138.1354017;60.20187275;23.18467804;54.74885091;0.897974398;43.58178426;16.78402332;39.63419242;130.4185638;366.2167664;158.8373413;18.36892205;34.16516594;9.235914587;20.52832172;33.67065317;7.859114207;;;;;;;;;;94.0850954;92.80924116;95.0186642;71.4993363;89.82478025;;
81;8107;Arauca;Fortul;81300;2016;17303;3.500838005;0.07513148;48.19973415;27;244.0;1024;0;0;0;1;0;56.49728599;42.24053365;90.32921811;765508.1667;97.98300873;16954.0;49.97209302;50.22325581;248.9906977;186.5562223;63.73305682;21.27533505;101.5478304;1.0781727;34.16292206;11.40424843;54.43282951;130.4185638;366.2167664;158.8373413;19.00544959;36.43278837;12.03451408;19.48204826;37.65744556;10.18246027;;;;;;;;;;88.85447248;87.28165939;90.2508993;68.7463336;85.48760448;;
81;8107;Arauca;Puerto Rondón;81591;2011;4050;3.419753086;;35.90123457;24;140.0;2313;0;0;0;1;0;43.19490755;42.89178539;96.09279609;757661.6667;87.87654321;3559.0;43.51020408;40.20408163;204.6530612;48.96681583;21.16912035;7.721655537;20.07603994;1.209057181;43.23156406;15.76916;40.99927593;220.4468384;427.2657471;253.6179199;20.82940622;34.26013195;10.65032988;19.19087137;35.84024896;10.1659751;;;;;;;;;;94.23658701;93.03418776;95.2209019;71.6144613;89.7816859;1.0;HH
81;8107;Arauca;Puerto Rondón;81591;2016;4101;4.208323173;0.170690076;33.26018044;29;140.0;2313;0;0;0;1;0;40.42194093;42.86919831;79.7731569;688517.9167;86.58863692;3551.0;47.0952381;44.97619048;233.6904762;62.09472206;33.05473048;7.072280529;21.96771105;1.514136115;53.23275374;11.38950348;35.37774278;220.4468384;427.2657471;253.6179199;18.88888889;36.85185185;15.78703704;19.01081917;39.20659454;13.3436373;;;;;;;;;;86.6632669;85.05087101;88.2794864;67.051007;81.57393556;0.0;
81;8107;Arauca;Puerto Rondón;81591;2021;4966;4.992280843;0.644381796;32.68223923;34;140.0;2313;0;0;0;1;0;39.84517304;43.78415301;75.20024646;908526.0;75.25171164;3737.0;44.92307663;41.94230652;208.4615326;99.15219244;58.65240859;5.560179005;34.93960485;1.996620871;59.15391999;5.607721693;35.23835831;220.4468384;427.2657471;253.6179199;17.49316673;38.53963296;17.45411948;17.38045738;40.54054054;15.63409563;;;;;;;;;;80.87728398;78.85722686;82.7698323;80.7538465;82.05617061;0.0;
81;8107;Arauca;Saravena;81736;2011;50532;4.805205942;;25.282989;35;224.0;907;0;0;0;1;0;31.45921508;45.97922278;85.39487693;634963.5;81.05161086;40957.0;44.66233766;45.46464646;216.6017316;350.5096546;75.73294399;80.88133027;193.8953804;0.69363899;21.60652153;23.07535019;55.31812828;99.77479553;381.4082336;136.4337616;20.46202036;36.01801096;11.67971809;19.99439821;38.65637004;10.41933419;;;;;;;;;;88.74720024;87.16258638;90.2639841;67.4428387;86.26180071;0.0;
81;8107;Arauca;Saravena;81736;2016;52248;7.504274486;0.260297045;24.11575563;40;224.0;907;0;0;0;1;0;30.30815655;46.2829188;80.6025748;709652.8333;82.7993416;43261.0;53.06698565;53.41148325;263.2870813;466.5108046;116.3784528;53.52316544;296.6091864;0.892877822;24.94657178;11.47308163;63.58034658;99.77479553;381.4082336;136.4337616;19.69933992;37.54435499;12.83147011;18.96770229;39.64053919;12.32766235;;;;;;;;;;81.96563588;79.86099175;83.7186786;63.4164696;76.61681484;0.0;
81;8107;Arauca;Saravena;81736;2021;61787;8.052799672;1.043908913;24.58607798;45;224.0;907;0;0;0;1;0;31.35053682;47.20286306;75.94971304;931427.4167;80.30168158;49616.0;51.84370041;50.82137299;245.0829315;641.2149619;172.8011715;37.1564621;431.2573283;1.037782967;26.94902361;5.794696678;67.25627971;99.77479553;381.4082336;136.4337616;18.23122039;39.40157063;14.25825905;17.64426727;41.06871678;14.44570995;;;;;;;;;;78.81157897;76.93704537;80.806194;78.6912943;78.44955971;0.0;
81;8107;Arauca;Tame;81794;2011;38187;5.815242535;;36.42862754;52;325.0;5542;0;0;0;1;0;41.56855474;43.32066376;87.04952143;653140.6667;88.90721973;33951.0;43.80500775;43.98818605;212.3348837;455.8231006;226.2464528;75.35815706;154.2184907;1.193660409;49.63470534;16.53232514;33.83296952;148.0955505;346.3528137;175.8297424;20.67648389;36.48791275;10.97652912;19.57900492;38.08091853;10.26790596;;;;;;;;;;92.36514471;91.20516497;93.6233446;70.1922713;87.40857391;1.0;HH
81;8107;Arauca;Tame;81794;2016;40793;6.334420121;0.281911112;38.36687667;57;325.0;5542;0;0;0;1;0;44.27369505;43.87877747;85.8402268;685776.6667;93.49888461;38141.0;51.29545455;49.87987013;252.1282468;835.4750025;352.6682262;226.6265323;256.1802439;2.048084236;42.21170295;27.12547134;30.66282572;148.0955505;346.3528137;175.8297424;19.75013164;36.29792734;12.0913312;19.12370616;38.46849563;11.71239071;;;;;;;;;;84.88414066;83.04790077;86.4950068;65.6745045;76.35909399;0.0;
81;8107;Arauca;Tame;81794;2021;51221;9.461451358;1.329532809;41.57084009;62;325.0;5542;0;0;0;1;0;48.10385835;44.04289993;81.2143576;906023.1667;87.24741805;44689.0;50.76083374;49.46870041;240.8603516;1437.320804;898.851605;195.1775454;343.2916539;2.80611625;62.53660299;13.57926113;23.88413588;148.0955505;346.3528137;175.8297424;18.20161792;38.18061605;13.50731176;17.73883727;39.86044141;13.67752558;;;;;;;;;;81.2463416;79.40772848;82.9633725;81.1223409;76.06629453;0.0;
85;8519;Casanare;Yopal;85001;2011;144801;27.32393653;;14.26578546;69;355.0;2532;0;0;0;1;0;18.39360728;48.10622588;74.21747146;683280.8333;42.62263382;61718.0;47.02656945;47.45949086;223.95304;3712.172906;2177.631096;274.4536754;1260.088134;2.563637617;58.66189834;7.393342992;33.94475866;82.8169632;232.0493774;188.1083832;19.54234359;41.62737643;8.553059108;20.34604559;42.03598433;8.537998786;;;;;;;;;;72.03321559;69.9582154;74.1280818;54.7411583;65.38582179;3.0;LH
85;8519;Casanare;Yopal;85001;2016;160747;34.41930487;4.260732704;14.61738011;74;355.0;2532;0;0;0;1;0;19.19030826;47.98924804;67.25048072;686041.6667;41.59953218;66870.0;52.91587362;52.61895699;263.261515;3924.505003;1323.62308;400.8309486;2200.050974;2.44141726;33.72713448;10.21354154;56.05932398;82.8169632;232.0493774;188.1083832;18.97171082;42.87531807;10.5161403;18.9649395;44.01613404;10.62240149;5988.0;127780.0;1591.0;33756.0;3001.0;63069.0;53.01566;53.52233;;54.71095301;52.38599201;56.7941744;42.3296355;59.03256277;0.0;
85;8519;Casanare;Yopal;85001;2021;184803;30.45865056;7.527475203;14.03981537;79;355.0;2532;0;0;0;1;0;18.6055242;48.41724833;60.493363;908346.3333;43.39756389;80200.0;53.17884445;51.1198616;251.0669708;5565.477598;2170.274004;396.1227388;2999.080856;3.011573188;38.99528775;7.117497677;53.88721458;82.8169632;232.0493774;188.1083832;18.07938681;44.89679715;12.00328497;17.47042085;46.36064101;12.35905775;;;;;;;;;;53.99685622;51.3602447;56.5145788;53.9144445;57.89616135;0.0;
85;8519;Casanare;Aguazul;85010;2011;32901;10.36037405;;28.60095438;61;278.0;1455;0;0;0;1;0;35.44867193;45.44867193;76.76497696;788493.5;61.68505517;20295.0;44.1494382;45.54518727;214.6348315;2836.47369;2542.976107;64.3582904;229.1392918;8.621238532;89.65273032;2.268954252;8.078315431;74.67402649;201.8131256;158.7024231;18.44005778;41.35772749;9.358449687;19.57629721;42.24746699;8.738102548;;;;;;;;;;85.67745151;84.007769;87.1919732;65.1100038;74.0751791;0.0;
85;8519;Casanare;Aguazul;85010;2016;35532;12.60248977;2.949454013;28.24777665;66;278.0;1455;0;0;0;1;0;35.41853609;45.59351365;68.81200397;700108.75;50.89496792;18084.0;51.90047393;50.3728278;254.9115324;1653.969087;1179.729686;99.85395333;374.3854472;4.654871909;71.32719079;6.037232143;22.63557706;74.67402649;201.8131256;158.7024231;18.78220928;41.47994622;11.84181044;18.47285068;44.03846154;11.5780543;;;;;;;;;;65.76178187;63.45668157;68.0149029;50.8796155;63.30783118;0.0;
85;8519;Casanare;Aguazul;85010;2021;39153;15.07845291;5.103057237;26.64163666;71;278.0;1455;0;0;0;1;0;33.91214351;45.84866605;66.90851971;905965.75;53.28838148;20864.0;51.81284332;51.67522812;248.4385376;1991.482725;1383.582371;123.5498408;484.3505137;5.086411579;69.47498731;6.203912254;24.32110043;74.67402649;201.8131256;158.7024231;17.7926319;41.57056843;14.36881314;17.11071337;44.2904628;14.35949885;;;;;;;;;;67.04130615;64.70119926;69.2698649;66.9389856;67.48025189;0.0;
85;8519;Casanare;Chámeza;85015;2011;2392;3.330546265;;46.69732441;52;1100.0;289;0;0;0;1;0;55.26193788;39.22114047;83.48623853;827178.4167;59.15551839;1415.0;42.90243902;43.85365854;211.3658537;16.49032318;2.868598666;1.876502962;11.74522156;0.689394782;17.39564855;11.37941896;71.22493249;50.24390411;171.171051;143.8049622;20.50886662;36.31457209;13.3384734;18.26484018;38.44748858;12.87671233;;;;;;;;;;89.93218956;88.38526116;91.2533139;68.3433634;87.69379279;0.0;
85;8519;Casanare;Chámeza;85015;2016;2533;3.990656665;;42.87406238;57;1100.0;289;0;0;0;1;0;52.08422862;42.11431027;75.28290649;746683.5;55.23095144;1399.0;47.19230769;47.46153846;240.6923077;27.49935691;4.335763273;2.271189485;20.89240415;1.085643778;15.76678061;8.259063994;75.97415539;50.24390411;171.171051;143.8049622;16.29855293;40.36557502;13.86138614;19.01639344;41.31147541;13.1147541;;;;;;;;;;75.54322995;73.71151611;77.5568018;58.447481;;0.0;
85;8519;Casanare;Chámeza;85015;2021;2436;7.094964423;0.082101806;39.77832512;62;1100.0;289;0;0;0;1;0;49.04486895;42.24788983;75.18703242;906463.5833;65.72249589;1601.0;52.25806427;50.22580719;246.5483856;42.87257331;11.84411814;1.936725246;29.09172992;1.759957853;27.62632897;4.517399112;67.85627191;50.24390411;171.171051;143.8049622;15.20882585;39.87391647;17.0212766;17.6520994;40.87403599;16.88089117;;;;;;;;;;77.74968533;75.78886632;79.5507968;77.6310213;78.42267722;0.0;
85;8519;Casanare;Hato Corozal;85125;2011;11383;3.124542446;;59.29895458;52;230.0;5581;0;0;0;1;0;65.86615756;39.68046624;98.18660427;963765.25;77.48396732;8820.0;41.82089552;44.67910448;213.2686567;153.3981061;61.37944909;16.05356706;75.96508998;1.347607012;40.01317268;10.46529678;49.52153054;229.9817352;416.1385498;268.4562683;19.91965182;35.83863408;10.09373954;19.8742836;34.09132927;8.578295434;;;;;;;;;;93.81407035;92.57397913;94.7938232;71.2933726;89.95652997;1.0;HH
85;8519;Casanare;Hato Corozal;85125;2016;12025;3.41995842;0.615384615;58.31185031;57;230.0;5581;0;0;0;1;0;64.77079796;40.03961517;97.19341905;981162.8333;71.42619543;8589.0;47.7109375;47.4921875;240.1953125;195.2965796;76.13896623;16.00077422;103.1568392;1.62408798;38.98632858;8.193064234;52.82060719;229.9817352;416.1385498;268.4562683;19.39278334;35.28850739;11.79462725;19.20125567;34.25183118;10.69061737;;;;;;;;;;82.83820059;80.78804337;84.8284496;64.0915692;80.70473054;0.0;
85;8519;Casanare;Hato Corozal;85125;2021;13141;3.771909799;0.799025949;54.55444791;62;230.0;5581;0;0;0;1;0;61.4920554;40.30079021;92.79819955;1308925.25;72.06453086;9470.0;48.16799927;47.7840004;231.1439972;252.502383;119.7579974;11.21910904;121.5252766;1.921485298;47.42846224;4.443169569;48.12836819;229.9817352;416.1385498;268.4562683;18.25350467;35.73306075;14.64661215;17.71809948;35.32496425;13.34816463;;;;;;;;;;82.03675711;80.41684501;84.1057586;81.91155;84.6054263;0.0;
85;8519;Casanare;La Salina;85136;2011;1343;3.921568627;;59.79151154;231;1525.0;194;0;0;0;1;0;65.28991263;36.53693407;88.98104265;622917.5833;65.89724497;885.0;47.77777778;48.88888889;230.2222222;10.40126919;1.124855019;1.166600945;8.109813224;0.774480208;10.81459386;11.21594802;77.96945812;83.7483139;284.6289063;135.8400879;25.13227513;34.65608466;8.994708995;21.80579216;35.09369676;11.07325383;;;;;;;;;;91.2882422;89.95728879;92.6119295;69.3738865;87.78808422;0.0;
85;8519;Casanare;La Salina;85136;2016;1408;4.580965909;0.142045455;56.17897727;236;1525.0;194;0;0;0;1;0;61.18210863;39.2172524;98.22695035;721688.5417;54.61647727;769.0;50.53333333;48.0;252.7333333;14.03945509;0.515595781;1.160260172;12.36359914;0.99712039;3.672477155;8.264282085;88.06324076;83.7483139;284.6289063;135.8400879;22.38219895;35.47120419;9.031413613;19.8757764;33.07453416;11.95652174;;;;;;;;;;78.76517883;76.87839901;80.6365765;60.9402893;77.17943515;0.0;
85;8519;Casanare;La Salina;85136;2021;1377;6.850641491;0.435729847;50.61728395;241;1525.0;194;0;0;0;1;0;56.96302124;39.02439024;87.19441211;905965.75;57.08061002;786.0;49.48147964;50.51852036;240.9259186;17.35279546;1.584611706;0.801469476;14.96671427;1.260188486;9.131737364;4.618676443;86.24958619;83.7483139;284.6289063;135.8400879;22.05882353;37.70053476;11.22994652;19.07790143;34.81717011;15.42130366;;;;;;;;;;77.32521577;74.97908041;79.1744155;77.2071996;75.71626592;0.0;
85;8519;Casanare;Maní;85139;2011;15492;5.500150615;;35.80557707;58;175.0;3784;0;0;0;1;0;43.1143589;42.51167696;80.6779661;917167.5417;54.02143042;8369.0;45.05847953;46.76608187;217.5906433;787.4694436;663.3036289;25.64722637;98.51858833;5.083071544;84.2323006;3.256917024;12.51078237;130.5466919;221.859848;159.4664459;18.02554028;40.43467583;11.06335953;18.88949374;40.636908;9.921066957;;;;;;;;;;87.52548558;86.07354192;89.0277483;66.5144048;80.63319756;0.0;
85;8519;Casanare;Maní;85139;2016;16679;13.04684533;4.520654716;35.03807183;63;175.0;3784;0;0;0;1;0;43.39687329;42.36834888;75.37414966;685698.3333;50.17686912;8369.0;49.96531792;49.60115607;246.6936416;538.9190144;342.7319686;32.37440487;163.812641;3.231123056;63.59619152;6.007285697;30.39652278;130.5466919;221.859848;159.4664459;17.13502399;41.87799863;12.29152387;17.99369085;41.829653;11.67192429;;;;;;;;;;70.08104252;67.83763313;72.1623926;54.2214094;65.18909872;2.0;LL
85;8519;Casanare;Maní;85139;2021;17481;17.17722098;5.445912705;32.77844517;68;175.0;3784;0;0;0;1;0;41.12307094;42.78303722;73.56649396;905965.75;53.77838796;9401.0;51.09160233;49.1450386;240.6030579;787.803849;545.1737961;28.48353718;214.1465157;4.506629192;69.20171776;3.615562073;27.18272017;130.5466919;221.859848;159.4664459;16.12797195;41.89766626;14.78032212;16.72252813;41.93200862;14.44816854;;;;;;;;;;69.22690858;66.76902313;71.4584615;69.1212523;70.66004117;2.0;LL
85;8519;Casanare;Monterrey;85162;2011;15518;9.258602913;;30.33896121;51;430.0;759;0;0;0;1;0;37.84472422;44.91157074;77.67267711;1084926.667;56.57945612;8780.0;44.12164835;45.00014652;214.8461538;218.0101923;84.79381745;23.52004946;109.6963254;1.40488589;38.89442807;10.78850911;50.31706282;89.98711395;157.2958374;113.0471344;18.95607893;39.73265436;11.39401655;18.64804907;41.47200835;10.2048806;;;;;;;;;;83.49539256;81.5643935;85.0178605;63.4517627;79.0056042;0.0;
85;8519;Casanare;Monterrey;85162;2016;16867;8.371870121;5.86944922;30.52113595;56;430.0;759;0;0;0;1;0;37.78975741;45.34366577;70.58459908;702826.25;53.89814431;9091.0;52.72075472;52.33962264;260.0415094;211.3260797;38.01488591;17.03707673;156.274117;1.25289666;17.9887338;8.061984946;73.94928126;89.98711395;157.2958374;113.0471344;17.78966132;41.67557932;13.238265;18.1495504;42.60530052;12.57690487;;;;;;;;;;71.17748941;68.88350169;73.3990364;55.0697258;65.58127901;0.0;
85;8519;Casanare;Monterrey;85162;2021;18531;11.18441171;7.792347957;28.8489558;61;430.0;759;0;0;0;1;0;36.18337275;45.70371718;69.00899454;905965.75;52.43106146;9716.0;51.73303223;50.25339508;243.0904999;273.13689;56.6834182;13.66572056;202.7877513;1.473945767;20.75275082;5.003249674;74.2439995;89.98711395;157.2958374;113.0471344;16.84061753;41.3568167;16.13394216;16.76845602;42.70866817;15.55769849;;;;;;;;;;68.66179501;66.30575142;70.7719508;68.5570012;70.43470139;0.0;
85;8519;Casanare;Nunchía;85225;2011;8020;3.134871155;;78.50374065;263;387.0;1101;0;0;0;1;0;82.61037457;36.81297464;87.94749403;1046920.833;88.86533666;7127.0;41.52238806;43.0;210.0597015;228.1850542;112.3826299;23.22234149;92.58008274;2.845200177;49.25065332;10.17697744;40.57236924;94.32311249;264.5223083;217.4508667;18.72824321;38.19911812;11.76607101;19.24009701;36.64780383;11.12907572;;;;;;;;;;95.44924886;94.43030431;96.3173895;72.5360155;91.62020019;0.0;
85;8519;Casanare;Nunchía;85225;2016;8556;2.66771856;3.716690042;78.36605891;268;387.0;1101;0;0;0;1;0;83.15154328;36.23810629;78.81906826;1244968.75;69.89247312;5980.0;47.11;47.32;238.08;213.1332726;88.07775811;17.42887764;107.6266369;2.491038717;41.32520325;8.177455082;50.49734167;94.32311249;264.5223083;217.4508667;17.94871795;39.30899609;15.10212951;17.80475468;38.7455741;13.68234699;;;;;;;;;;84.37990912;82.52148637;85.9459594;65.2843827;79.18178442;0.0;
85;8519;Casanare;Nunchía;85225;2021;9449;3.919285991;0.613821568;76.19853953;273;387.0;1101;0;0;0;1;0;81.52622883;36.21437423;75.88560286;1136436.167;66.8853847;6320.0;46.55263138;47.63158035;226.921051;279.561761;123.260059;12.53597949;143.7657226;2.958638597;44.09045734;4.484153857;51.42538881;94.32311249;264.5223083;217.4508667;16.95215594;39.55503052;17.85784603;16.36155606;39.26773455;16.81922197;;;;;;;;;;82.51826109;80.63846366;84.4965199;82.3923191;85.14682737;0.0;
85;8519;Casanare;Orocué;85230;2011;10392;6.339812676;;54.40723634;166;131.0;4789;0;0;0;1;0;61.46496815;41.04985724;94.73767134;1012240.292;72.95034642;7581.0;41.96703297;42.76923077;210.2197802;1767.803474;1697.812069;10.05939515;59.93200975;17.01119587;96.04077003;0.569033566;3.3901964;170.3328552;300.1264648;238.4015503;18.14126394;37.5464684;9.888475836;19.87230646;35.63447725;9.377494014;;;;;;;;;;92.27764438;91.00198043;93.4122028;70.125776;79.57232317;0.0;
85;8519;Casanare;Orocué;85230;2016;11714;7.788401343;3.081782482;56.02697627;171;131.0;4789;0;0;0;1;0;62.06595538;40.91173618;94.67995508;746206.0;68.01263445;7967.0;50.29824561;48.50877193;246.6754386;623.0362113;453.8194279;60.95338022;108.2634032;5.318731529;72.83997618;9.78328051;17.37674331;170.3328552;300.1264648;238.4015503;18.63199735;36.84995031;10.86452468;19.15081043;34.86610289;10.95842142;;;;;;;;;;77.24043205;75.07536755;79.0165176;59.7605991;73.54790511;0.0;
85;8519;Casanare;Orocué;85230;2021;13354;11.79733912;5.983226;54.73266437;176;131.0;4789;0;0;0;1;0;61.16052872;40.92609527;90.38812508;905965.75;61.31496181;8188.0;49.28965378;46.46207047;232.3999939;948.6907728;745.7802589;62.8614902;140.0490236;7.104169333;78.61152236;6.626130664;14.76234698;170.3328552;300.1264648;238.4015503;17.7696793;37.37609329;13.29446064;17.67785648;35.894672;13.52017247;;;;;;;;;;74.30270151;72.04470629;76.3447418;74.1892984;75.19648693;0.0;
85;8519;Casanare;Paz de Ariporo;85250;2011;31940;4.028125652;;29.67752035;37;275.0;12114;0;0;0;1;0;35.60189429;46.03956615;88.9061638;833385.1667;88.69129618;28328.0;43.424689;46.04370813;215.7177033;890.4136807;638.8546308;46.43956423;205.1194856;2.78776982;71.74806999;5.215504348;23.03642566;206.4617157;381.7498474;274.6452332;18.79366267;37.75573852;9.917664671;19.7447825;37.7985919;10.32185064;;;;;;;;;;94.02504596;92.93642732;95.1405554;71.4537021;85.19866933;1.0;HH
85;8519;Casanare;Paz de Ariporo;85250;2016;34790;4.817236754;2.929002587;30.78470825;42;275.0;12114;0;0;0;1;0;37.13588898;44.93336081;83.34160762;711926.0417;79.45961483;27644.0;52.38256659;51.30266344;257.2639225;758.6762088;392.9545237;49.35510854;316.3665765;2.180730695;51.79476029;6.505424577;41.69981514;206.4617157;381.7498474;274.6452332;18.40480372;38.73562567;11.70339319;18.49798681;38.95664352;11.75818405;;;;;;;;;;82.03070462;80.26024463;83.912371;63.466813;75.47698616;0.0;
85;8519;Casanare;Paz de Ariporo;85250;2021;38967;5.389817025;1.955500808;31.84746067;47;275.0;12114;0;0;0;1;0;38.65407674;44.63729017;81.55449169;958437.4583;77.09600431;30042.0;50.64459229;50.00220871;241.0728455;950.2596745;503.2124116;35.79726172;411.2500012;2.438626721;52.95525267;3.767103107;43.27764423;206.4617157;381.7498474;274.6452332;17.33016339;38.79811827;14.4165107;17.12678404;39.11344932;14.73070111;;;;;;;;;;80.86219827;78.94897259;82.6382638;80.7387838;79.58701863;0.0;
85;8519;Casanare;Pore;85263;2011;10762;2.4205538;;43.99739825;212;250.0;786;0;0;0;1;0;51.39101862;42.91347207;94.50114242;926317.1667;66.33525367;7139.0;44.51948052;45.38961039;215.5844156;534.4746837;455.5913667;13.57630682;65.30701014;4.966313731;85.24096288;2.540121588;12.21891553;115.5039825;292.0307312;218.9196167;18.02862837;36.65519116;11.05272694;19.53080298;36.56303643;9.841693687;;;;;;;;;;91.21050521;89.7626157;92.5423063;69.3148108;83.17974683;1.0;HH
85;8519;Casanare;Pore;85263;2016;11563;3.596240883;1.046441235;43.20678025;217;250.0;786;0;0;0;1;0;51.30853994;42.58166076;84.90102389;726905.8333;68.46839056;7917.0;49.5;49.08653846;246.7692308;154.6108546;46.41911381;12.64870605;95.54303475;1.337117138;30.02319205;8.180994848;61.7958131;115.5039825;292.0307312;218.9196167;18.81204779;37.53996298;12.24970554;19.02135231;38.62989324;11.31672598;;;;;;;;;;79.95576317;78.18979577;81.7837563;61.8614395;78.21743288;0.0;
85;8519;Casanare;Pore;85263;2021;12270;5.57932627;1.002444988;40.74979625;222;250.0;786;0;0;0;1;0;49.07441349;42.80608504;82.85237912;936831.8333;69.95110024;8583.0;48.89431;48.64227676;234.3739777;240.5968;98.71127632;25.02883254;116.8566911;1.960854116;41.02767631;10.4028119;48.56951179;115.5039825;292.0307312;218.9196167;17.60216251;37.84385435;14.74002226;17.63919077;39.07373349;14.11135262;;;;;;;;;;78.55460059;76.61783225;80.5183708;78.4347081;81.78074626;0.0;
85;8519;Casanare;Recetor;85279;2011;1732;3.791377983;;84.98845266;213;750.0;179;0;0;0;1;0;89.71590909;35.51136364;93.13632031;1020462.25;72.57505774;1257.0;38.55;40.2;194.2;16.47679344;3.99725834;2.32515538;10.15437972;0.951316018;24.2599287;14.1116983;61.628373;44.08287811;185.4108429;156.7754517;16.30901288;38.09012876;15.87982833;17.0;34.5;16.375;;;;;;;;;;92.59589456;91.24138512;93.7451341;70.3676281;90.70861114;0.0;
85;8519;Casanare;Recetor;85279;2016;1713;4.388013232;0.175131349;81.84471687;218;750.0;179;0;0;0;1;0;86.74698795;35.32311062;69.31034483;1069054.542;54.93286632;941.0;50.05882353;51.70588235;251.8235294;19.31102127;3.052378233;1.685132747;14.57351029;1.127321732;15.806405;8.726274613;75.46732038;44.08287811;185.4108429;156.7754517;16.17021277;39.68085106;18.93617021;18.49935317;40.87968952;16.04139715;;;;;;;;;;80.47988708;78.60651315;82.1950533;62.266952;80.0191329;0.0;
85;8519;Casanare;Recetor;85279;2021;1542;5.44206658;;80.15564202;223;750.0;179;0;0;0;1;0;85.28708134;35.34688995;68.14244466;929892.5833;58.36575875;900.0;48.81818008;48.63636398;234.2727203;23.40915773;3.977027752;1.205671699;18.22645828;1.518103614;16.98919627;5.150427508;77.86037622;44.08287811;185.4108429;156.7754517;15.46635183;39.43329398;22.31404959;17.12230216;40.43165468;20.28776978;;;;;;;;;;79.62184785;77.63315309;81.6385354;79.5003265;;0.0;
85;8519;Casanare;Sabanalarga;85300;2011;3457;8.649117732;;51.1426092;46;450.0;408;0;0;0;1;0;59.68944099;41.95652174;79.94592159;1169454.792;58.11397165;2009.0;42.66061538;44.95907692;209.1076923;39.12711508;6.626739225;4.521957382;27.97841847;1.131822826;16.93643708;11.55709378;71.50646915;85.44705963;139.23526;100.6465454;17.03958692;40.50487665;13.65461847;17.91131855;39.78996499;13.01050175;;;;;;;;;;84.86054825;83.16130577;86.5258512;64.4892036;84.0568177;0.0;
85;8519;Casanare;Sabanalarga;85300;2016;3529;5.490223859;0.651742703;51.00595069;51;450.0;408;0;0;0;1;0;59.21205098;41.83082271;69.97466216;862046.5417;57.77840748;2039.0;50.75362319;49.79710145;253.5942029;56.52666418;5.383886411;4.669418057;46.47335971;1.601775692;9.524507574;8.260558313;82.21493411;85.44705963;139.23526;100.6465454;17.27574751;39.92248062;16.94352159;16.01857226;43.23853743;17.93383633;;;;;;;;;;74.95851248;72.93532654;77.03481;57.9950875;77.59834746;0.0;
85;8519;Casanare;Sabanalarga;85300;2021;3856;6.461791148;1.789419087;49.94813278;56;450.0;408;0;0;0;1;0;58.33333333;41.84895833;68.95615056;911910.5833;52.20435685;2013.0;51.68181992;49.25;241.5909119;55.77013765;7.600065971;2.657547483;45.5125242;1.446320997;13.6274829;4.765180067;81.60733703;85.44705963;139.23526;100.6465454;16.08142494;39.59287532;20.3562341;14.59545214;42.83447911;21.78741407;;;;;;;;;;72.91648703;70.81022768;74.8778324;72.8051996;77.63538065;0.0;
85;8519;Casanare;Sácama;85315;2011;1849;3.226969533;;49.70254191;58;1300.0;291;0;0;0;1;0;54.8125;39.75;87.34939759;877379.7917;72.57977285;1342.0;49.70833333;49.83333333;230.0416667;15.51797268;1.607357182;2.02277835;11.88783714;0.839262989;10.35803591;13.03506838;76.60689571;91.74977112;290.4189453;157.8247375;22.88911495;35.91047813;9.664292981;19.86143187;36.37413395;8.891454965;;;;;;;;;;91.80499443;90.55682417;93.0728808;69.7665889;88.03549789;1.0;HH
85;8519;Casanare;Sácama;85315;2016;2020;4.108910891;0.04950495;50.0990099;63;1300.0;291;0;0;0;1;0;56.51936716;40.91653028;76.86453577;703846.6667;58.21782178;1176.0;51.04347826;50.56521739;251.7391304;19.85186822;2.074021921;1.685725515;16.09212079;0.982765754;10.44748987;8.491520779;81.06098935;91.74977112;290.4189453;157.8247375;21.21504339;39.3442623;12.05400193;19.53204476;38.55544252;10.07121058;;;;;;;;;;78.81253528;76.83497956;80.5227483;60.9769288;78.37191836;0.0;
85;8519;Casanare;Sácama;85315;2021;2253;6.151057849;0.088770528;47.7141589;68;1300.0;291;0;0;0;1;0;54.62829736;41.67865707;74.79564033;905965.75;55.39280959;1248.0;52.33333206;52.77777863;255.0;26.06027188;3.107471406;1.271936164;21.68086431;1.15669205;11.92417109;4.880747866;83.19508104;91.74977112;290.4189453;157.8247375;20.43859649;39.38596491;14.56140351;18.23899371;38.63432165;13.83647799;;;;;;;;;;74.63605602;72.56277286;76.7275401;74.5221441;78.62695512;0.0;
85;8519;Casanare;San Luis de Palenque;85325;2011;7773;6.285646897;;64.58252927;58;175.0;3057;0;0;0;1;0;70.73745495;38.88272803;90.8882402;1133266.667;73.15064968;5686.0;44.5;49.5;227.3684211;633.9658284;565.618666;14.49052089;53.85664144;8.155999336;89.21910941;2.285694313;8.495196276;155.067627;305.7617798;250.9567566;17.97313797;38.11965812;12.28327228;19.54866775;35.53561718;11.09298532;;;;;;;;;;93.1130244;91.89930834;94.2692047;70.7606174;81.82544458;0.0;
85;8519;Casanare;San Luis de Palenque;85325;2016;8196;3.884008459;5.100048804;64.31185944;63;175.0;3057;0;0;0;1;0;71.87942806;38.91536777;88.86046054;1012302.458;68.43582235;5609.0;52.96428571;52.21428571;258.9642857;488.569622;394.3665393;20.72312628;73.47995641;5.961073963;80.71859599;4.241591238;15.03981277;155.067627;305.7617798;250.9567566;15.82278481;38.88888889;14.34599156;17.88804071;37.02290076;13.53689567;;;;;;;;;;79.58786286;77.67184772;81.4047929;61.5767965;76.03100942;0.0;
85;8519;Casanare;San Luis de Palenque;85325;2021;8582;5.577565447;8.308086693;63.15544162;68;175.0;3057;0;0;0;1;0;71.2005717;38.95902811;79.96724891;1062120.167;69.54089956;5968.0;50.59420395;50.04347992;241.4927521;512.1386777;412.8156102;11.77808632;87.54498116;5.967591211;80.60621628;2.299784577;17.09399914;155.067627;305.7617798;250.9567566;15.03164557;40.68716094;16.36528029;16.57046657;38.91293891;15.75276575;;;;;;;;;;81.29783745;79.5134583;83.212801;81.1737581;79.58815792;0.0;
85;8519;Casanare;Támara;85400;2011;6750;5.172839506;;76.32592593;58;1125.0;1136;0;0;0;1;0;80.95761381;38.39874411;103.4604698;1147213.917;77.05185185;5201.0;40.48979592;43.79591837;209.6734694;71.69538543;18.75494149;9.185783649;43.75466029;1.062153858;26.15920311;12.81223833;61.02855857;79.50327301;272.3696594;176.3560638;19.26217967;34.1875528;12.08110391;20.06877149;31.72866521;13.25414192;;;;;;;;;;91.66444466;90.4021654;92.8857112;69.659779;90.10834883;1.0;HH
85;8519;Casanare;Támara;85400;2016;6790;3.07682867;0.147275405;76.22974963;63;1125.0;1136;0;0;0;1;0;81.2897366;37.95034817;94.62940462;1036806.5;73.28424153;4976.0;48.04255319;46.36170213;237.5744681;99.94025553;32.63844912;8.392157636;58.90964878;1.471874161;32.65796044;8.397174484;58.94486507;79.50327301;272.3696594;176.3560638;19.30651872;34.64632455;14.28571429;19.37205651;32.87284144;15.82417582;;;;;;;;;;84.92856891;83.1338251;86.4337302;65.7088785;84.67323436;0.0;
85;8519;Casanare;Támara;85400;2021;6771;6.100772904;0.073844336;75.49844927;68;1125.0;1136;0;0;0;1;0;80.9008742;37.82782634;91.42649552;905965.75;79.05774627;5353.0;47.63636398;45.375;223.9659119;103.7960502;33.72431392;5.179161621;64.89257468;1.532950084;32.49094146;4.989748271;62.51931026;79.50327301;272.3696594;176.3560638;18.33658945;34.69159922;17.2481161;17.69134253;33.62609787;19.04015056;;;;;;;;;;84.05637327;82.28903828;85.8363247;83.9280838;81.85616027;0.0;
85;8519;Casanare;Tauramena;85410;2011;20105;11.76448645;;38.13479234;49;475.0;2391;0;0;0;1;0;46.71928378;41.98963364;82.7052542;1010751.0;49.02760507;9857.0;45.61052805;44.98537954;215.4191419;1116.04851;925.1484251;40.93744265;149.9626426;5.55109928;82.89500111;3.668070184;13.4369287;115.644371;177.5207825;118.5798187;21.8173258;39.00188324;8.097928437;19.25144966;39.60991038;8.139167106;;;;;;;;;;83.54375607;81.85142511;85.1013869;63.4885163;73.16912753;0.0;
85;8519;Casanare;Tauramena;85410;2016;22402;10.25354879;11.82037318;38.1171324;54;475.0;2391;0;0;0;1;0;46.56081972;42.78177945;76.41317609;818451.0833;49.41969467;11071.0;52.71030641;51.08635097;258.4317549;1187.532421;929.175899;32.60071407;225.7558075;5.301010716;78.24425531;2.745248341;19.01049635;115.644371;177.5207825;118.5798187;21.06625259;39.24258109;10.2915804;18.74190564;41.72987974;10.10175763;;;;;;;;;;68.38823867;66.32472633;70.4945411;52.9116942;65.12115579;2.0;LL
85;8519;Casanare;Tauramena;85410;2021;25476;14.04786204;17.2044277;36.72476056;59;475.0;2391;0;0;0;1;0;45.40437182;43.661727;70.32698024;1346273.417;51.134401;13027.0;52.09141159;50.10526276;246.4459839;2415.751032;2074.486286;33.59397647;307.6707691;9.482458124;85.87334783;1.390622462;12.73602971;115.644371;177.5207825;118.5798187;19.39440994;41.30434783;11.96428571;17.37059384;43.81549698;11.94823754;;;;;;;;;;68.72331331;66.91961706;70.8593322;68.6184256;67.05645733;0.0;
85;8519;Casanare;Trinidad;85430;2011;11726;5.630649838;;47.94473819;212;166.0;2991;0;0;0;1;0;55.79717308;42.58179302;93.25529543;1100972.917;62.90295071;7376.0;40.7615894;42.55629139;205.4039735;448.8877097;354.8216323;16.50598944;77.56008799;3.828140114;79.04463068;3.677086514;17.27828281;176.4997406;335.9397888;276.8505859;19.20618903;36.81466532;10.19172553;19.98269896;36.00346021;9.325259516;;;;;;;;;;90.21797506;88.88026559;91.5464826;68.5605441;84.0870364;1.0;HH
85;8519;Casanare;Trinidad;85430;2016;12779;5.16276704;1.705923781;47.80499257;217;166.0;2991;0;0;0;1;0;54.54142274;42.50487848;85.71605858;856412.9167;71.14015181;9091.0;50.47972973;49.57432432;246.75;356.2489755;220.6623683;23.15490737;112.4316998;2.787768804;61.94049205;6.499641813;31.55986614;176.4997406;335.9397888;276.8505859;17.88630411;38.43783701;11.86257896;18.63867684;38.59732824;11.30725191;;;;;;;;;;79.37077752;77.3684548;81.2104849;61.4088385;77.35895195;0.0;
85;8519;Casanare;Trinidad;85430;2021;14382;5.674917721;2.002503129;45.75858712;222;166.0;2991;0;0;0;1;0;52.81438983;42.71204838;82.73294646;919956.2083;68.6691698;9876.0;48.53293228;48.13173676;231.3293457;404.703456;250.8625824;12.47355145;141.3673221;2.813958114;61.98676555;3.082146018;34.93108843;176.4997406;335.9397888;276.8505859;16.93681319;38.70879121;14.3543956;17.44578992;39.05941988;14.03829907;;;;;;;;;;78.80496411;76.67777547;80.7042329;78.6846895;78.77522879;0.0;
85;8519;Casanare;Villanueva;85440;2011;30576;12.84667713;;22.89050235;29;200.0;803;0;0;0;1;0;28.80917307;46.02460485;79.24139663;533883.3333;36.2244898;11076.0;44.90872941;45.08811765;216.2235294;517.2101202;228.757071;101.3665756;187.0864736;1.691555862;44.22904;19.59872239;36.17223761;89.78200531;155.4887695;89.78200531;17.87258762;40.59252566;10.62415284;19.61811311;40.94013127;9.023403832;;;;;;;;;;74.00472404;72.05881445;75.8858725;56.2393929;82.40992126;0.0;
85;8519;Casanare;Villanueva;85440;2016;33711;12.47416768;2.411675714;24.7100353;34;200.0;803;0;0;0;1;0;31.17415885;45.80460563;70.21202033;685696.25;35.59668951;12000.0;53.11286682;52.59593679;263.0654628;726.2652049;305.6410285;113.9222772;306.7018992;2.154386417;42.08394212;15.68604367;42.23001421;89.78200531;155.4887695;89.78200531;18.37321135;41.78981938;11.56462585;19.56299898;43.15985353;10.45080737;;;;;;;;;;60.73133076;58.44999272;63.2285599;46.9875765;77.75192495;2.0;LL
85;8519;Casanare;Villanueva;85440;2021;38274;13.84577868;7.404504363;25.07968856;39;200.0;803;0;0;0;1;0;31.87783345;45.56490098;68.62095532;905965.75;45.22913727;17311.0;52.29894257;50.80687714;245.7513275;2266.461286;1737.801576;104.0058399;424.6538694;5.921673423;76.67466404;4.588908735;18.73642722;89.78200531;155.4887695;89.78200531;17.332025;41.86334762;14.13520632;18.20633494;43.34514304;13.14050024;;;;;;;;;;65.20195883;62.61853618;67.5036606;65.1024455;81.85307286;2.0;LL
86;8666;Putumayo;Mocoa;86001;2011;46891;12.88609044;;29.62615427;53;605.0;1030;0;0;0;0;1;36.68399911;45.93262525;79.33348686;572128.3333;77.60551065;36390.0;46.03577907;45.44713953;220.0616279;425.3137361;139.3258135;38.51914524;247.4687774;0.907026372;32.75836203;9.056642655;58.18499531;68.9536438;452.6595459;252.9491577;19.12495715;38.58844703;11.65152554;18.87072808;41.0825727;11.9634897;;;;;;;;;;84.82122839;83.22086379;86.3129668;64.4593228;80.57093115;3.0;LH
86;8666;Putumayo;Mocoa;86001;2016;53461;17.17716342;1.451525411;31.18535007;58;605.0;1030;0;0;0;0;1;38.7463854;45.43052695;70.78796002;722766.0;69.67134921;37247.0;52.02733485;51.22437358;256.0079727;631.2505492;183.6751267;64.44798695;383.1274355;1.180768316;29.09702446;10.20957321;60.69340233;68.9536438;452.6595459;252.9491577;19.62765354;40.36780565;12.69913346;18.44344159;42.46504402;13.43123474;5241.0;35054.0;1463.0;9783.0;2339.0;15336.0;62.5481;63.79108;;74.2973094;72.37983244;76.1979516;57.4835175;71.1314567;0.0;
86;8666;Putumayo;Mocoa;86001;2021;61796;19.63840702;2.200789695;30.78030941;63;605.0;1030;0;0;0;0;1;38.66585493;45.84971299;62.48861061;905965.75;61.82762638;38207.0;52.2890625;51.36458206;248.8059845;737.0303206;135.3437081;50.72051499;550.9660976;1.192682893;18.36338401;6.881740625;74.75487536;68.9536438;452.6595459;252.9491577;18.72569548;42.97537142;14.17888124;17.40830679;44.40064335;15.73685704;;;;;;;;;;67.69853628;65.58409771;69.9480732;67.5952126;70.45143123;0.0;
86;8666;Putumayo;Colón;86219;2011;4837;4.691268693;;36.4482117;22;2100.0;77;0;0;0;0;1;44.85727232;45.67285908;78.53252163;749051.7083;86.85135415;4201.0;47.90361446;45.46987952;224.5421687;18.14704202;2.674334366;1.763093742;13.70961392;0.375171429;14.73702636;9.715598496;75.54737515;32.81612396;470.3270569;246.6475677;18.64118896;37.66454352;14.47983015;17.68734891;40.85414988;15.79371475;;;;;;;;;;89.58889847;88.1722914;90.8721396;68.0824816;88.97036268;1.0;HH
86;8666;Putumayo;Colón;86219;2016;5217;7.51709156;0.076672417;37.03277746;27;2100.0;77;0;0;0;0;1;44.92512479;45.86106489;76.68838863;767656.625;81.00440866;4226.0;52.76470588;51.83823529;261.4558824;27.95003763;2.47621498;3.866334804;21.60748785;0.535749236;8.859433437;13.83302182;77.30754475;32.81612396;470.3270569;246.6475677;16.99242122;38.85121659;16.07499003;16.67896679;41.51291513;17.30627306;;;;;;;;;;79.73466046;77.73251704;81.5703085;61.6903732;84.42616962;1.0;HH
86;8666;Putumayo;Colón;86219;2021;5631;23.19895815;0.088794175;37.64873024;32;2100.0;77;0;0;0;0;1;45.90408658;46.12800896;70.64195541;905965.75;78.12111525;4399.0;53.10447693;50.22388077;246.7313385;43.06745245;8.561488566;3.484838529;31.02112535;0.764827783;19.8792547;8.091582693;72.0291626;32.81612396;470.3270569;246.6475677;16.047994;40.45744282;17.99775028;15.85695007;42.51012146;19.87179487;;;;;;;;;;71.16417476;69.10156639;73.4665236;71.0555618;83.18516791;0.0;
86;8666;Putumayo;Orito;86320;2011;32839;8.883492189;;46.51785986;33;361.0;2026;0;0;0;0;1;54.5605247;42.01232477;100.0356597;1040963.917;99.7959743;32772.0;43.4629156;44.28132992;213.2557545;581.8920081;372.3336112;49.3161233;160.2422736;1.771954104;63.98672022;8.475133292;27.53814649;38.06254196;518.927063;306.7884827;20.57300859;34.21579009;9.459936463;19.24752225;35.98888959;9.197651663;;;;;;;;;;93.02015522;91.85638915;94.1587499;70.6900421;81.14948076;1.0;HH
86;8666;Putumayo;Orito;86320;2016;36224;7.542421231;1.545936396;47.12897527;38;361.0;2026;0;0;0;0;1;55.42131918;42.92513271;83.25101811;800982.5;83.68484982;30314.0;50.51008065;48.12298387;246.9919355;467.9497765;152.4055932;69.31250735;246.2316759;1.291822484;32.56879282;14.81195437;52.61925281;38.06254196;518.927063;306.7884827;19.88586479;37.26404741;11.5452151;19.03333333;39.63333333;11.35;;;;;;;;;;82.40373127;80.65032074;84.1297709;63.7554221;75.68657342;1.0;HH
86;8666;Putumayo;Orito;86320;2021;39264;9.632445327;3.440810921;46.0854727;43;361.0;2026;0;0;0;0;1;54.685919;43.42439905;75.16565273;1100919.167;82.51833741;32400.0;48.49588394;46.03086472;225.6728363;646.2204047;251.6126916;69.22768777;325.3800254;1.645834364;38.93604872;10.71270533;50.35124595;38.06254196;518.927063;306.7884827;19.14554522;39.30389183;12.89393861;18.30111543;41.39201534;13.14288598;;;;;;;;;;80.08515715;78.14148177;81.8693307;79.9629287;77.40902927;1.0;HH
86;8666;Putumayo;Puerto Asís;86568;2011;56632;7.684406931;;40.02507416;44;253.0;2610;0;0;0;0;1;47.00071729;43.64791475;85.346485;573530.0833;74.3501907;42106.0;44.91924855;45.68745665;218.2254335;792.4722493;512.4352763;43.04341937;236.9935536;1.399336505;64.66286697;5.431536487;29.90559655;124.433876;491.6798401;302.1531372;20.31996676;37.26366092;10.27772006;19.55033509;39.27001513;9.512142394;;;;;;;;;;88.08381094;86.70315512;89.7217769;66.9387005;80.83932943;1.0;HH
86;8666;Putumayo;Puerto Asís;86568;2016;62285;9.166867357;1.358272457;40.00160552;49;253.0;2610;0;0;0;0;1;47.29054332;43.8134819;75.11308916;709606.1667;77.97222445;48565.0;49.50666667;47.07076923;241.6502564;719.8268872;231.7277154;76.05834171;412.0408301;1.155698623;32.19214501;10.56619905;57.24165594;124.433876;491.6798401;302.1531372;20.75310091;38.71776163;11.69939409;19.63461413;40.84259801;11.42318445;;;;;;;;;;80.8732365;78.95707361;82.7278396;62.5712847;74.18777531;0.0;
86;8666;Putumayo;Puerto Asís;86568;2021;69617;11.9886905;3.247769941;39.42858784;54;253.0;2610;0;0;0;0;1;46.96180014;44.19823981;68.01328988;914996.4167;77.83443699;54186.0;49.36336517;47.09609604;232.2927856;1060.4279;416.500652;56.1078868;587.8193608;1.52323125;39.27665918;5.291060979;55.43227984;124.433876;491.6798401;302.1531372;19.9282228;40.73212748;13.11513063;18.84899531;42.5417541;13.22045592;;;;;;;;;;78.07726097;75.77027232;79.9524062;77.958097;75.24991852;0.0;
86;8666;Putumayo;Puerto Caicedo;86569;2011;14567;2.117800508;;65.09233198;19;272.0;846;0;0;0;0;1;71.18444313;39.50353565;88.16035146;760931.4167;79.34372211;11558.0;42.74171717;41.30737374;207.1919192;71.03768243;31.63450181;4.76361846;34.63956216;0.487661718;44.53200151;6.705762768;48.76223572;91.6286087;479.5462952;286.5450745;18.72865774;37.29971106;12.214342;18.92708184;38.84654106;9.966920754;;;;;;;;;;91.58844181;90.24490625;92.7354246;69.6020211;92.42909956;0.0;
86;8666;Putumayo;Puerto Caicedo;86569;2016;15596;2.677502778;0.141061811;62.98409849;24;272.0;846;0;0;0;0;1;69.4264539;39.18675302;78.26732673;727571.4167;63.59322903;9918.0;50.02307692;46.84615385;240.5923077;74.83426794;16.29451261;8.895098101;49.64465723;0.479829879;21.77413244;11.8863969;66.33947066;91.6286087;479.5462952;286.5450745;19.24266799;38.78232892;13.85967083;17.83100466;39.97338656;12.4417831;;;;;;;;;;80.83521396;79.06032336;82.6074131;62.5418669;84.7008841;0.0;
86;8666;Putumayo;Puerto Caicedo;86569;2021;16310;4.623952585;0.447578173;59.69957082;29;272.0;846;0;0;0;0;1;66.66250078;39.29263263;70.60658897;905965.75;68.68792152;11203.0;48.35165024;46.1978035;225.384613;108.6184829;32.054473;7.608920246;68.95508967;0.665962495;29.51106675;7.005180004;63.48375324;91.6286087;479.5462952;286.5450745;18.49710983;40.7573434;15.35920727;17.09434444;41.91242181;14.36231329;;;;;;;;;;80.86148192;78.99604887;82.7900071;80.7380686;83.85675533;0.0;
86;8666;Putumayo;Puerto Guzmán;86571;2011;30091;1.159815227;;86.38795653;19;306.0;4340;0;0;0;0;1;89.86450818;37.84268872;109.8100714;872399.2083;67.65810375;20359.0;44.8028169;46.74647887;219.7183099;98.42135461;27.59158895;9.406041564;61.4237241;0.327079042;28.03414875;9.556911303;62.40893995;131.5250854;450.4459229;261.1456604;18.4393959;32.89660514;11.90783529;19.01075563;33.64389943;9.344385833;;;;;;;;;;88.67202066;87.1222652;90.0264928;67.3857065;92.79461213;1.0;HH
86;8666;Putumayo;Puerto Guzmán;86571;2016;33666;1.580724371;0.032673914;86.87993822;24;306.0;4340;0;0;0;0;1;90.03833787;37.1691813;100.1841621;1131695.667;44.14245827;14861.0;52.91666667;51.30128205;255.3397436;170.7555178;54.09602813;23.32867304;93.33081665;0.507204651;31.68039828;13.66203174;54.65756998;131.5250854;450.4459229;261.1456604;18.14184237;34.80099222;12.26744842;19.91461577;35.13309895;8.638874937;;;;;;;;;;73.2515697;71.36648543;75.2908549;56.674433;82.45482199;0.0;
86;8666;Putumayo;Puerto Guzmán;86571;2021;36900;2.211156278;0.130081301;86.4200542;29;306.0;4340;0;0;0;0;1;89.75231355;36.8916712;90.15841064;1143967.417;40.81300813;15060.0;46.65431976;45.6790123;218.7160492;222.9817293;70.43077501;18.04275101;134.5082032;0.604286529;31.58589506;8.091582693;60.32252225;131.5250854;450.4459229;261.1456604;17.30967609;37.02805859;13.84361461;19.28962997;37.14595706;10.15874829;;;;;;;;;;72.71372494;70.74411384;74.7342097;72.602747;81.74157199;0.0;
86;8666;Putumayo;Puerto Leguízamo;86573;2011;24407;2.021278049;;54.17708035;53;200.0;10483;0;0;0;0;1;59.80109398;41.59622079;114.0183539;851892.5;92.29729176;22527.0;42.06508876;42.76923077;207.3313609;78.73609654;22.79560074;7.507490887;48.43300491;0.322596372;28.9519061;9.535005185;61.51308871;248.5997162;505.265564;339.0641479;18.39570504;32.52013264;10.00315806;17.97121199;34.04309684;9.385912614;;;;;;;;;;93.81243895;92.65499493;94.9282164;71.2921328;92.58318464;0.0;
86;8666;Putumayo;Puerto Leguízamo;86573;2016;27169;2.681364791;0.143545953;54.87872207;58;200.0;10483;0;0;0;0;1;61.18926383;39.52705618;100.8923039;1149218.417;74.51875299;20246.0;47.4057377;44.21721311;229.6762295;127.2574034;27.83145191;17.59233744;81.83361402;0.46839193;21.87020258;13.82421531;64.30558212;248.5997162;505.265564;339.0641479;22.51903114;33.16955017;9.98615917;19.39617894;33.19443352;9.293183426;;;;;;;;;;85.21219715;83.56735982;87.0345534;65.9283205;85.18311794;0.0;
86;8666;Putumayo;Puerto Leguízamo;86573;2021;31159;3.077762444;0.157257935;54.5909689;63;200.0;10483;0;0;0;0;1;61.22285963;39.51056568;90.85276968;1068645.833;59.95057608;18680.0;47.66976929;44.8139534;220.7767487;188.6158693;35.49753014;15.26200904;137.8563301;0.605333513;18.82001248;8.091582693;73.08840483;248.5997162;505.265564;339.0641479;22.10845198;35.06210239;11.36625265;18.64337382;35.37600655;10.96628907;;;;;;;;;;78.66517423;76.78546293;80.564151;78.545113;83.77070517;0.0;
86;8666;Putumayo;Sibundoy;86749;2011;13255;5.778322646;;31.11278763;29;2137.0;64;0;0;0;0;1;38.36456559;47.03577513;82.7742089;687728.1667;83.64390796;11087.0;46.29513889;47.36805556;225.9965278;43.45952988;1.808344137;4.147743064;37.50344268;0.327872726;4.16098412;9.54392069;86.29509519;37.73836517;466.4869385;245.4995422;18.01396431;36.43134213;14.87975175;17.45961821;40.16152717;16.37298091;;;;;;;;;;88.0561058;86.57133227;89.4371108;66.9176461;84.76756496;1.0;HH
86;8666;Putumayo;Sibundoy;86749;2016;14384;10.45837968;0.236373749;32.3971079;34;2137.0;64;0;0;0;0;1;40.0588546;46.50267864;72.94303797;685696.25;75.66045606;10883.0;54.14414414;53.3018018;267.6801802;92.18732323;10.65150664;12.75229254;68.78352406;0.640901858;11.55419885;13.83302182;74.61277933;37.73836517;466.4869385;245.4995422;18.96750072;37.11532931;16.78170837;17.25437416;41.25168237;18.60026918;;;;;;;;;;77.31415329;75.1860496;79.1873688;59.817637;76.53709719;0.0;
86;8666;Putumayo;Sibundoy;86749;2021;16197;7.833240724;0.376612953;34.22856084;39;2137.0;64;0;0;0;0;1;42.3388403;46.60835763;67.32782369;906007.1667;70.10557511;11355.0;53.13618851;50.89883423;249.7626495;117.138879;15.21769863;9.478389263;92.44279114;0.723213429;12.99115952;8.091582693;78.91725779;37.73836517;466.4869385;245.4995422;18.09919501;38.78213451;18.46273695;16.31547969;42.09535021;21.01236021;;;;;;;;;;74.85169617;72.7918843;76.7055532;74.7374552;79.19158535;0.0;
86;8666;Putumayo;San Francisco;86755;2011;5300;3.399371069;;38.66037736;22;2173.0;480;0;0;0;0;1;46.68173413;44.35997534;79.46824225;774046.4583;102.2075472;5417.0;47.77118644;48.44915254;229.5847458;74.21512844;2.651482198;7.210443903;64.35320234;1.400285442;3.572697714;9.715598496;86.71170379;47.53107834;463.8542786;251.3377533;17.83948269;38.15138836;16.43210346;17.37177087;39.16136279;17.07225758;;;;;;;;;;93.73267681;92.68013594;94.8256823;71.2315181;86.84162689;0.0;
86;8666;Putumayo;San Francisco;86755;2016;5503;3.938760676;0.036343812;40.30528802;27;2173.0;480;0;0;0;0;1;49.60614793;44.05379443;78.47559235;719270.875;86.60730511;4766.0;50.82608696;50.36231884;254.3333333;29.2782222;3.039163061;4.050062864;22.18899627;0.532041108;10.38028552;13.83302182;75.78669266;47.53107834;463.8542786;251.3377533;17.48148148;38.2962963;18.40740741;17.2672137;38.56582233;18.90831252;;;;;;;;;;85.20529127;83.60903736;86.8628078;65.9229774;80.93962313;0.0;
86;8666;Putumayo;San Francisco;86755;2021;6028;4.04777704;0.265428003;40.29528865;32;2173.0;480;0;0;0;0;1;49.76958525;44.30790237;73.01587302;906368.4167;79.29661579;4780.0;48.66666794;47.53623199;229.8840637;33.87620523;4.061644348;2.741121159;27.07343972;0.561980843;11.98966744;8.091582693;79.91874987;47.53107834;463.8542786;251.3377533;16.59254191;39.82210058;20.39001026;16.23188406;39.71014493;21.25603865;;;;;;;;;;81.11284594;79.18094965;83.2034626;80.989049;77.55753189;0.0;
86;8666;Putumayo;San Miguel;86757;2011;16422;1.433036983;;73.77907685;17;535.0;361;0;0;0;0;1;79.01613641;38.65551708;93.56951474;878718.5;93.45999269;15348.0;43.51751938;43.62666667;211.248062;108.0044078;53.87227828;5.920433493;48.21169604;0.657681207;49.87970341;5.48165914;44.63863745;65.01499939;540.9640503;343.5075073;19.25240216;37.80173424;8.928989923;20.41075051;36.43509128;7.530425963;;;;;;;;;;94.7550827;93.74767783;95.7470772;72.0084886;92.05082371;0.0;
86;8666;Putumayo;San Miguel;86757;2016;18041;2.327568686;0.07205809;73.93714317;22;535.0;361;0;0;0;0;1;79.34433617;38.91736608;84.10994764;1123650.5;85.20591985;15372.0;47.64583333;44.23333333;232.1291667;153.002728;62.15632356;14.63386495;76.21253947;0.84808341;40.62432375;9.564447078;49.81122917;65.01499939;540.9640503;343.5075073;19.5045094;38.12887102;11.21373465;20.14030324;38.36840914;10.19461417;;;;;;;;;;87.10181113;85.55805074;88.5982481;67.3903069;86.38806464;0.0;
86;8666;Putumayo;San Miguel;86757;2021;20360;3.913310413;0.731827112;72.98133595;27;535.0;361;0;0;0;0;1;78.75495026;38.98386941;75.72059594;915247.9167;81.26719057;16546.0;46.47849274;44.40322495;217.8602142;190.6672093;82.48876618;9.85734515;98.32109797;0.936479417;43.26321578;5.169921554;51.56686267;65.01499939;540.9640503;343.5075073;18.69531402;40.38498931;12.5607622;19.52551122;40.17272186;11.89199921;;;;;;;;;;84.68075302;82.88470614;86.1699543;84.5515106;84.16253584;0.0;
86;8666;Putumayo;Santiago;86760;2011;6440;2.951604555;;50.94720497;22;2125.0;445;0;0;0;0;1;59.12117177;43.39214381;93.98088349;1170521.25;122.7018634;7902.0;43.76923077;43.61538462;212.8571429;25.99607689;1.906538872;2.525674456;21.56386357;0.40366579;7.333948426;9.715598496;82.95045308;43.78119278;474.4532471;263.0749512;17.57441419;35.52881571;15.00949968;16.8190128;36.31931749;18.49482023;;;;;;;;;;96.74657447;95.89114318;97.5233951;73.5219094;90.93609997;0.0;
86;8666;Putumayo;Santiago;86760;2016;6989;2.613630944;0.014308199;52.61124624;27;2125.0;445;0;0;0;0;1;60.81386586;42.63752826;88.2133706;1032812.0;99.31320647;6941.0;50.96385542;48.73493976;249.6987952;52.4308496;12.41845069;7.252770865;32.75962805;0.750191009;23.68538901;13.83302182;62.48158917;43.78119278;474.4532471;263.0749512;18.4556888;36.99912255;14.4486692;16.94677871;38.23529412;17.05882353;;;;;;;;;;88.5814528;86.99734164;90.1804844;68.5350995;85.13700815;0.0;
86;8666;Putumayo;Santiago;86760;2021;7502;3.138052075;0.079978672;52.74593442;32;2125.0;445;0;0;0;0;1;61.06870229;43.00708833;82.38176395;905965.75;92.50866436;6940.0;49.83636475;44.40909195;227.854538;56.40089752;12.23831785;4.563725263;39.5988544;0.751811484;21.69879983;8.091582693;70.20961748;43.78119278;474.4532471;263.0749512;17.74327696;38.61935126;15.9412254;16.09756098;39.17843389;19.46084724;;;;;;;;;;85.80327778;83.98931487;87.3759357;85.6723221;85.67241372;0.0;
86;8666;Putumayo;Valle del Guamuez;86865;2011;31051;3.985378893;;59.04157676;26;720.0;873;0;0;0;0;1;66.24832072;40.82231493;86.72066015;621505.8333;95.27551448;29584.0;44.47202156;45.24668464;216.7735849;142.8112709;44.58020406;10.25207953;87.97898731;0.459924868;31.21616647;7.178760795;61.60507273;48.45941162;538.9933472;334.0126648;19.6732556;38.16798653;9.216187566;19.80817903;39.72958572;8.212335154;;;;;;;;;;93.69046346;92.45210432;94.6953668;71.1994384;88.4382565;0.0;
86;8666;Putumayo;Valle del Guamuez;86865;2016;32658;4.292975687;0.425623125;56.34760243;31;720.0;873;0;0;0;0;1;64.39350887;41.46618678;74.1596348;689507.9167;86.89448221;28378.0;49.32589286;47.45982143;242.0736607;203.8152331;34.38598657;26.0330261;143.3962204;0.624089758;16.87115632;12.77285594;70.35598774;48.45941162;538.9933472;334.0126648;20.87619509;37.89180685;12.32603171;19.86734441;41.91048847;11.48648649;;;;;;;;;;85.54418202;83.80521738;86.9401067;66.1851758;81.65772175;0.0;
86;8666;Putumayo;Valle del Guamuez;86865;2021;34651;6.354073476;1.134166402;54.37649707;36;720.0;873;0;0;0;0;1;62.86693185;41.86579948;66.91015031;908526.0;89.28169461;30937.0;50.33415222;48.40048981;236.4496307;225.5126422;39.18032359;16.88436861;169.44795;0.650811354;17.3738923;7.487105134;75.13900257;48.45941162;538.9933472;334.0126648;20.13744514;39.85331485;13.68676369;19.12892991;43.57657918;13.22757427;;;;;;;;;;84.58821634;82.80486978;86.3744443;84.4591151;79.70022028;0.0;
86;8666;Putumayo;Villagarzón;86885;2011;21197;5.25074303;;44.49214511;34;426.0;1250;0;0;0;0;1;51.92223916;43.87388369;93.93070305;784072.3333;80.85578148;17139.0;45.67487685;47.49753695;223.6748768;1078.744182;1018.621756;6.512460332;53.60996563;5.089136115;94.42662802;0.603707574;4.969664403;59.05269241;478.7374268;277.1373596;19.28652108;35.09036145;11.84111446;19.04851981;37.32147924;10.88621962;;;;;;;;;;90.16744078;88.90376671;91.4606403;68.522141;82.48960758;0.0;
86;8666;Putumayo;Villagarzón;86885;2016;22959;7.091990069;2.06454985;42.61074089;39;426.0;1250;0;0;0;0;1;50.37560542;43.60482356;83.55028775;835416.0833;80.39548761;18458.0;52.23446328;50.63841808;254.9858757;444.959046;329.8443432;16.91987856;98.1948242;1.938059349;74.12914654;3.802569857;22.06828361;59.05269241;478.7374268;277.1373596;20.78360145;36.65455803;11.44265698;19.47881021;38.64174783;11.40651049;;;;;;;;;;82.18077927;80.22448496;83.9055721;63.5829251;75.08187627;0.0;
86;8666;Putumayo;Villagarzón;86885;2021;25798;10.08314598;2.37615319;39.22009458;44;426.0;1250;0;0;0;0;1;47.14421089;44.3185734;75.23758928;1088096.333;77.17264904;19909.0;51.72891617;50.23493958;244.0180664;479.4701365;327.8985003;13.29753915;138.2740971;1.858555456;68.38767951;2.773382144;28.83893835;59.05269241;478.7374268;277.1373596;20.11512134;38.76789048;12.71779714;18.7683511;40.55787359;13.21279555;;;;;;;;;;78.82261409;76.87887135;80.9986851;78.7023125;77.51173187;0.0;
88;8808;Archipiélago de San Andrés;San Andrés;88001;2011;55663;23.08565235;;26.28855793;68;20.0;24;0;1;0;0;0;34.49774757;46.40994231;60.68781047;556083.3333;36.57546305;20359.0;44.66076696;42.4380531;211.119469;730.6593987;7.204857998;39.63001639;683.8245243;1.312648256;0.98607614;5.423870064;93.5900538;720.5480957;1228.105591;769.3540649;19.13097728;43.28232229;12.15457448;17.88202999;45.70282255;13.29626241;;;;;;;;;;80.5160402;78.54480923;82.5362282;61.1876239;77.78564774;;
88;8808;Archipiélago de San Andrés;San Andrés;88001;2016;55283;33.98995472;2.7983286;25.44905305;73;20.0;24;0;1;0;0;0;33.6121523;46.8021306;58.91756401;720861.5417;23.69987157;13102.0;51.60410095;47.89747634;248.20347;1130.259931;13.88140778;59.1419326;1057.236591;2.044498184;1.228160656;5.232595703;93.53924364;720.5480957;1228.105591;769.3540649;17.11634494;43.10948796;15.76358351;15.28348975;45.2915744;17.77566874;;;;;;;;;;48.63738978;45.58126829;52.1906046;37.630545;69.91751164;;
88;8808;Archipiélago de San Andrés;Providencia;88564;2011;6048;15.07523148;;37.03703704;60;5.0;20;0;1;0;0;0;46.53879686;44.62074978;61.40103432;533883.3333;36.49140212;2207.0;44.51162791;40.51162791;211.6976744;65.59433275;4.770322392;2.924045323;57.89996504;1.08456238;7.272461189;4.457771275;88.26976754;720.5415039;1270.850098;757.5233154;19.1360108;42.8957138;12.18359771;17.82820097;45.83468395;13.06320908;;;;;;;;;;84.14616331;82.21160675;86.2167769;63.9463116;78.97390511;;
91;9106;Amazonas;Leticia;91001;2011;41918;10.23009208;;29.01617444;47;82.0;5829;0;0;0;0;1;34.40639482;43.80890174;104.6819359;534250.0;68.2022043;28589.0;42.23756906;41.98710866;206.0055249;285.782335;38.25941315;24.0117047;223.5112171;0.681765196;13.38760604;8.402095499;78.21029846;899.5490112;964.40625;899.5490112;19.85902683;34.12005457;8.376534789;19.24427941;35.48775592;8.380168607;;;;;;;;;;94.49517697;93.30960955;95.6737309;71.810975;78.97140372;1.0;HH
91;9106;Amazonas;Leticia;91001;2016;46301;15.62439256;1.118766333;30.19373232;52;82.0;5829;0;0;0;0;1;35.65975104;44.01106501;102.1137265;689572.0;68.84948489;31878.0;48.27507163;44.33524355;233.5816619;469.1861703;61.03566938;39.39797314;368.7525278;1.013339173;13.00883812;8.397087473;78.59407441;899.5490112;964.40625;899.5490112;19.24944996;34.68803188;9.473203537;17.78318026;36.43976229;9.413830362;5730.0;26345.0;1521.0;7010.0;2595.0;11879.0;58.61272;59.0117;;76.34173804;73.0229111;79.2978545;59.0652833;71.68150841;0.0;
91;9106;Amazonas;Leticia;91001;2021;52226;25.66872822;4.557117145;28.85344464;57;82.0;5829;0;0;0;0;1;34.51354463;45.14249465;90.11877217;905965.75;68.97139356;36021.0;47.61836624;43.54898071;220.9489746;651.1142707;119.536731;36.2859063;495.2916335;1.246724372;18.35879451;5.572893719;76.06831177;899.5490112;964.40625;899.5490112;19.98192022;36.40815097;10.18117443;18.47957316;37.6173229;10.86186081;;;;;;;;;;68.87581954;66.58464827;71.3180367;68.7706991;74.23777579;0.0;
91;9106;Amazonas;El Encanto (ANM);91263;2011;2523;18.99524376;;100.0;58;158.0;11074;0;0;0;0;1;100.0;36.6489832;138.1278539;533883.3333;;;39.42105263;35.10526316;192.4736842;8.202733593;0.0;0.359406578;7.843327015;0.325118256;0.0;4.38154639;95.61845361;605.5559692;723.1595459;625.5649414;20.90103397;29.61595273;7.237813885;19.07613345;28.14371257;8.468776732;;;;;;;;;;;;0.0;0.0;;;
91;9106;Amazonas;El Encanto (ANM);91263;2016;2201;41.44328336;0.636074512;100.0;63;158.0;11074;0;0;0;0;1;100.0;35.49540347;140.8649603;685696.25;;;43.77272727;41.09090909;220.3181818;11.17446345;0.252296044;0.643659475;10.27850793;0.507699384;2.257791123;5.760092898;91.98211598;605.5559692;723.1595459;625.5649414;20.316403;28.80932556;9.575353872;16.2;27.9;11.7;;;;;;;;;;;;0.0;0.0;;;
91;9106;Amazonas;La Chorrera (ANM);91405;2011;2737;0.258799172;;100.0;58;184.0;12461;0;0;0;0;1;100.0;35.93018306;150.2549162;542924.0;;;34.94117647;35.76470588;190.5294118;11.44402191;4.878749031;0.501425129;6.063847746;0.418122832;42.63141989;4.38154639;52.98703372;589.4025269;680.024353;589.4025269;18.40696118;28.64792503;8.032128514;18.02091714;25.18101368;11.66532582;;;;;;;;;;;;0.0;0.0;;;
91;9106;Amazonas;La Chorrera (ANM);91405;2016;2882;1.298288226;0.034698126;100.0;63;184.0;12461;0;0;0;0;1;100.0;36.34031637;175.0;785958.6667;;;43.28571429;38.32142857;207.4285714;9.343854218;0.434267141;0.538214683;8.371372393;0.324214234;4.647623255;5.760092898;89.59228385;589.4025269;680.024353;589.4025269;18.57142857;25.1552795;9.254658385;17.21698113;23.1918239;9.591194969;;;;;;;;;;;;0.0;0.0;;;
91;9106;Amazonas;La Chorrera (ANM);91405;2021;3055;6.232951446;0.687397709;100.0;68;184.0;12461;0;0;0;0;1;100.0;36.12485725;156.7044696;905965.75;0.490998363;15.0;40.13333511;37.59999847;193.5;8.742389502;0.044415789;0.27963768;8.418336033;0.286166596;0.508050905;3.198641286;96.29330781;589.4025269;680.024353;589.4025269;19.57671958;26.69018225;9.817754262;18.75923191;23.4859675;11.22599705;;;;;;;;;;55.77281127;53.20732745;58.2758335;55.687689;71.50661844;;
91;9106;Amazonas;La Pedrera (ANM);91407;2011;3148;0.254129606;;100.0;58;82.0;15385;0;0;0;0;1;100.0;34.59251487;133.0665025;543300.0;;;34.33333333;37.3030303;189.5757576;8.179390406;0.0;0.358383785;7.821006621;0.259828158;0.0;4.38154639;95.61845361;678.7433472;752.4350586;678.7433472;18.61734384;31.17040631;13.28077623;17.07805203;26.41761174;11.87458306;;;;;;;;;;;;0.0;0.0;;;
91;9106;Amazonas;La Pedrera (ANM);91407;2016;3590;1.24187558;0.027855153;100.0;63;82.0;15385;0;0;0;0;1;100.0;35.98820059;118.9516129;689776.6667;;;43.4;40.4;207.6;15.70800607;1.097483158;0.904795742;13.70572717;0.437548916;6.986775748;5.760092898;87.25313135;678.7433472;752.4350586;678.7433472;20.02129925;32.05537806;9.850905218;19.39252336;30.0817757;9.345794393;;;;;;;;;;;;0.0;0.0;;;
91;9106;Amazonas;La Pedrera (ANM);91407;2021;4061;3.38996963;0.295493721;100.0;68;82.0;15385;0;0;0;0;1;100.0;36.10832497;109.2592593;905982.1667;1.600590987;65.0;38.82143021;35.75;186.6785736;17.95426057;1.169564184;0.57531753;16.20937886;0.442114272;6.514131725;3.204351008;90.28151727;678.7433472;752.4350586;678.7433472;21.22216959;32.8754145;10.23211748;20.71794872;29.8974359;10.41025641;;;;;;;;;;57.64413926;55.01762233;59.9163506;57.556161;76.61281178;;
91;9106;Amazonas;La Victoria (ANM);91430;2011;712;0.667134831;;100.0;15;200.0;1443;0;0;0;0;1;100.0;36.88394277;138.9189189;533883.3333;;;;;;2.089481;0.0;0.091551579;1.99792942;0.293466433;0.0;4.38154639;95.61845361;536.8024292;606.6442871;536.8024292;20.91152815;27.3458445;7.774798928;20.05899705;28.61356932;6.784660767;;;;;;;;;;;;0.0;0.0;;;
91;9106;Amazonas;La Victoria (ANM);91430;2016;645;4.76744186;;100.0;20;200.0;1443;0;0;0;0;1;100.0;36.33540373;103.7533512;685696.25;;;54.0;47.0;248.5;2.736684751;0.327931774;0.157635584;2.251117393;0.424292209;11.98281146;5.760092898;82.25709564;536.8024292;606.6442871;536.8024292;18.18181818;36.99059561;10.65830721;14.41717791;35.88957055;11.04294479;;;;;;;;;;;;0.0;0.0;;;
91;9106;Amazonas;La Victoria (ANM);91430;2021;654;10.14271152;1.22324159;100.0;25;200.0;1443;0;0;0;0;1;100.0;36.62790698;97.91666667;830330.9167;0.764525994;5.0;;;;3.131578903;0.009948063;0.100359651;3.021271189;0.478834695;0.317669239;3.204762009;96.47756875;536.8024292;606.6442871;536.8024292;19.43573668;36.36363636;13.1661442;14.92537313;35.52238806;14.02985075;;;;;;;;;;53.3819091;51.03308842;55.9400852;53.300436;68.29087379;;
91;9106;Amazonas;Miriti - Paraná (ANM);91460;2011;1740;0.311302682;;100.0;58;200.0;16564;0;0;0;0;1;100.0;36.11638204;126.1327713;549066.6667;;;32.71428571;34.71428571;181.0;3.405492597;0.0;0.149213238;3.256279359;0.195717965;0.0;4.38154639;95.61845361;567.7102661;635.8023071;567.7102661;25.0;27.35042735;6.517094017;22.88557214;27.73631841;6.467661692;;;;;;;;;;;;0.0;0.0;;;
91;9106;Amazonas;Miriti - Paraná (ANM);91460;2016;1795;1.239554318;;100.0;63;200.0;16564;0;0;0;0;1;100.0;34.37691835;127.9792746;837571.8333;;;39.64285714;34.92857143;186.9285714;4.72872679;0.576320966;0.272379056;3.880026768;0.263438818;12.18765625;5.760092898;82.05225085;567.7102661;635.8023071;567.7102661;23.83838384;27.87878788;9.191919192;18.50931677;28.94409938;10.43478261;;;;;;;;;;;;0.0;0.0;;;
91;9106;Amazonas;Miriti - Paraná (ANM);91460;2021;1857;6.551786035;0.592353258;100.0;68;200.0;16564;0;0;0;0;1;100.0;34.05343945;114.8997135;907815.5;0.592353258;11.0;37.16666794;33.16666794;172.6666718;5.624382236;0.028248322;0.179914306;5.416219607;0.302874649;0.502247559;3.198827862;96.29892458;567.7102661;635.8023071;567.7102661;25.75315841;28.27988338;9.620991254;20.28985507;28.98550725;11.71497585;;;;;;;;;;57.95321642;55.38219715;60.5228858;57.8647664;71.49028095;;
91;9106;Amazonas;Puerto Alegría (ANM);91530;2011;834;0.119904077;;100.0;14;200.0;8394;0;0;0;0;1;100.0;36.1878453;138.7243736;542446.0;;;35.0;23.0;188.0;2.434523832;0.0;0.106669791;2.327854041;0.291909332;0.0;4.38154639;95.61845361;417.757019;605.9758911;474.2641296;17.21854305;30.68432671;6.622516556;19.94750656;31.75853018;4.724409449;;;;;;;;;;;;0.0;0.0;;;
91;9106;Amazonas;Puerto Alegría (ANM);91530;2016;748;1.136363636;;100.0;19;200.0;8394;0;0;0;0;1;100.0;35.58282209;142.8205128;785035.25;0.13368984;1.0;;;;5.039412926;0.794693419;0.290274866;3.954444641;0.673718306;15.76956346;5.760092898;78.47034364;417.757019;605.9758911;474.2641296;13.86861314;29.9270073;9.00243309;16.61721068;33.82789318;9.792284866;;;;;;;;;;50.75839421;47.97747757;53.8493527;39.2715573;;;
91;9106;Amazonas;Puerto Alegría (ANM);91530;2021;758;6.079595427;1.583113456;100.0;24;200.0;8394;0;0;0;0;1;100.0;35.43758967;133.5802469;905965.75;0.527704485;4.0;;;;6.847572065;1.251969882;0.219775157;5.375827026;0.903373623;18.28341301;3.209534046;78.50705294;417.757019;605.9758911;474.2641296;13.73493976;31.56626506;10.84337349;18.07580175;32.36151603;12.82798834;;;;;;;;;;56.62538669;54.31674389;59.05226;56.5389632;72.57452021;;
91;9106;Amazonas;Puerto Arica (ANM);91536;2011;1048;0.133587786;;100.0;14;150.0;13350;0;0;0;0;1;100.0;36.57505285;135.2189781;570434.6;;;;;;3.396054993;0.441139698;0.551080971;2.403834323;0.324051049;12.98976898;16.2270921;70.78313892;672.3530884;741.3245239;672.3530884;18.60036832;30.20257827;8.839779006;19.8019802;28.51485149;8.514851485;;;;;;;;;;;;0.0;0.0;;;
91;9106;Amazonas;Puerto Arica (ANM);91536;2016;1003;0.606513792;;100.0;19;150.0;13350;0;0;0;0;1;100.0;36.7983368;125.7826888;1736109.875;;;;;;3.901293309;0.161691892;0.266370688;3.473230729;0.388962444;4.14457153;6.827753436;89.02767503;672.3530884;741.3245239;672.3530884;13.38432122;33.46080306;12.42829828;16.04166667;33.95833333;12.08333333;;;;;;;;;;;;0.0;0.0;;;
91;9106;Amazonas;Puerto Arica (ANM);91536;2021;1045;2.93460925;1.244019139;100.0;24;150.0;13350;0;0;0;0;1;100.0;37.02651515;115.8075601;905965.75;1.052631579;11.0;;;;5.055418509;0.015660369;0.224253409;4.815504731;0.483772106;0.309773935;4.435901964;95.2543241;672.3530884;741.3245239;672.3530884;14.68401487;34.75836431;13.19702602;16.56804734;34.51676529;13.60946746;;;;;;;;;;56.44651157;54.1447027;58.7962387;56.3603611;74.93439366;;
91;9106;Amazonas;Puerto Nariño;91540;2011;8014;0.563597039;;63.81332668;27;100.0;1475;0;0;0;0;1;68.15010079;40.08373391;124.3003413;571782.3333;79.06164213;6336.0;34.61904762;37.03174603;190.0952381;42.65543821;16.28068845;1.868967813;24.50578194;0.53226152;38.1679081;4.38154639;57.45054551;913.2168579;997.9890137;926.4669189;19.93379049;30.62189643;7.708678175;19.2338177;31.28137384;7.688243065;;;;;;;;;;98.23369007;97.39152764;98.8520456;74.6520329;90.2049879;0.0;
91;9106;Amazonas;Puerto Nariño;91540;2016;9313;1.069293819;0.010737679;63.67443359;32;100.0;1475;0;0;0;0;1;69.04305609;40.07921298;114.84375;764923.2917;62.18189627;5791.0;40.82857143;35.17142857;196.8;84.88195897;42.50827676;4.88927969;37.48440251;0.911435187;50.07928337;5.760092898;44.16062373;913.2168579;997.9890137;926.4669189;20.8875129;31.45510836;9.267285862;19.31512981;31.44583706;8.549686661;;;;;;;;;;79.96525552;76.98694445;82.7267705;61.8687837;81.95463875;0.0;
91;9106;Amazonas;Puerto Nariño;91540;2021;10418;3.310776221;0.134382799;62.25763102;37;100.0;1475;0;0;0;0;1;68.69263488;40.25072756;112.400609;905982.1667;60.33787675;6286.0;39.95454407;34.56818008;188.0909119;100.6202645;47.26520118;3.229900756;50.1251626;0.965830913;46.97383912;3.209990324;49.81617056;913.2168579;997.9890137;926.4669189;21.50259067;31.19911177;10.0296077;20.98125249;30.11567611;9.134423614;;;;;;;;;;78.08434351;76.22266289;80.1326379;77.9651687;82.52070781;0.0;
91;9106;Amazonas;Puerto Santander (ANM);91669;2011;1494;0.189647479;;100.0;58;200.0;14915;0;0;0;0;1;100.0;35.15456506;111.7715618;579928.6667;;;39.77777778;37.11111111;193.8888889;5.370963019;0.0;0.314170545;5.056792474;0.35950221;0.0;5.849426703;94.1505733;621.6696167;694.5262451;621.6696167;16.48079306;33.33333333;12.26765799;22.56186317;29.98544396;5.822416303;;;;;;;;;;;;0.0;0.0;;;
91;9106;Amazonas;Puerto Santander (ANM);91669;2016;1669;0.594168165;0.059916117;100.0;63;200.0;14915;0;0;0;0;1;100.0;36.4498645;145.4653938;1218991.042;;;;;;9.278946184;0.532500952;0.543443134;8.203002097;0.555958429;5.738808499;5.85673333;88.40445817;621.6696167;694.5262451;621.6696167;15.27149321;31.10859729;11.76470588;17.70700637;25.98726115;10.31847134;;;;;;;;;;;;0.0;0.0;;;
91;9106;Amazonas;Puerto Santander (ANM);91669;2021;1864;1.743562232;0.482832618;100.0;68;200.0;14915;0;0;0;0;1;100.0;36.73702225;131.013306;1437722.875;0.858369099;16.0;42.21052551;36.63158035;191.421051;10.11910837;0.026637542;0.334814109;9.757656715;0.542870621;0.263240008;3.308731336;96.42802866;621.6696167;694.5262451;621.6696167;16.56378601;32.9218107;12.1399177;18.49775785;26.34529148;12.33183857;;;;;;;;;;57.44421752;54.81626509;60.0940079;57.3565443;77.54360917;;
91;9106;Amazonas;Tarapacá (ANM);91798;2011;3193;0.091345652;;100.0;58;100.0;8775;0;0;0;0;1;100.0;36.07207207;133.3333333;549836.5;;;39.09090909;36.27272727;196.4545455;8.361011243;0.0;0.523503879;7.837507364;0.261854408;0.0;6.261250747;93.73874925;871.4354248;937.1990356;871.4354248;19.1011236;30.51448847;6.741573034;20.10652463;29.76031957;4.793608522;;;;;;;;;;;;0.0;0.0;;;
91;9106;Amazonas;Tarapacá (ANM);91798;2016;3643;5.000457498;;100.0;63;100.0;8775;0;0;0;0;1;100.0;36.25730994;138.8535032;696000.4167;;;42.85714286;40.5;214.5;15.16862645;2.250806023;0.89059011;12.02723031;0.416377339;14.83856189;5.871264043;79.29017407;871.4354248;937.1990356;871.4354248;18.51274051;29.58918357;9.256370255;18.25581395;28.48837209;9.534883721;;;;;;;;;;;;0.0;0.0;;;
94;9435;Guainía;Inírida;94001;2011;24960;6.503739316;;35.75721154;23;94.0;16165;0;0;0;0;1;35.99374895;44.1145281;129.8812813;811605.5833;76.35817308;19059.0;47.32855072;48.23847826;227.8623188;157.8781246;38.86684703;26.094649;92.91662852;0.632524537;24.6182599;16.52835;58.8533901;552.7490845;642.2244873;561.5327148;16.49048626;32.14285714;9.136212625;17.44622738;33.54387163;7.459883919;;;;;;;;;;91.28285194;89.73995721;92.6513282;69.3697902;83.3969031;1.0;HH
94;9435;Guainía;Inírida;94001;2016;29287;12.08442881;0.76484447;35.66087343;28;94.0;16165;0;0;0;0;1;37.24362404;44.19029784;111.6688552;729762.25;75.46010175;22100.0;53.0137931;52.51034483;264.7586207;248.2356691;45.67058687;44.5565272;158.008555;0.84759678;18.39807592;17.94928479;63.65263928;552.7490845;642.2244873;561.5327148;20.15589477;31.8480026;10.00324781;19.45724158;33.73164411;8.479700547;4889.0;12818.0;1239.0;3214.0;1985.0;4977.0;62.41814;64.57706;;78.40394465;76.02474788;80.6859136;60.660804;73.70723705;0.0;
94;9435;Guainía;Inírida;94001;2021;35041;29.00887532;0.950315345;33.43226506;33;94.0;16165;0;0;0;0;1;35.45209751;45.23100907;91.66820788;905965.75;81.82700265;28673.0;47.92718506;45.44174576;226.9174805;310.2200636;65.86283398;46.2530662;198.1041634;0.885305966;21.23100396;14.90975976;63.85923628;552.7490845;642.2244873;561.5327148;22.01299783;34.07765372;10.50935955;21.21727902;35.2212701;9.549242869;;;;;;;;;;70.72083012;68.62002683;72.8827539;70.6128938;76.76762651;0.0;
94;9435;Guainía;Barrancominas (ANM);94343;2011;5990;2.303839733;;100.0;23;119.0;10290;0;0;0;0;1;100.0;39.41072778;252.2123894;808526.6667;;;40.14814815;39.11111111;201.9259259;10.25817478;0.0;1.616843278;8.641331499;0.171255005;0.0;15.76151034;84.23848966;472.8276672;553.9125977;472.8588867;19.29878995;17.25100838;4.623022029;16.19082038;18.53993495;4.26454644;;;;;;;;;;;;0.0;0.0;;;
94;9435;Guainía;Barrancominas (ANM);94343;2016;7385;3.071541413;0.013540961;100.0;28;119.0;10290;0;0;0;0;1;100.0;39.00584795;224.3632708;892147.5833;;;44.35714286;42.01785714;219.75;27.93917415;11.52273336;4.771986856;11.64445393;0.378323279;41.24221175;17.07991378;41.67787447;472.8276672;553.9125977;472.8588867;21.91154042;17.86985257;4.245043213;18.31353231;18.40046363;3.767024051;;;;;;;;;;;;0.0;0.0;;;
94;9435;Guainía;Barrancominas*;94343;2021;10289;11.10652153;0.145786763;89.01739722;33;119.0;10290;0;0;0;0;1;89.99365079;38.84444444;164.0242669;905965.75;66.78005637;6871.0;38.8282814;40.13131332;191.9797974;68.94702648;15.24291454;8.988718935;44.715393;0.670104252;22.10815364;13.03713792;64.85470844;472.8276672;553.9125977;472.8588867;26.47005279;20.44420171;5.188421628;23.04003336;19.99582986;4.46205171;;;;;;;;;;75.54492898;73.31634991;77.6109228;75.4296299;78.99566395;;
94;9435;Guainía;Mapiripana (ANM);94663;2016;1051;0.317158262;;100.0;17;;4501;0;0;0;0;1;100.0;37.48290014;211.0609481;710134.9167;;;43.1;40.6;222.1;6.969108783;0.669221173;1.190317772;5.109569838;0.663093129;9.602679398;17.07991378;73.31740682;375.7543945;459.3490295;375.7543945;22.16404887;17.97556719;5.235602094;19.0376569;18.82845188;3.347280335;;;;;;;;;;;;0.0;0.0;;;
94;9435;Guainía;San Felipe (ANM);94883;2011;1292;0.170278638;;100.0;23;88.0;3063;0;0;0;0;1;100.0;38.4375;193.6619718;500392.5;;;;;;5.312829799;0.0;0.837382218;4.475447581;0.411209737;0.0;15.76151034;84.23848966;714.7385254;797.7637329;714.7385254;16.32352941;24.41176471;6.176470588;17.32026144;25.65359477;1.470588235;;;;;;;;;;;;0.0;0.0;;;
94;9435;Guainía;San Felipe (ANM);94883;2016;1538;0.270914608;0.065019506;100.0;28;88.0;3063;0;0;0;0;1;100.0;37.97264682;167.9890561;1739811.792;;;41.0;35.0;194.375;6.744142576;1.514318928;1.151893737;4.077929911;0.438500818;22.45383918;17.07991378;60.46624704;714.7385254;797.7637329;714.7385254;20.19704433;24.26108374;6.157635468;19.4214876;24.51790634;5.64738292;;;;;;;;;;;;0.0;0.0;;;
94;9435;Guainía;San Felipe (ANM);94883;2021;1860;4.323476703;0.161290323;100.0;33;88.0;3063;0;0;0;0;1;100.0;37.74038462;135.4443309;905965.75;56.61290323;1053.0;44.5;39.5;197.5;7.715086933;0.054797167;1.005826524;6.654463242;0.41478962;0.710259874;13.03713792;86.2526022;714.7385254;797.7637329;714.7385254;20.04175365;28.60125261;7.306889353;19.84478936;28.27050998;7.317073171;;;;;;;;;;75.18962363;73.13823074;77.2406719;75.0748669;81.67548342;;
94;9435;Guainía;Puerto Colombia (ANM);94884;2011;1512;0.236992945;;100.0;23;96.0;15922;0;0;0;0;1;100.0;37.98521257;210.5015674;533916.6667;0.066137566;1.0;;;;9.337424883;0.0;1.471719188;7.865705695;0.617554556;0.0;15.76151034;84.23848966;608.1539307;691.1389771;608.1539307;14.83312732;22.74412855;6.30407911;15.64722617;24.32432432;4.978662873;;;;;;;;;;75.23052831;72.58034;77.6671598;57.1709347;81.3577091;;
94;9435;Guainía;Puerto Colombia (ANM);94884;2016;1745;0.29608405;0.171919771;100.0;28;96.0;15922;0;0;0;0;1;100.0;37.78100073;181.495564;715092.0417;;;;;;10.44759489;0.007268731;1.784440199;8.655885957;0.598716039;0.069573244;17.07991378;82.85051297;608.1539307;691.1389771;608.1539307;20.45454545;23.16017316;7.142857143;17.29598051;22.7771011;7.30816078;;;;;;;;;;;;0.0;0.0;;;
94;9435;Guainía;Puerto Colombia (ANM);94884;2021;2043;5.816609561;0.146842878;100.0;33;96.0;15922;0;0;0;0;1;100.0;36.67781494;141.165234;905965.75;66.86245717;1366.0;37.25;33.75;174.0;15.11662706;0.00754856;1.970775519;13.13830298;0.739923008;0.049935475;13.03713792;86.9129266;608.1539307;691.1389771;608.1539307;22.29477612;26.95895522;8.395522388;18.74356334;25.95262616;8.650875386;;;;;;;;;;79.08030614;77.37373119;80.888898;78.9596113;80.04125713;;
94;9435;Guainía;La Guadalupe (ANM);94885;2011;240;0.416666667;;100.0;23;80.0;1167;0;0;0;0;1;100.0;41.42011834;222.4489796;357066.6667;;;;;;0.516267505;0.0;0.081371556;0.434895949;0.21511146;0.0;15.76151034;84.23848966;779.8355103;863.3900146;779.8355103;15.0;23.33333333;0.833333333;16.66666667;25.0;1.666666667;;;;;;;;;;;;0.0;0.0;;;
94;9435;Guainía;La Guadalupe (ANM);94885;2016;262;1.844783715;;100.0;28;80.0;1167;0;0;0;0;1;100.0;41.4893617;228.5714286;685696.25;;;;;;0.867509225;0.0;0.148169828;0.719339397;0.331110391;0.0;17.07991378;82.92008622;779.8355103;863.3900146;779.8355103;15.32846715;22.62773723;4.379562044;17.6;21.6;2.4;;;;;;;;;;;;0.0;0.0;;;
94;9435;Guainía;La Guadalupe (ANM);94885;2021;311;19.64094319;0.321543408;100.0;33;80.0;1167;0;0;0;0;1;100.0;40.78431373;190.4411765;905965.75;54.34083601;169.0;;;;1.339452945;0.00754856;0.174626328;1.157278057;0.430692265;0.563555409;13.03713792;86.39930667;779.8355103;863.3900146;779.8355103;15.18987342;27.21518987;6.962025316;16.33986928;24.83660131;6.535947712;;;;;;;;;;64.22758144;61.68898079;66.7532589;64.1295553;74.7316643;;
94;9435;Guainía;Cacahual (ANM);94886;2016;814;1.074938575;0.122850123;100.0;28;100.0;2344;0;0;0;0;1;100.0;39.86599665;208.2111437;808559.5833;;;;;;10.15375815;3.293168957;1.734253137;5.126336053;1.247390436;32.43300569;17.07991378;50.48708053;640.2615967;741.251709;661.5299683;19.33174224;21.95704057;4.534606205;14.6835443;22.02531646;5.569620253;;;;;;;;;;;;0.0;0.0;;;
94;9435;Guainía;Cacahual (ANM);94886;2021;932;27.5751073;;100.0;33;100.0;2344;0;0;0;0;1;100.0;38.36150845;163.6568849;905965.75;48.39055794;451.0;;;;8.932701223;0.058454357;1.164568579;7.709678287;0.958444337;0.654386125;13.03713792;86.30847595;640.2615967;741.251709;661.5299683;19.24686192;27.40585774;6.485355649;15.4185022;26.21145374;6.828193833;;;;;;;;;;60.66865196;58.2621436;62.9848372;60.5760576;;;
94;9435;Guainía;Pana Pana (ANM);94887;2011;1546;0.064683053;;100.0;23;200.0;10285;0;0;0;0;1;100.0;39.12248629;226.08;535600.0;;;;;;4.53627456;0.0;0.714985384;3.821289176;0.293420088;0.0;15.76151034;84.23848966;526.3602295;610.0206909;526.3602295;15.11056511;21.99017199;4.545454545;16.66666667;22.54098361;5.464480874;;;;;;;;;;;;0.0;0.0;;;
94;9435;Guainía;Pana Pana (ANM);94887;2016;1778;0.071581961;;100.0;28;200.0;10285;0;0;0;0;1;100.0;37.67806268;178.5888078;685359.0909;;;;;;7.303724591;0.0;1.247469863;6.056254728;0.41078316;0.0;17.07991378;82.92008622;526.3602295;610.0206909;526.3602295;19.91657977;23.25338895;5.630865485;18.8034188;24.54212454;6.349206349;;;;;;;;;;;;0.0;0.0;;;
94;9435;Guainía;Pana Pana (ANM);94887;2021;2152;4.27122057;;100.0;33;200.0;10285;0;0;0;0;1;100.0;37.34551316;145.3309157;905965.75;43.30855019;932.0;36.125;34.5;178.125;10.59681387;0.0;1.381521239;9.215292629;0.492417001;0.0;13.03713792;86.96286208;526.3602295;610.0206909;526.3602295;21.37870855;26.52705061;5.759162304;20.47713718;26.8389662;7.45526839;;;;;;;;;;70.7777187;68.52526744;72.8919897;70.6696955;;;
94;9435;Guainía;Morichal (ANM);94888;2011;749;0.183578104;;100.0;23;151.0;8501;0;0;0;0;1;100.0;37.15277778;185.4599407;533200.0;;;;;;1.686245291;0.0;0.265777726;1.420467565;0.225132883;0.0;15.76151034;84.23848966;442.7721863;526.4296265;442.7721863;17.70573566;26.18453865;5.236907731;18.10344828;22.4137931;6.896551724;;;;;;;;;;;;0.0;0.0;;;
94;9435;Guainía;Morichal (ANM);94888;2016;862;0.280355762;;100.0;28;151.0;8501;0;0;0;0;1;100.0;37.5;174.120603;685715.0;;;;;;2.865918857;0.0;0.48949647;2.376422387;0.332473185;0.0;17.07991378;82.92008622;442.7721863;526.4296265;442.7721863;21.83406114;24.67248908;6.113537118;19.30693069;20.2970297;4.702970297;;;;;;;;;;;;0.0;0.0;;;
94;9435;Guainía;Morichal (ANM);94888;2021;955;31.07329843;;100.0;33;151.0;8501;0;0;0;0;1;100.0;37.62135922;142.9752066;905965.75;61.46596859;587.0;41.70000076;41.59999847;204.3000031;4.482766411;0.060388476;0.58442444;3.837953495;0.469399624;1.347125205;13.03713792;85.61573687;442.7721863;526.4296265;442.7721863;23.83838384;27.47474747;6.666666667;20.65217391;23.04347826;5.652173913;;;;;;;;;;64.94993781;62.38575276;67.5164989;64.8508092;;;
95;9538;Guaviare;San José del Guaviare;95001;2011;48211;7.471496823;;32.72904524;35;189.0;13912;0;0;0;0;1;35.30325345;43.33645736;96.83496866;565283.3333;82.82342204;39930.0;43.34681881;42.26302905;210.1175657;298.8467473;32.27954994;44.93241222;221.6347851;0.619872534;10.80137235;15.03526896;74.16335869;251.8308868;331.1922913;251.8308868;18.66419151;36.58970492;9.622152609;18.10414244;38.11845755;7.743580567;;;;;;;;;;88.83276382;87.31055653;90.3140728;67.5078622;82.6823941;1.0;HH
95;9538;Guaviare;San José del Guaviare;95001;2016;50608;12.70698309;0.600695542;31.60962694;40;189.0;13912;0;0;0;0;1;34.131384;44.29426483;88.07498425;694055.8333;69.4178786;35131.0;49.17208672;47.32791328;240.7493225;462.0031999;77.19472981;65.36978611;319.438684;0.912905469;16.70870025;14.14920635;69.1420934;251.8308868;331.1922913;251.8308868;20.21810498;36.13825893;11.25995245;18.48425768;38.31667151;10.03028166;4712.0;46630.0;1671.0;15293.0;2551.0;22207.0;65.50372;68.86567;;77.2366329;75.12401306;79.2707891;59.7576598;72.62281867;0.0;
95;9538;Guaviare;San José del Guaviare;95001;2021;57717;20.40978683;1.023961744;30.50054577;45;189.0;13912;0;0;0;0;1;33.71665802;45.48209652;79.72751897;905965.75;70.43158861;40651.0;50.19425583;48.26812744;235.4213409;603.8553266;93.01685838;51.72204189;459.1164263;1.046234778;15.40383173;8.565303577;76.0308647;251.8308868;331.1922913;251.8308868;20.26419719;37.53574833;12.3893504;18.9310284;38.95219615;12.18909861;;;;;;;;;;71.12904204;68.9429263;73.4849736;71.0204827;75.42283557;0.0;
95;9538;Guaviare;Calamar;95015;2011;8124;2.026916133;;54.12358444;19;233.0;16200;0;0;0;0;1;57.3200242;36.8723533;92.23127359;985037.25;94.36238306;7666.0;43.34615385;44.59615385;210.3269231;51.09294204;18.39341402;5.626724648;27.07280337;0.628913614;35.9999117;11.01272392;52.98736438;284.0498962;342.2895508;284.0498962;15.47669944;41.00042753;11.6502779;14.16134649;40.04643064;8.966918166;;;;;;;;;;96.10135786;95.16179363;96.9299088;73.0315814;91.04635579;1.0;HH
95;9538;Guaviare;Calamar;95015;2016;8976;3.552064765;0.02228164;54.17780749;24;233.0;16200;0;0;0;0;1;60.38969531;36.3541258;87.07338638;718252.9167;61.90953654;5557.0;50.05172414;48.93103448;240.5;57.86332311;21.70294189;6.656153892;29.50422734;0.644644865;37.50725109;11.50323475;50.98951416;284.0498962;342.2895508;284.0498962;18.95615056;37.03919286;14.41598758;17.68707483;37.15332287;9.392987964;;;;;;;;;;84.52448248;82.53123549;86.3811265;65.3962385;84.72314772;0.0;
95;9538;Guaviare;Calamar;95015;2021;10614;23.39598643;0.103636706;53.82513661;29;233.0;16200;0;0;0;0;1;60.66901033;37.47736231;79.54876274;905965.75;60.26003392;6396.0;47.94444275;47.98147964;232.6296234;100.3621878;40.18558507;5.901909932;54.27469275;0.945564234;40.04056306;5.880611078;54.07882587;284.0498962;342.2895508;284.0498962;19.98647278;37.19986473;15.20121745;18.31914894;38.0;10.85106383;;;;;;;;;;72.35933905;70.00091734;74.3887514;72.2489019;82.58671873;0.0;
95;9538;Guaviare;El Retorno;95025;2011;11189;2.664819615;;74.42130664;19;200.0;10434;0;0;0;0;1;75.37059405;38.73943121;121.9457014;975155.6667;110.7426937;12391.0;40.73015873;42.76190476;202.8809524;73.28194317;22.65487987;8.150991673;42.47607163;0.654946315;30.91468224;11.12278321;57.96253455;318.1785278;398.4610291;318.1785278;15.5624795;32.91243031;11.59396523;14.90866235;34.39402868;7.837360047;;;;;;;;;;96.56200796;95.64789074;97.4126167;73.3816493;91.66868611;0.0;
95;9538;Guaviare;El Retorno;95025;2016;12748;3.969903776;0.039221839;74.9764669;24;200.0;10434;0;0;0;0;1;78.42876165;37.50554816;102.7170311;792613.6667;79.76153122;10168.0;50.46666667;49.41333333;241.92;124.3325378;47.1393602;14.39673054;62.79644704;0.975310149;37.91393713;11.57921393;50.50684894;318.1785278;398.4610291;318.1785278;17.84690367;34.51834862;12.97305046;17.32501733;35.34303534;9.771309771;;;;;;;;;;85.72431832;83.95866514;87.4053731;66.3245465;85.18593057;0.0;
95;9538;Guaviare;El Retorno;95025;2021;15913;3.616016255;0.081694212;73.5562119;29;200.0;10434;0;0;0;0;1;77.43148845;37.62761956;91.23685017;948177.5;65.9712185;10498.0;47.0283699;46.87943268;222.0709229;149.4256117;61.58634177;8.92612042;78.91314952;0.939015973;41.21538541;5.973621468;52.81099312;318.1785278;398.4610291;318.1785278;18.12653491;35.58648111;15.34323471;18.37815811;34.88182559;12.27927194;;;;;;;;;;81.2309327;79.45973577;83.2059655;81.1069555;84.15717619;0.0;
95;9538;Guaviare;Miraflores;95200;2011;6128;1.773281114;;69.74543081;19;200.0;12914;0;0;0;0;1;73.01750772;31.96704428;110.6640405;1000336.25;97.68276762;5986.0;45.06346154;43.49423077;212.6538462;43.96786917;8.991144089;4.828399227;30.14832585;0.717491338;20.44935144;10.98165392;68.56899464;345.5794678;415.3985901;345.5794678;15.38869727;39.08198461;10.74555585;15.51504875;33.91267486;5.892327257;;;;;;;;;;98.18786538;97.46885184;98.7513205;74.6172088;86.74735036;1.0;HH
95;9538;Guaviare;Miraflores;95200;2016;6464;2.366955446;0.015470297;71.24071782;24;200.0;12914;0;0;0;0;1;72.4704579;32.18242245;103.222426;971941.9167;65.77970297;4252.0;49.375;47.8125;248.03125;49.90047638;11.62148314;5.720445993;32.55854725;0.771975192;23.28932303;11.46371019;65.24696678;345.5794678;415.3985901;345.5794678;17.66497462;35.25380711;15.7106599;16.32329635;31.93343899;8.874801902;;;;;;;;;;89.27950633;87.52525854;90.8104511;69.0751805;78.0410909;0.0;
95;9538;Guaviare;Miraflores;95200;2021;7473;2.931665105;0.468352737;73.23698648;29;200.0;12914;0;0;0;0;1;74.65298733;31.65359083;92.85714286;908526.0;48.86926268;3652.0;46.55555725;45.70370483;219.5925903;55.70174165;18.36308519;3.272713378;34.06594308;0.745373232;32.96680614;5.875423785;61.15777007;345.5794678;415.3985901;345.5794678;19.48853616;34.70017637;18.07760141;16.95607763;31.08614232;11.06571331;;;;;;;;;;81.4597662;79.50056949;83.3684485;81.3354397;74.43529177;0.0;
97;9796;Vaupés;Mitú;97001;2011;24035;5.486790098;;67.08133971;37;182.0;16455;0;0;0;0;1;66.86998195;40.49293583;191.2912062;874701.4167;66.22425629;15917.0;40.77643216;41.30763819;207.0603015;108.9804106;4.034291113;11.78480481;93.16131472;0.453423801;3.7018498;10.81369096;85.48445925;491.1281738;570.248291;491.1281738;14.84613578;25.97290737;7.517030773;14.39098011;23.99680398;8.567116477;;;;;;;;;;89.94385368;88.21774746;91.5907608;68.3522274;87.16500562;0.0;
97;9796;Vaupés;Mitú;97001;2016;28325;6.759340983;0.416593116;67.12091792;42;182.0;16455;0;0;0;0;1;67.83394383;41.02564103;168.8184957;936460.6667;63.76699029;18062.0;45.13745704;41.06185567;219.9484536;180.5651858;9.29614058;21.71136154;149.5576837;0.637476384;5.14835711;12.02411276;82.82753013;491.1281738;570.248291;491.1281738;19.04984945;25.46671127;7.68819003;16.93572496;23.55754858;8.370702541;7412.0;15850.0;1576.0;3048.0;2907.0;5425.0;54.21397;56.18433;;73.7758098;71.2506575;76.0841628;57.0800354;76.39395578;0.0;
97;9796;Vaupés;Mitú;97001;2021;32301;10.15345242;0.396272561;68.64493359;47;182.0;16455;0;0;0;0;1;70.5908988;40.83842729;127.9116581;905965.75;61.12194669;19743.0;45.94377518;42.15662766;213.3694763;257.0363552;13.41594318;26.22555281;217.3948592;0.795753553;5.219473008;10.20305193;84.57747506;491.1281738;570.248291;491.1281738;23.95085178;26.78815219;8.517837004;22.33725896;24.77675683;9.16267633;;;;;;;;;;73.84667118;71.68255406;75.8969261;73.7339641;76.77438844;0.0;
97;9796;Vaupés;Carurú;97161;2011;2406;6.729703519;;55.36159601;18;200.0;6981;0;0;0;0;1;58.3912037;40.45138889;150.4983389;681323.1667;102.4937656;2466.0;42.04761905;36.80952381;198.6666667;14.29465117;2.383828928;1.598688105;10.31213414;0.594125152;16.67637006;11.18382034;72.1398096;413.2250061;487.1911011;413.2250061;15.64202335;31.51750973;7.003891051;15.16503122;28.81355932;8.831400535;;;;;;;;;;95.63423823;94.59330938;96.6071564;72.676597;84.56184892;0.0;
97;9796;Vaupés;Carurú;97161;2016;2768;3.555515414;0.036127168;53.35982659;23;200.0;6981;0;0;0;0;1;54.22960725;40.08056395;160.96823;732363.4167;84.68208092;2344.0;44.73913043;41.65217391;221.826087;22.05045097;2.589440721;2.708668339;16.75234191;0.796620339;11.74325516;12.28395892;75.97278592;413.2250061;487.1911011;413.2250061;18.77966102;26.77966102;10.23728814;16.08662026;23.35653519;9.822119103;;;;;;;;;;85.65688671;83.82067495;87.3884586;66.2723749;83.14295089;0.0;
97;9796;Vaupés;Carurú;97161;2021;3294;14.33920259;0.121432908;52.48937462;28;200.0;6981;0;0;0;0;1;54.6961326;38.83188635;140.4875149;905965.75;63.20582878;2082.0;41.44444275;40.0;205.4444427;25.86501555;4.376660349;2.719562174;18.76879303;0.785216016;16.92115878;10.51444244;72.56439878;413.2250061;487.1911011;413.2250061;25.56306306;24.88738739;9.515765766;22.52964427;20.28985507;7.114624506;;;;;;;;;;75.88608877;73.69941884;77.7418624;75.770269;77.72708167;0.0;
97;9796;Vaupés;Pacoa (ANM);97511;2011;3239;0.102912422;;100.0;44;200.0;13910;0;0;0;0;1;100.0;38.03418803;205.1300578;625781.0417;0.061747453;2.0;;;;9.921107523;0.154256043;1.039486951;8.727364529;0.30630156;1.55482684;10.47752934;87.96764382;502.1164246;574.1247559;502.1164246;16.14014934;25.10051694;4.307869041;16.42189586;22.29639519;5.140186916;;;;;;;;;;74.41624879;71.9277563;76.8169738;56.5521284;81.82473226;;
97;9796;Vaupés;Pacoa (ANM);97511;2016;3827;0.176378364;0.026130128;100.0;49;200.0;13910;0;0;0;0;1;100.0;39.32178932;215.7260621;786917.125;0.026130128;1.0;42.31818182;38.81818182;220.3636364;14.48999324;0.129381856;1.706456455;12.65415493;0.378625379;0.892904872;11.77679262;87.33030251;502.1164246;574.1247559;502.1164246;18.66336634;21.58415842;5.247524752;16.60210293;18.81571666;6.806862203;;;;;;;;;;42.28294035;39.49847554;45.1089088;32.7141341;74.11457642;;
97;9796;Vaupés;Pacoa (ANM);97511;2021;4460;2.830717489;0.022421525;100.0;54;200.0;13910;0;0;0;0;1;100.0;38.52813853;162.6220363;905965.75;3.99103139;178.0;36.47618866;33.0;175.3333282;15.36255329;0.108604033;1.538602401;13.71534686;0.344451868;0.706939991;10.01527788;89.27778213;502.1164246;574.1247559;502.1164246;24.83912484;22.26512227;4.933504934;22.96852983;19.96242367;6.810709253;;;;;;;;;;55.19021003;52.43975356;57.4929768;55.105977;76.11189978;;
97;9796;Vaupés;Taraira;97666;2011;1786;1.55841732;;56.71892497;19;100.0;6619;0;0;0;0;1;54.46584939;37.7408056;178.7104623;839470.125;57.22284434;1022.0;38.0;41.625;204.375;7.043889249;0.032653581;0.74511956;6.266116109;0.394394695;0.463573173;10.5782407;88.95818612;662.0797729;737.3981323;662.0797729;14.2;29.4;7.1;14.63104326;26.59033079;5.216284987;;;;;;;;;;93.86420044;92.50635017;95.1327442;71.3314686;87.42265275;;
97;9796;Vaupés;Taraira;97666;2016;2084;3.067018554;;57.91746641;24;100.0;6619;0;0;0;0;1;59.28426739;41.32343011;153.5852713;910440.7917;57.62955854;1201.0;45.23333333;40.43333333;220.3333333;20.53125427;7.895788264;2.437160469;10.19830554;0.985184946;38.4574082;11.87048992;49.67210187;662.0797729;737.3981323;662.0797729;17.90352505;26.62337662;8.070500928;17.29622266;27.63419483;6.361829026;;;;;;;;;;73.15447663;70.50609408;75.7161916;56.5993125;;;
97;9796;Vaupés;Taraira;97666;2021;2426;8.680269305;;58.16158285;29;100.0;6619;0;0;0;0;1;61.79295624;40.82177161;135.1055512;905965.75;54.98763397;1334.0;47.2857132;40.04761887;210.6190491;21.73951615;6.251530395;2.186803688;13.30118207;0.896105365;28.75652959;10.05911849;61.18435192;662.0797729;737.3981323;662.0797729;23.63782051;24.91987179;7.532051282;24.44821732;24.53310696;5.687606112;;;;;;;;;;72.992976;70.6678351;75.1986616;72.8815718;;;
97;9796;Vaupés;Papunahua (ANM);97777;2011;588;0.170068027;;100.0;34;200.0;5435;0;0;0;0;1;100.0;35.15625;253.6363636;535600.0;0.170068027;1.0;;;;1.814624734;0.02694639;0.190361281;1.597317064;0.308609649;1.48495662;10.4903938;88.02464958;425.2107239;507.5819702;425.2107239;13.19018405;21.16564417;8.588957055;13.74045802;19.84732824;8.015267176;;;;;;;;;;74.83497145;71.82825801;77.5440076;56.8703339;81.47301114;3.0;LH
97;9796;Vaupés;Papunahua (ANM);97777;2016;715;0.13986014;;100.0;39;200.0;5435;0;0;0;0;1;100.0;34.8540146;178.2477341;683816.875;0.13986014;1.0;;;;2.343852046;0.018622307;0.276304622;2.048925117;0.327811475;0.794517178;11.78848393;87.41699889;425.2107239;507.5819702;425.2107239;16.62468514;25.69269521;7.304785894;15.72327044;24.52830189;10.06289308;;;;;;;;;;51.62799133;48.54100314;53.9737425;39.9443609;;0.0;
97;9796;Vaupés;Papunahua (ANM);97777;2021;769;5.309926311;0.130039012;100.0;44;200.0;5435;0;0;0;0;1;100.0;33.90092879;144.556962;905965.75;6.371911573;49.0;;;;2.69051235;0.019062356;0.269458047;2.401991948;0.349871567;0.708502807;10.01512024;89.27637695;425.2107239;507.5819702;425.2107239;21.80974478;26.45011601;7.424593968;19.82248521;24.55621302;10.94674556;;;;;;;;;;60.04845582;57.78781854;62.5676132;59.956808;74.59377947;0.0;
97;9796;Vaupés;Yavaraté (ANM);97889;2011;886;0.112866817;;100.0;97;100.0;4735;0;0;0;0;1;100.0;38.59375;249.8470948;1055036.429;;;36.2;34.66666667;192.6;2.636452628;0.038948581;0.276563503;2.320940543;0.297568017;1.477310116;10.48998568;88.0327042;569.5097656;650.8187256;569.5097656;16.52173913;20.43478261;8.695652174;11.50234742;16.1971831;15.25821596;;;;;;;;;;;;0.0;0.0;;;
97;9796;Vaupés;Yavaraté (ANM);97889;2016;1018;0.27832351;;100.0;102;100.0;4735;0;0;0;0;1;100.0;41.91082803;221.2713936;1145487.083;;;42.22222222;38.77777778;212.3333333;3.505831638;0.04908453;0.413344736;3.043402372;0.344384247;1.400082362;11.79020498;86.80971266;569.5097656;650.8187256;569.5097656;22.70992366;19.65648855;4.198473282;17.00404858;15.18218623;10.72874494;;;;;;;;;;;;0.0;0.0;;;
97;9796;Vaupés;Yavaraté (ANM);97889;2021;1128;2.009456265;0.088652482;100.0;107;100.0;4735;0;0;0;0;1;100.0;40.56902002;176.9825919;1527141.542;2.304964539;26.0;39.30769348;37.23077011;189.615387;3.779990559;0.044960062;0.378555108;3.356475388;0.335105546;1.189422595;10.01471042;88.79586698;569.5097656;650.8187256;569.5097656;29.28082192;18.32191781;4.623287671;23.89705882;15.07352941;8.639705882;;;;;;;;;;52.63369432;50.00024448;55.0381998;52.5533631;77.07302848;;
99;9997;Vichada;Puerto Carreño;99001;2011;19914;8.333333333;;27.71417094;58;51.0;12409;0;0;0;1;0;32.74518643;43.33827033;94.14403393;736620.3333;77.96525058;15526.0;42.90697674;42.59534884;208.6093023;102.4040397;26.07658228;9.142934109;67.18452329;0.514231393;25.46440781;8.92829437;65.60729782;516.201416;673.7584839;545.1987915;19.37064255;37.22442058;8.601846618;18.46236559;38.32258065;7.408602151;;;;;;;;;;95.4484871;94.37421368;96.4625403;72.5354366;82.62240443;;
99;9997;Vichada;Puerto Carreño;99001;2016;20553;12.34045314;0.715224055;28.07862599;63;51.0;12409;0;0;0;1;0;33.53822283;43.37888644;84.14328086;714365.0833;69.7027198;14326.0;49.2705314;46.99516908;241.9033816;118.5349091;8.178429295;12.45028806;97.90619172;0.576728016;6.899595536;10.50347797;82.59692649;516.201416;673.7584839;545.1987915;19.64844469;38.53303884;9.92085404;18.58160421;39.5994632;9.538556829;4119.0;13197.0;1097.0;3386.0;1746.0;4986.0;62.82932;67.91015;;79.29150086;77.13202676;81.5591966;61.3475025;72.69228279;;
99;9997;Vichada;La Primavera;99524;2011;9303;2.558314522;;45.25421907;24;100.0;20141;0;0;0;1;0;48.75507442;41.81326116;104.8113723;757868.0833;104.5361711;9725.0;44.28888889;43.77777778;213.9222222;61.75985543;25.78855032;5.051877896;30.91942721;0.663870315;41.75617015;8.179873254;50.06395659;408.0261841;558.2740479;475.8132629;18.33199033;35.31426269;9.286865431;18.27610048;35.86079742;7.789813321;;;;;;;;;;98.71232963;98.15276338;99.1759883;75.0157718;91.29563153;1.0;HH
99;9997;Vichada;La Primavera;99524;2016;9863;5.044104228;0.050694515;44.93561797;29;100.0;20141;0;0;0;1;0;48.84414616;41.89659458;99.04233871;905928.75;77.21788502;7616.0;50.77358491;49.73584906;250.3207547;86.34307252;34.06593696;8.338932733;43.93820283;0.875424034;39.45416345;9.657905945;50.88793061;408.0261841;558.2740479;475.8132629;20.48789785;34.32437583;9.357728226;19.19410745;36.20017331;8.25389948;;;;;;;;;;83.34502188;81.48012404;85.2504305;64.4836948;83.08313755;0.0;
99;9997;Vichada;La Primavera;99524;2021;10556;16.51746242;0.14209928;37.70367563;34;100.0;20141;0;0;0;1;0;42.89456451;43.04736957;80.68115091;905965.75;74.30845017;7844.0;49.03225708;47.04032135;230.5725861;205.87702;136.5688333;17.0268485;52.28133822;1.950331755;66.33515158;8.270397785;25.39445063;408.0261841;558.2740479;475.8132629;20.07233273;37.52260398;12.67631103;19.1603661;39.2160764;11.26144051;;;;;;;;;;75.97177261;74.07479952;78.0544634;75.8558221;78.3164543;0.0;
99;9997;Vichada;Santa Rosalía;99624;2011;3657;2.388114119;;41.31802024;18;125.0;2018;0;0;0;1;0;45.13435004;43.35511983;116.344294;837074.7917;83.18293683;3042.0;41.92307692;41.69230769;209.5384615;26.95242858;12.83757328;2.241397398;11.87345789;0.737009258;47.63048809;8.316124062;44.05338785;265.0772705;394.5273438;326.5862122;17.08203531;35.46209761;6.957424714;17.96649336;33.62218371;7.798960139;;;;;;;;;;94.79246884;93.67354789;95.7937708;72.0369;90.76240598;1.0;HH
99;9997;Vichada;Santa Rosalía;99624;2016;3942;7.910536107;0.202942669;41.62861492;23;125.0;2018;0;0;0;1;0;45.92895316;42.75385099;97.56609316;774098.5417;59.46220193;2344.0;50.75;49.0;250.625;37.16469744;16.41138788;3.654257499;17.09905206;0.94278786;44.15854027;9.832603925;46.00885581;265.0772705;394.5273438;326.5862122;19.26249393;37.70014556;8.005822416;19.13875598;33.97129187;9.090909091;;;;;;;;;;76.70073737;74.50160877;78.8096373;59.3430396;74.57849868;0.0;
99;9997;Vichada;Santa Rosalía;99624;2021;4367;41.50828181;0.366384245;36.77581864;28;125.0;2018;0;0;0;1;0;41.80459156;43.72664175;81.28342246;905973.8333;60.24730937;2631.0;46.70000076;45.20000076;220.6999969;103.3305717;67.57830882;8.608744828;27.14351808;2.366168347;65.40011121;8.331266037;26.26862276;265.0772705;394.5273438;326.5862122;18.45607808;40.81632653;11.18012422;19.11973497;36.72503549;12.06814955;;;;;;;;;;58.38836647;55.92693118;60.8306931;58.2992523;76.16409975;0.0;
99;9997;Vichada;Cumaribo;99773;2011;58728;1.070897471;;95.5506743;15;161.0;65674;0;0;0;1;0;96.02761243;36.23511905;144.814434;838172.3333;69.91384008;41059.0;38.90277778;42.23611111;202.9027778;200.1057207;68.39809619;18.98354589;112.7240786;0.340733076;34.18097991;9.486758213;56.33226188;448.8548584;593.609314;519.1452026;17.68605846;30.38565692;6.928751517;18.81132288;28.32600278;5.405811812;;;;;;;;;;95.60694496;94.4427439;96.6163254;72.6558556;90.17450724;1.0;HH
99;9997;Vichada;Cumaribo;99773;2016;68305;16.58931752;0.019032282;95.87585096;20;161.0;65674;0;0;0;1;0;96.47880215;36.45020188;131.2687749;685695.3333;65.76824537;44923.0;43.78985507;41.86231884;220.3550725;316.8778721;140.4487529;34.28249663;142.1466226;0.463916071;44.32267611;10.81883579;44.85848811;448.8548584;593.609314;519.1452026;20.22081762;29.78596425;7.753031495;20.13230711;28.5637046;6.297309331;;;;;;;;;;76.75135069;74.23477875;78.8583953;59.3821989;74.66209193;0.0;
99;9997;Vichada;Cumaribo;99773;2021;81958;26.6441348;0.026843017;95.82713097;25;161.0;65674;0;0;0;1;0;96.55105298;36.46048244;110.571762;905965.75;46.67024574;38250.0;42.8755188;39.9709549;199.7759399;311.8988872;68.35156935;29.47815275;214.0691651;0.380559417;21.91465636;9.451188817;68.63415482;448.8548584;593.609314;519.1452026;21.69506395;31.52560373;9.087131182;21.54538868;30.52220267;7.602732636;;;;;;;;;;63.3163015;60.87561184;65.5662916;63.2196662;73.41581731;0.0;
